10000
4899 6315
9397 7968
4090 5100
522 6281
414 5130
7682 7785
6666 615
2475 6950
2860 5413
381 3033
6629 3719
8083 5597
3415 7941
6064 7974
2449 4142
5886 8620
6146 3365
2588 4410
838 6451
3443 2362
2452 7735
2238 4603
3038 4794
4159 4733
7333 2782
3649 158
1737 5515
4984 563
7304 6822
6120 9129
9297 4889
8292 6748
6895 9004
6094 2691
9010 7850
3150 1172
5602 5008
5355 3880
5712 9772
4755 7267
2137 2065
8734 5847
295 7258
7310 2939
2069 8380
7540 714
311 8619
2460 7729
86 6955
26 5020
275 9083
7567 806
3219 9308
5059 7917
7012 5076
2896 6077
721 1076
6188 2282
632 6101
121 6953
4239 9800
3211 3061
6130 1221
4314 3921
8717 8188
977 9621
4829 2433
4966 847
7327 8242
9981 3859
1629 89
7952 5967
7828 5675
1008 4421
798 9469
7674 6568
4054 2283
7486 5261
20 4370
8216 345
612 1249
1237 2619
6018 3822
9326 9084
4506 7483
6517 2495
6245 2426
3795 8820
849 8126
5696 2193
1991 7683
4274 8509
7752 5932
7335 1899
862 9171
3547 2727
9323 7878
9135 5656
7166 5599
9808 4289
3429 9762
4604 8703
2174 885
6371 6129
1482 7115
7358 7980
5322 3706
6257 5681
7495 9994
9231 2150
9661 3350
3581 6788
1786 1979
3298 5329
133 7041
5598 9874
3348 3246
3624 172
9864 5993
2544 8038
2464 8004
1342 7461
1931 853
5931 781
151 3240
8586 4172
7425 9869
7391 8389
208 40
9229 3094
6679 1633
1457 7656
4545 1275
9818 6249
7730 2586
4235 4507
202 4865
6600 1469
1293 63
7248 2825
8659 4160
8566 7939
2700 8494
6545 9275
4047 8183
3378 6384
51 5408
1805 7789
7015 1218
8548 8216
781 2425
2527 3758
220 7900
2537 8037
6089 2579
1468 3676
2790 1370
9332 4871
3306 8160
396 8981
6687 3177
8142 2127
1292 2718
8344 6597
1307 3533
9735 757
4775 7034
9650 3423
4619 2683
7078 7384
4846 9885
4598 3910
9537 3926
473 2915
6301 617
4372 711
3090 6051
5212 801
7470 2095
7918 4427
4852 4826
6209 1514
1014 9027
982 3351
2326 8509
7256 5151
1976 5899
8883 6023
5545 2720
7003 2581
7784 6529
3406 5223
9025 646
1679 7862
8097 4046
6331 5617
6107 6446
999 812
6096 389
9687 2067
2990 4425
9982 6263
989 2092
406 2461
8477 52
7196 8686
2565 8218
8535 3114
8756 2733
307 6103
5651 4205
3168 3889
9580 5006
7183 2697
2501 7802
4116 5378
5022 7711
4902 8642
9278 1811
4926 6385
131 3715
6278 1913
354 7320
7380 4378
7766 3925
4092 5121
8195 2025
6575 8545
2290 7998
9735 9621
1965 6704
4232 3553
8928 7752
7922 9071
6875 3085
4009 3117
4477 8882
3868 9550
81 718
1096 4553
7257 2559
2070 8086
3304 4220
2161 9711
752 4114
4714 2529
4799 6776
2388 5331
6392 455
7811 3448
4555 9612
9353 6688
8496 6250
5114 5947
231 4268
8422 7184
6697 5606
1329 1392
9343 6590
7642 325
8976 2878
5355 4421
2581 6517
8928 9752
9198 986
3242 863
2031 7913
1126 8116
8674 5430
8536 3696
1170 2068
8840 4610
3035 1842
7978 2648
350 8957
1277 4380
3419 267
1773 1702
7639 1500
3667 1556
6334 1776
6819 7711
1749 1277
2035 6528
4884 2239
8544 4083
6677 5455
6571 45
9687 7404
3443 9474
9583 6255
5772 2483
4932 3235
9910 4790
2185 7932
2307 1110
8678 7230
2887 5438
8880 4070
7670 5184
6407 4002
8982 5371
3937 6917
7103 7212
9961 1554
6202 7023
7028 5649
1464 8300
5600 7795
1898 1966
229 1014
4497 1531
5223 219
3296 9242
9107 5853
4262 3203
4913 496
9242 4417
8731 3974
2349 1619
3327 9646
1146 1226
8767 5616
6357 1720
2100 5604
9459 7651
7867 9443
8215 4036
8026 1554
3875 3476
8343 7187
4668 2593
9248 8287
2014 7619
7650 4246
8542 583
1540 9374
2504 1767
2553 5883
175 494
1763 2523
4835 5808
8457 3136
5895 674
7795 191
4492 5431
382 8911
9280 9109
1626 2207
6108 9215
8379 7343
9113 47
5218 786
4234 4454
903 6164
1641 5780
6630 3314
1295 3920
4504 2632
6604 4569
6992 969
686 3736
2534 2588
1196 3866
977 5629
8661 5853
5619 5944
5471 4848
5362 9433
581 8422
7605 3744
8600 3265
4278 1754
6668 7641
3798 1454
3150 3994
3685 9208
4992 9767
1694 7716
7057 6830
8432 8588
3813 4751
2917 8297
633 3030
5477 4215
6681 1546
3526 3047
1604 1061
302 8125
9289 9607
2421 3958
7231 9762
9109 3372
1952 3548
4450 3450
2363 3334
1556 9937
3075 4069
7432 8091
3589 3416
9361 8717
5038 9450
8815 4880
3385 7079
5306 2788
6310 3849
5516 7190
4069 2671
1938 2418
6177 9218
6763 7889
2096 361
2773 6167
7708 2433
7748 1656
3622 4820
9964 5575
1900 337
5429 8597
8366 8237
8838 2466
6126 1622
3589 4934
2353 3597
4028 1182
3039 4881
8790 3478
9238 9131
5891 9448
4995 8734
5305 8964
1898 3662
7366 6017
4020 1780
445 610
376 3260
242 8235
5881 397
3482 2535
4681 2815
4434 8422
6193 5725
3300 4487
6673 3229
9909 5231
3268 9444
7202 2112
70 9484
1818 3630
7402 9328
3914 1071
7755 8305
9892 1864
5636 1736
704 5976
5313 3911
5903 330
5711 1915
4125 152
3715 3085
3034 6071
8660 2392
3862 4170
6332 8692
2434 8799
8118 9521
4049 3175
2906 718
8635 5659
4859 3194
7576 558
1603 1684
9391 4935
5392 6205
6516 4810
2854 3189
6508 460
930 4690
8437 562
4591 4836
7445 7107
4051 7838
6539 9617
5547 5968
7203 5722
6053 9861
9843 4164
9612 8142
6758 1681
8255 7013
2719 9276
2544 1998
743 7792
7525 107
9306 6403
8639 4180
1896 2858
1387 2116
7941 5134
1800 1810
2856 7375
8468 8539
547 5693
3402 4078
3204 6534
4279 457
5634 7129
5579 8758
1346 1156
336 9398
1052 8979
2810 7703
6064 6103
1118 2244
9197 8341
4941 4859
2628 4371
5287 6610
3651 8952
4378 8606
2619 6079
7295 6252
1838 6638
2709 1035
1167 7582
2070 6090
5933 9941
5206 5257
9263 7108
4150 2566
250 3173
8521 4747
1589 9874
1759 3384
3898 2108
8235 3909
4027 7319
4207 9536
3442 5003
1932 6429
8102 3383
5516 8830
3714 8830
1971 7317
8376 837
1100 634
5740 294
7362 5168
5269 413
7692 4477
8098 6097
7999 2778
6387 8835
1031 3515
7141 46
7423 9494
3247 38
1409 7772
6446 4518
8269 3079
2995 3800
3319 7323
3828 7924
8309 4667
6908 7411
7350 2856
1523 5919
3686 2172
1048 7735
5623 4913
8773 102
5136 2800
9346 7865
3402 1117
208 6873
5137 7235
9726 8209
9812 8188
8539 3808
176 7399
1791 9100
3369 6877
67 4464
2487 2059
3432 570
5585 2321
8969 4065
7954 6325
3707 1895
6825 6108
9898 1228
7658 4951
4262 2346
102 4410
8349 5003
6881 9715
7169 5838
8596 221
9904 2523
4390 30
3 9255
2381 6457
8157 6155
3391 1188
2047 5478
8350 6494
8134 3655
8166 3460
9003 1117
4895 1976
1808 8986
8111 5749
6419 9639
358 7751
111 82
4602 8403
841 4791
7943 5985
3331 8598
7921 4711
5507 7841
3183 5504
4683 6711
4234 3481
1196 8257
5984 9791
8979 3911
906 5064
5369 3679
4759 2678
9327 5355
5388 1097
2000 4580
6480 4731
3043 3481
3682 5870
3000 9108
6766 6600
4537 5638
9683 3062
2462 5825
9874 8574
9338 9933
930 560
7154 9921
7418 1537
6778 7524
4204 3029
9490 4634
8446 2036
5159 3918
1246 4049
847 6774
1404 9211
7676 251
3061 4249
8310 2503
5349 2874
8437 9749
9109 7866
4361 8863
8127 961
5980 909
1971 9743
7777 9170
7563 4683
2466 9799
289 211
9165 4986
8952 1562
2846 9186
7702 5439
1564 876
3079 6457
58 8430
3143 390
8061 2209
2583 8484
8681 8397
1245 338
181 680
4762 2331
9524 247
9607 1386
2806 7485
7676 8446
112 6816
6330 3067
2664 986
431 3617
7242 4441
5286 2096
2528 3833
8924 5615
4284 5512
5335 2777
2638 1188
5543 2204
823 9490
9896 3122
9926 5556
3485 6962
7097 7754
8994 1565
9095 2566
3953 129
8337 3651
8848 9812
9236 7021
6028 1289
3576 9036
9418 1434
7540 5432
4681 2302
6777 2534
872 5104
7241 3882
5610 8740
3193 4214
1912 1905
4628 7005
7338 2556
6007 5814
7491 5469
4914 3582
1429 6334
164 3923
114 6176
8389 2437
7823 5542
8558 92
1963 5891
4130 8406
305 1585
7703 6363
8274 1657
412 3333
4802 5011
237 8544
491 4255
249 4474
1626 6480
1068 7450
6341 305
7869 1347
6390 8499
6258 9480
9768 7059
3925 1388
1156 4539
6057 8951
1629 6576
255 3062
2265 1052
2044 6590
280 2986
3106 3351
8059 8067
1612 5531
8164 7104
113 1514
2928 3079
3578 6898
8947 9200
4515 8193
2217 3190
7292 5684
1988 763
4616 5386
1156 2882
4990 1561
5566 6300
5858 4550
8980 1035
4393 8368
547 1165
2189 1920
1975 7395
8898 7333
1920 3620
4790 3920
5426 59
4194 2898
9245 1439
5308 5030
389 1885
6561 4172
9860 1698
5878 9118
8925 5473
9827 6125
5313 8663
1794 4537
8459 996
2893 5987
2422 9281
2801 4032
7357 2373
7067 8487
5641 8579
7334 4119
7988 330
5046 6590
6640 7692
3300 8816
8689 1734
6932 8859
4234 5134
4157 3077
4187 1020
8532 9101
2368 5384
9574 3043
9037 3934
5560 6418
3720 4354
6790 6568
3657 7958
2572 8413
3154 5644
4342 2629
5013 1243
2772 118
1249 1789
4389 6135
8101 9450
5946 1882
3633 288
7450 2475
9626 3153
177 9918
3363 1607
3759 608
9866 2439
7271 9273
6860 2492
1568 776
9724 9740
1245 4529
3374 9488
5729 2963
8342 91
1340 7599
4831 9442
9353 6784
1637 1719
5158 8004
9931 3791
9980 8218
9860 1537
4995 8860
4585 5377
5827 2190
1546 6525
6666 4304
6367 5583
193 9914
1569 8290
5547 1081
9325 9358
2402 5346
5347 287
2598 4423
2773 1928
7775 3029
2408 6401
5323 9741
9789 5722
4098 5941
8051 5543
5535 5086
7647 5722
6807 5951
3903 1670
5313 991
6611 2032
3614 4210
9893 5412
2084 5845
6383 6515
5773 9710
977 1282
9959 4915
5548 1396
554 2553
2185 9815
9448 8742
4818 9634
7713 4696
4644 4755
6786 5704
4362 6548
187 1371
2753 4298
1286 219
8233 2011
5343 7810
3093 1053
3622 4639
8130 9984
4112 539
4877 9008
4643 693
6789 6379
6268 8788
6609 1007
9960 4049
3943 8280
9178 7758
4414 4644
7017 2831
1417 4699
6793 4224
4346 7084
962 2293
2465 9105
2788 4383
8133 1019
4633 6329
9596 4533
3063 871
3533 9993
4802 1714
2822 4442
5244 1981
9075 4615
4555 9395
9336 5225
4013 6510
9836 9824
306 6493
7211 4390
440 8054
4390 5656
4258 3915
3576 3793
4770 3276
8322 8493
438 1161
5567 9245
6127 9333
2122 8879
1355 1234
9951 819
6917 2856
4680 9291
3171 1357
5028 2288
397 7387
1471 7570
5743 1216
9154 5132
8400 5845
8869 6673
984 9191
6306 5444
4027 7057
4233 3645
8716 4236
7196 2364
5489 4609
4858 3082
1143 7616
9787 2704
4459 1443
7897 4132
5200 1825
1200 422
7523 6011
7100 2337
5451 5944
9647 8610
8490 5734
6678 8224
8616 6496
3738 3168
6370 506
8422 6632
4239 8318
1893 3076
6033 3730
8630 6735
8429 1277
1805 5745
3385 9302
3993 4665
7794 165
9444 4624
2442 1333
313 4819
8911 8887
1412 6475
5337 928
4555 4080
7642 6947
2070 2763
3878 2518
9416 3803
3296 1854
8900 1162
967 2101
6930 5679
410 9308
5649 5366
1916 6486
5270 7612
6462 4402
1184 8941
7077 9483
5259 6923
3242 3345
7874 6546
8277 5693
4237 9875
8914 4106
5084 7149
988 1839
6962 5886
2897 8176
3910 2716
5246 5554
5465 5061
8547 1034
5354 4922
3671 4737
1353 7236
1355 6014
9428 6844
2578 5433
1001 2623
4551 4493
5563 3596
5229 3943
1719 6959
3789 2147
2861 9693
8755 380
8662 2898
6501 4129
153 7582
9222 5881
4154 9767
3823 5446
6778 8828
3263 390
2407 7456
1490 8477
1722 547
3257 9695
8295 3675
9526 6782
956 2138
2282 6354
5909 9849
7019 7321
3686 9969
9881 9312
7741 377
5554 5610
4884 7816
8503 7641
8816 9702
7473 7261
1987 7420
1793 6878
3763 3998
8471 9228
2180 2301
8817 7347
8351 1157
9361 9555
8551 7074
7754 1323
3700 6666
4834 9510
8606 8984
8714 1164
1104 8191
1966 2870
472 206
2098 4652
6212 9700
1645 549
5426 4488
562 4260
9935 2624
8790 2787
549 8642
6987 7736
7572 8825
3412 2338
673 7731
3915 5925
6996 9710
334 1086
5183 6773
9049 3009
8828 7541
3614 5288
7853 6003
3115 3521
6180 7514
4981 8300
1407 3709
4952 7678
2009 7726
1749 817
2488 4405
4757 1822
7488 9279
9958 8799
1715 9738
8155 6176
3565 8312
1051 7313
3203 6188
6010 7033
4879 1951
9093 2850
5022 3889
5979 1962
8946 6755
1074 468
651 1011
6904 5970
3790 9445
9368 1807
3793 5591
1049 4632
325 6828
3493 5376
1590 4130
9524 4346
9901 4475
9874 8717
1724 6393
2066 1819
5709 9558
782 7961
4545 8031
9308 4642
9015 734
3005 6025
4198 4718
5757 6529
3074 9856
122 4984
5771 17
8254 6114
3962 7354
3656 6466
3124 3105
5407 2091
641 703
5199 9894
2454 7620
7957 8467
6984 5128
7000 2928
1931 972
9474 9754
3605 3363
3740 7284
9296 2629
6850 9067
9976 4311
3240 7618
9707 7341
7550 6497
5401 9342
5357 9606
7243 1568
4606 897
9918 5321
2470 3953
4041 5768
7394 3755
3341 5986
3867 8536
1401 9996
9772 660
3904 2365
4862 5936
529 5648
3013 3895
7623 5123
37 2756
4676 9017
5664 2447
4959 2749
5755 4053
4982 6252
6111 6131
8173 671
4392 3703
2401 4159
3798 3908
2894 9907
2787 3145
200 1058
1757 6714
1987 424
4264 7951
969 2530
4277 3306
1679 6591
6499 1318
7985 1305
1044 3342
8247 5973
6610 699
9192 7594
6588 5050
9738 7123
8506 1174
738 8706
5649 6307
1512 3623
2013 5750
1705 8001
7815 6209
7826 2570
2996 6202
9839 4250
412 3034
3531 820
2683 3942
6477 2688
9313 6126
2405 9993
2321 8503
2645 1745
6381 168
4041 4206
3345 4491
5881 3462
1028 5492
4232 2330
4321 2415
7193 8535
787 9516
4208 3271
3875 8991
810 9958
3484 707
6893 7203
1554 941
8815 3987
9751 1628
8781 7897
6458 9485
9392 6880
482 8013
1967 5681
89 1500
6716 9725
6047 86
7746 6558
6645 7457
9146 4569
646 7515
54 6780
9551 420
6793 5504
8203 4139
4956 8976
4809 2769
54 9146
3103 6692
7519 6615
1290 9802
9245 760
9703 6051
7619 2836
8303 4424
1600 8284
2868 7532
6471 4850
1031 4454
4957 6528
9128 7435
6656 6198
90 2227
3239 9594
3713 3944
7609 9292
5530 7575
5000 39
4768 4257
5483 1909
5600 5354
5397 6037
6928 7994
9246 6684
4213 9498
8541 202
9291 3167
7602 2108
9819 2172
2082 2230
6563 734
5746 2513
6867 8806
6690 5302
3953 2744
1916 6547
1412 7693
9808 7350
1572 1350
5889 8236
9578 3872
4398 5039
6710 1240
5659 7413
8949 8736
3692 8542
7253 1042
279 4703
5975 2823
6301 2878
1887 1901
9048 2476
463 7821
1564 6070
3270 2145
8749 157
3978 735
3395 3264
8924 2040
6536 1026
7003 9203
6716 4284
2634 773
7289 9585
7746 8944
7733 8390
4164 7701
3472 7425
3465 7012
9071 2043
3702 8927
9159 5107
7314 5171
1289 2507
2191 557
9662 3417
6589 9355
4180 262
5424 4225
2998 8962
5637 6150
6983 9433
9624 4323
6532 7543
714 5451
6863 5740
5525 9226
5249 8850
6110 4860
2136 2131
7942 8968
5426 9602
5674 2469
8589 2542
2457 750
8448 5636
4299 99
9155 910
2051 5
5014 7854
7750 8034
7068 9340
9286 4337
9439 7004
1753 5696
4468 9498
1302 4401
5341 5147
889 3258
7247 4227
2496 5119
8465 7036
3355 704
6636 7506
9413 9881
4953 5054
6788 5273
4407 2577
8904 9630
8039 4910
7764 9600
2767 4681
6809 5649
1733 6916
6175 7552
6205 8211
364 8386
9605 9390
1648 9167
3931 4605
1596 4687
4250 6527
9756 7257
8024 3781
919 1706
7728 6121
3486 5963
1035 3236
8315 131
1581 3707
5989 835
392 551
4405 8014
3 5180
5401 4776
2404 830
7889 2638
9776 8760
2604 8665
9060 8936
7103 8318
6093 7660
4817 977
4463 5310
6377 8679
2046 338
3811 3221
7355 67
9844 5572
9362 4424
9759 6232
9720 5512
2954 8183
9306 5921
5315 9538
9602 188
3653 379
1541 9189
7992 1306
1809 8452
8657 6697
8388 6912
7078 1915
6134 9629
9537 5636
81 138
5403 2464
608 7163
2190 9599
5812 2978
2508 2763
642 6710
7257 7545
4479 1259
7253 815
5381 7327
269 1439
6332 3910
4740 6335
8564 6026
4728 5710
9625 34
8762 560
2363 3369
1793 883
6872 8921
945 8250
773 7050
9018 2306
2821 1929
2107 7440
4777 3192
1625 9418
6270 2445
8233 7367
5987 1203
6108 7117
3323 9570
9067 8007
963 7648
7134 8219
5912 6013
1231 2512
8625 1669
1508 7212
6488 4582
2190 9731
1984 7367
5988 6930
6048 5153
9727 2677
5236 4075
4165 2724
1072 8586
9391 5340
7377 4834
4018 434
9164 8912
7797 9615
3172 6699
3043 8811
1772 1761
9715 1761
534 9476
4670 6245
3636 2684
6045 3720
3149 1698
1675 1316
5932 3171
9515 407
7205 4341
7596 4291
2294 1165
8145 8259
3691 6578
1413 7339
4431 3771
8986 8156
1616 4437
6897 8034
4552 4778
8250 4040
5862 2880
3944 2219
5602 6028
8416 9830
7997 6652
3964 8286
5227 2225
545 2896
2001 6999
3846 8138
4029 5461
3137 7761
3570 4131
5284 9252
1754 3086
5904 4954
8452 268
4390 8245
8279 3813
5831 1176
7067 1351
7398 5404
2648 5316
709 4873
6560 3527
4075 1366
1651 6615
7042 4896
838 9403
3334 6985
1554 506
5372 297
4519 768
5213 1464
673 9503
7587 7085
1724 583
9980 2830
2450 7916
2434 5998
4842 4434
9718 5147
2116 3945
6742 2958
3324 6630
2958 2117
8380 1635
518 4819
9004 6791
1644 4536
2100 8338
9490 437
5495 3748
821 8695
6074 3480
6084 1186
2622 7589
3366 5335
1227 5745
3477 2293
5171 4100
8525 2112
6091 2962
7150 3935
974 3774
8707 8522
6642 2354
4956 4070
4872 9463
2610 4616
8714 1745
9179 2140
6449 916
1861 1703
4134 4084
8245 3131
9876 4006
7788 220
7938 3059
8611 1465
133 9420
3831 6260
1596 6684
759 7332
4418 9949
5852 7046
9693 238
5302 7511
5382 9257
1687 1650
5008 5309
3763 3159
9587 9993
9123 9202
1859 8630
169 9050
4641 4961
8382 7642
6949 2713
1889 5817
1777 8227
3944 4915
8211 2189
4650 5297
6329 3440
9484 9428
371 71
485 396
7659 625
6766 2261
3809 9250
6075 1176
4137 5190
6789 1296
8198 9110
9832 7926
534 4472
6494 3588
1809 8772
7051 6143
8968 251
7677 7190
9363 6060
2968 6877
3934 91
870 8165
3813 7112
6008 3645
5100 7934
190 8606
4826 8122
2504 8705
2122 4187
8959 1238
748 5369
3597 1256
5855 8365
4556 3984
2274 1607
6326 5391
2954 6672
8769 9802
1500 7191
4117 3766
8024 2573
3985 8883
8107 1064
8260 5688
5451 7253
4631 5199
113 523
6634 8609
1059 8572
674 1666
7033 367
2596 4769
4773 5946
347 9500
3725 5072
2716 1735
9496 5009
1293 5393
7274 738
4769 9222
4203 405
1512 9749
2003 7397
44 2783
5227 8029
9285 8587
7607 3100
7632 3396
2534 1139
3903 2069
5233 190
1445 8180
3649 5844
8362 5235
6992 517
7096 212
1393 6912
1583 1868
9305 4808
6269 9842
7594 649
7256 6919
8889 7126
7503 5370
1253 4781
7862 4885
821 2163
3385 8558
4141 4729
8593 6810
6359 5660
8229 4176
9622 2964
6450 15
7036 5256
3071 1573
1921 4446
3372 7602
4446 843
8324 8288
1754 123
374 3284
6238 3770
3356 7373
1024 1321
9833 2557
9761 7904
8540 9226
8856 6550
9978 5290
9587 6186
4582 6592
2198 956
6605 8005
1901 2063
464 9654
4201 7856
347 3008
7046 6815
8924 5758
6851 6659
448 2536
7159 7619
4125 1482
9491 6818
1212 8064
5774 1166
9013 5067
6938 2738
7895 1589
7262 4418
2158 2380
7997 712
1911 4192
6414 2177
7203 2219
7464 8218
5638 1920
4010 262
610 3475
9769 6595
1022 6857
1903 221
9121 7081
8981 7634
5284 1504
1831 6894
9948 4518
8951 7217
5113 1071
545 9158
580 9524
4182 3276
7055 1246
7052 2776
4943 5623
6615 5255
7103 8276
4556 7248
266 3855
1234 1073
4015 6754
1178 8087
695 9441
8053 5585
2311 682
7517 1359
2381 8119
1907 4154
8936 4126
6906 9343
523 1082
150 8975
6248 2215
910 885
4093 1239
9471 7275
8227 2058
1165 8152
9069 1933
3682 2056
9094 7009
732 6473
983 2023
446 2836
5384 5783
1004 281
3113 4401
1292 9366
8539 9334
4392 5823
5119 2185
6456 488
462 3472
9299 1351
3293 5065
8746 5543
7466 4237
4334 9857
8260 5604
8018 5194
3325 2802
2973 7757
8997 4517
9896 4824
2689 1237
8108 8616
6352 7490
9812 8646
9190 8717
1448 2246
7197 3365
6940 9508
6383 2221
1674 2800
3630 9964
5647 4320
2419 8351
4435 3130
6973 3439
7245 1785
8549 6434
3935 428
5514 3233
1149 5262
5308 9892
2951 765
2012 6340
7749 8579
1090 3439
9267 6796
8211 6863
5072 2184
3057 4692
9855 627
7153 7851
7654 4369
9560 3899
5177 8538
5068 3625
4155 6294
4496 8744
4808 5121
6204 2961
127 2918
8411 4599
2189 5221
7953 8047
923 6683
4909 2854
3929 948
4170 4239
9621 6619
6581 4487
9961 7675
2452 2682
3730 913
4612 9233
7346 946
9639 4820
9314 2827
8724 5291
1745 3665
3937 9962
2533 4293
6253 6952
8447 6213
8541 5694
4739 9181
6477 8846
7734 4838
662 2461
9763 3757
2221 3437
3064 8155
9286 6763
8535 8820
4513 1662
490 1789
8950 2048
9496 7168
6173 1994
3354 925
8341 8511
2136 3258
8629 5245
704 3815
1779 1296
2660 3202
9202 7640
6905 663
942 2520
5146 5484
8182 5324
8793 9107
7199 8027
137 3841
5771 5265
8557 1431
8122 9375
3673 8890
7669 1822
927 627
2037 9464
7230 1269
6893 4843
7070 9000
3023 5862
9714 6266
552 1932
4577 3565
2916 4128
9837 6358
3986 5465
9996 1634
2764 5453
2472 5767
5314 1692
1753 7221
930 4611
5571 4405
4061 198
1921 4121
2476 5069
410 4685
7996 5621
6117 122
5023 9487
4891 139
9334 2700
3784 6159
224 985
8802 6142
9282 192
7020 6489
5728 6176
5140 7110
8863 8803
1211 3183
2865 9053
5527 1294
9003 2041
3636 4945
3036 7488
2826 6257
1797 7313
1718 8072
7432 2693
5067 3956
7360 3191
5349 8074
4793 2453
793 1197
2296 7315
3295 1983
4761 6558
755 2843
5493 7878
7945 936
2883 7902
653 1555
7024 1180
9115 9375
3342 1131
5314 5514
6695 5845
7770 4546
4192 3828
3421 7315
694 133
9231 7115
9136 2721
3525 8979
977 4847
3170 7181
3498 7039
4044 5608
9596 9844
9852 7010
9013 4329
6721 5778
5700 2794
9503 3922
9377 2505
1029 6602
8514 1409
6371 8754
4227 9711
5571 1013
81 1161
7937 8611
1233 2117
5344 4736
3704 5112
4762 4826
5937 2581
9405 9357
1284 1518
8593 1857
7592 9741
2925 2893
6749 7083
3099 4067
9601 1801
7139 5372
9446 466
7486 8187
8175 1012
6382 9640
2123 7610
9502 8865
3279 1609
3627 9814
2775 4364
5176 5756
5015 1004
3559 4308
5081 2637
8143 9804
9158 3788
5284 2938
3965 9871
4013 3027
8747 127
6800 237
5626 2763
9768 5045
2267 7739
7576 4001
7086 1863
5155 3468
3141 9773
9463 1362
392 5401
32 5631
8175 3801
2475 6717
3755 1628
9950 6818
2316 3485
3705 7689
4515 3044
3887 5505
5157 7532
9002 3130
1814 1641
6290 9688
9382 8977
8802 4795
2772 7131
579 1698
9425 3771
3647 8879
8124 4152
9479 8719
8642 6807
8556 6825
6901 5309
4587 4070
650 3109
3881 8045
6752 282
3001 999
7058 1039
5264 5168
2745 2201
5032 4260
5541 7527
9759 4770
3199 6223
9749 3126
2735 1937
5895 3314
3877 3114
8824 23
507 7283
5564 6534
4769 2869
3542 9531
9915 6387
7429 3933
7538 630
9815 8621
7777 944
4189 4133
2601 2574
5039 4951
243 5814
8717 7845
1166 94
6252 3837
4096 8244
8285 3728
2476 4126
8222 3146
3078 7545
7751 7721
2690 6600
8080 8517
4836 5802
3088 465
6673 1532
1263 5486
5942 7825
2957 5458
2503 8734
7179 4406
4265 6223
2481 9308
9513 5773
6816 3396
6842 6232
8969 3076
9615 4628
6723 1997
7267 6130
2709 8683
9030 2404
7468 7660
9097 4748
2639 9776
1356 4310
1145 926
5653 984
3426 6316
9815 1195
7691 2260
2998 7531
8936 953
8248 1073
8742 9583
9719 6248
6240 4058
4677 9736
7779 4332
6577 6067
2206 9774
7778 1200
6905 8792
9756 5246
835 9158
1393 1804
3708 772
5028 9136
8392 5897
8751 3613
7524 6902
7174 4676
4608 2976
8151 472
7328 9578
7281 4618
4284 7839
984 1747
6384 4262
6188 9135
2973 1273
5529 2946
2415 6339
8676 3374
8608 4631
9130 8426
696 2276
4574 6997
7954 4285
7422 5576
4208 1240
6092 4755
2869 9896
3892 6285
368 6095
1159 1877
9608 1567
1161 8952
5152 5081
6782 6246
6494 8680
5469 7196
793 6549
4449 7985
2269 8737
3997 7023
9056 9692
4639 1907
3413 2205
4692 4330
8871 3699
3039 6674
7201 4987
770 2095
6704 2534
9668 5703
2546 2669
1005 9240
2809 9814
6105 1597
3997 1220
1237 5754
1202 2017
7786 2947
6025 5226
1472 6523
3634 1817
4008 9412
4787 5445
1388 9762
4133 3032
2148 5476
6408 3879
7170 2959
308 8453
5522 8711
8883 6164
3121 2241
1321 1324
7083 2979
8533 6325
8193 6943
9622 4080
1639 5828
966 8701
8409 2640
8668 7000
6693 4770
7964 3983
3910 9460
9208 6662
5379 4022
4647 5373
1659 5524
4008 9618
650 4666
1427 905
6855 8049
7684 9033
3779 5352
3892 6897
2639 2190
8909 1554
9088 9525
8933 5587
8305 9920
7856 4927
4637 9954
5201 7286
884 7533
1196 6896
214 3918
1990 5936
3299 9423
7136 2501
402 8491
6258 9318
1232 8646
8110 6174
7920 1578
8755 1509
9723 6352
285 8957
3179 5085
2932 1884
7863 9503
3909 5475
7772 6815
2376 4145
7080 8659
6560 419
1403 3326
6406 4613
9216 8516
1317 5161
4855 8678
9045 5929
2099 5218
3179 2363
5788 6668
7935 4983
599 4709
413 1494
1825 8194
544 1641
7290 2032
7140 9135
2006 5132
2457 5322
9426 4158
167 2120
7665 6109
8921 5453
7453 6734
7304 1566
6716 9691
748 2780
7236 1183
1348 9907
5116 5062
7378 9511
7692 5451
7561 9399
6236 1106
1183 10000
4511 8700
8611 5003
8540 6155
3060 1367
59 6378
485 1931
4758 7823
858 7688
9615 4121
3391 6228
2195 1287
2120 4301
4812 3583
6516 1297
4239 9438
5560 2197
5349 1393
1017 3917
255 7238
9670 2593
1206 5219
4801 5749
1544 3114
1733 1463
8876 8803
6542 8926
9723 5263
8481 7724
1243 6288
2578 2523
3853 904
4695 9028
3779 353
5520 6836
9819 6220
9158 3185
4487 4105
8604 2161
8248 5085
7240 3013
2004 3199
3376 3078
7817 4281
2720 2947
5488 2952
3772 8192
8219 7059
4985 7455
8940 5741
6977 3463
4234 4564
9919 4264
9578 4765
6211 8300
2932 5420
2105 6078
7360 2102
7433 2804
2683 5224
2272 3391
485 4435
149 3200
6929 8020
7722 4138
5556 7605
5972 5118
9790 7665
3337 4197
660 9577
9663 8527
1062 1526
2982 669
9825 4314
4128 8676
5809 3983
2471 8618
2818 4253
5160 2434
4323 4426
4935 8518
3828 3699
2500 1795
6240 338
2324 9202
5441 2602
1093 8414
695 2961
5190 8035
7294 4685
8004 5622
4845 5274
2629 3473
2251 4578
7413 3395
4544 7384
6112 8072
3294 822
9694 3089
3352 4141
8514 2740
892 1541
3012 364
5577 2559
3752 484
831 2951
8082 6545
6944 6024
2543 124
9688 5190
773 8101
7048 7427
5878 3029
7138 6057
5284 2489
9288 5340
469 6074
4585 9697
1865 6082
5076 4820
4567 6825
2728 1204
96 6381
2192 7454
8929 4672
4544 9245
4369 9417
885 7324
4555 9385
1297 2556
6625 9631
4255 7363
7191 6094
3055 3936
4338 463
6946 5060
9002 1922
131 9184
4519 4389
4325 5594
1256 3361
2793 1324
6056 9225
7865 3720
3594 8390
2586 8183
3467 9054
1931 2948
1078 6358
7329 8028
6129 9242
98 4592
1686 5492
450 2529
4812 7609
4658 3247
7545 3610
4497 937
3394 6783
4802 9581
3244 9095
8102 3745
2715 3388
3518 1847
3472 2167
2307 804
6765 5486
6721 6191
7229 9111
7629 6843
6331 7540
7086 1690
2465 6710
7016 6609
1676 7282
2407 2824
3675 3837
3410 8531
254 7490
5678 5456
721 4546
535 9982
6243 9828
4921 7172
8085 7928
9791 8166
9475 5727
7 6982
5583 9599
7506 2211
6686 8178
897 1122
7609 1807
6211 9113
5704 7672
4529 7844
1192 6883
4171 1343
6770 8483
4103 8057
4522 9355
1593 6165
9033 2533
9385 9789
816 1996
8224 7051
6651 292
8375 1822
8984 7690
7391 5960
9530 6373
1335 7072
8114 8981
2151 4453
7819 9222
528 202
4776 7222
7747 2510
5946 3928
8847 1225
9770 8049
3266 5403
7480 6550
6868 9704
9035 6252
208 8615
532 6309
2452 3044
1593 456
7165 6509
704 8595
1207 99
7834 3906
9564 2858
8088 9359
6473 1294
3245 5573
555 4455
8380 3129
9622 1947
1873 5856
8556 8382
5725 3242
7912 7359
4189 8145
489 871
3641 8362
6814 6816
9720 6630
2938 7440
5877 7730
4070 5740
83 8509
30 1531
2889 812
504 9610
2868 3437
604 4528
31 3588
7311 3287
8637 3796
4252 3699
9037 7751
7463 9516
9211 9390
9867 3566
9129 8566
9755 8328
9089 4650
3516 6804
813 2837
8707 9222
3091 966
1450 7970
6649 4581
4700 9128
4346 3269
859 1189
4133 253
9777 5916
1539 4620
1319 9823
8701 5173
7663 5999
5313 2480
1360 1274
498 5375
7908 9367
2425 9623
6569 3470
2379 5091
4563 1273
4178 1400
1892 5676
7669 8858
8589 621
3523 526
8220 7937
5339 2663
7786 2556
2410 9731
3574 8568
6574 6655
8689 2185
1037 9656
124 3140
9208 4368
9240 6490
9199 4034
9929 1692
8696 5887
1803 2021
7142 3106
4152 5168
2530 7045
7483 8700
9549 2302
3227 3219
9279 4763
334 8463
571 5682
6514 8186
4083 4370
185 7387
8432 9387
8975 5450
3936 5004
6678 4649
7256 5140
4788 5325
6589 8495
777 3177
6450 7864
3679 8775
5777 6228
128 2307
3800 121
5846 3104
8598 5068
8334 5812
7668 5560
7372 2356
445 722
3673 1566
3144 279
4039 2981
3597 8890
8446 772
2022 7685
3576 1815
7593 1306
3814 72
1935 162
7430 7708
6408 2716
7676 2389
7246 9394
309 6098
1360 9
3785 5413
4341 1384
5218 9993
5033 5894
8934 7602
5102 3988
4884 1250
3386 2174
3417 2162
8770 5288
6246 2197
1649 8762
6018 9386
8265 246
2042 5869
5699 2081
6835 6306
3917 1103
1862 5861
9444 5566
7557 4458
7562 4058
6001 586
6271 1880
5951 8379
5428 990
4272 7940
9913 3651
2132 8503
918 6826
6341 2065
6413 2346
8680 7499
2070 4253
3025 8222
8848 1951
8056 5646
6117 6180
5727 4104
3686 7359
3882 6439
9947 6844
328 2138
5426 7372
9017 4368
2815 6721
851 9783
8105 1080
9098 4374
9507 761
9811 5941
9480 826
1805 9686
3518 9127
2313 3699
5221 3
1509 1094
9808 439
811 6976
9307 5960
2287 3721
1302 9316
2603 3436
1983 6873
6999 6628
643 7557
4270 9424
7566 8006
4518 3037
8443 4684
4865 8957
2294 7322
3140 9063
1315 9224
7277 6641
4686 1060
8167 6972
3217 6489
3326 2108
5661 2533
9360 4513
4431 3367
8863 8134
8580 7118
982 9577
9842 1877
6434 7688
6722 1806
4366 3632
7671 8637
6612 1531
4649 9438
8252 3061
6978 4570
1865 7322
9726 4602
7731 7727
5867 4492
9681 2777
6476 2410
7052 8684
8926 4852
1729 7440
5621 915
5320 832
6073 4121
3475 9490
5188 7640
5175 4990
3649 3151
2382 6105
3300 3929
7432 8913
8456 3515
9534 6562
2553 42
141 6502
2185 5759
9322 5919
76 7785
8559 4669
7194 8109
690 6958
5239 852
5310 3694
2028 7504
7625 7904
8361 4191
807 542
6342 4252
885 4967
128 7591
1931 1120
8487 1145
6775 2161
6080 8298
1894 4700
9497 4821
4217 7802
4946 4424
7463 6052
6130 5707
3866 7987
4655 435
2167 1107
7749 5515
9399 8980
6812 3476
2613 8378
3442 6661
5368 8163
7698 9266
3016 1567
9630 235
584 1230
2949 2006
1974 7127
4648 5129
3674 429
7861 4781
3026 4817
3453 3551
2254 5721
7107 6313
8305 1559
6828 8629
2902 7948
5493 1673
1108 273
1944 2714
7262 2040
1683 9185
3706 963
5414 9910
9838 3906
3579 2204
4933 7182
8272 4017
872 8572
406 7484
8566 5581
2755 289
8650 3012
5615 120
3199 9469
5843 6051
118 699
4017 5228
7349 2424
6889 1783
5086 1077
8512 6498
9310 8267
1903 4922
5286 7344
9564 1471
8910 2249
3168 6610
2107 2487
9957 4738
8733 1149
4165 3931
2741 5864
4658 7715
1977 4375
3879 8044
2791 2079
7085 4212
8525 4022
6315 2008
7057 5290
3357 4497
5008 7627
5199 2878
2740 531
6041 6507
3902 7862
3904 5995
4843 6941
3560 3812
2134 2168
5150 4784
1079 2043
481 137
5282 5713
5551 5074
4458 2489
9222 5346
4795 6911
9859 4139
723 9679
6483 9287
4045 6980
6435 4677
8583 7819
9115 8554
9358 2874
4705 8978
5612 2793
2099 4032
8435 2538
6728 7592
2829 842
3192 9729
4107 6060
9502 7230
9398 735
4595 204
741 3639
8657 205
629 4797
8301 3852
7297 6862
9680 9818
4153 5226
3788 4801
8680 6227
844 8295
7682 9478
3773 6677
3934 2435
5209 6026
1751 795
7844 982
9273 7840
8637 433
7163 2398
5213 4511
9767 124
1313 5141
3217 5505
5691 9146
5810 2925
6748 4767
2279 3864
2388 9744
9942 4590
2119 4938
2891 2478
2036 6749
1863 7262
8257 6135
7863 8635
6732 7234
4739 1618
6976 8582
606 2054
7629 2922
9811 6897
3347 7967
7504 4870
1797 5382
799 1962
5083 7205
9412 7937
9599 7122
5619 5375
3984 1638
8810 1079
5925 8575
8272 7074
4505 2260
2792 6698
4296 6421
4057 8265
4173 9201
9071 5680
4024 395
6806 4734
7738 261
7442 7219
3503 5037
5323 7854
2005 226
8479 9729
8283 1996
8632 8320
7505 2031
9218 7034
3668 2837
6064 7836
2156 7044
95 8176
9463 3196
9935 3291
6876 6740
4691 1237
5585 6258
7362 9862
183 6281
6319 6267
8469 968
8855 5767
4493 7655
6985 5904
9587 815
5149 7614
5330 7173
4148 8362
3892 29
672 9592
7301 2730
6044 4005
920 6076
3686 2178
7148 2318
2501 9788
5621 9977
9252 5615
5332 2380
2833 9456
7090 1337
3221 9766
8499 7513
4581 9432
9264 6061
4039 2318
1751 9852
4193 4100
7398 2200
3713 5764
6651 7960
1993 4959
2205 1110
7153 6997
3912 2276
7249 5990
8037 1472
831 8977
3098 862
9843 2894
9002 2434
2684 6825
2813 6240
6478 1209
8310 341
4474 6572
4821 7984
774 9229
4165 7783
344 3726
5508 4870
6517 5393
1558 8413
9688 432
7209 416
9445 16
596 3480
2955 6981
9796 2804
9484 569
3264 6536
6897 9373
1025 2537
8824 9714
7836 7349
7331 6319
2174 770
112 2226
5417 2197
466 2548
203 5262
609 1853
6185 6936
3890 4948
9024 3000
8325 7276
4714 6145
9397 2985
9 7548
2696 1334
6517 2012
903 9449
616 2098
5347 4835
455 9253
8678 8104
756 5775
6468 5907
1136 4779
1248 8871
6379 5055
2867 7131
4469 2036
8164 4808
8557 6432
2910 5670
9602 1993
4741 3996
6509 5042
1933 3202
8411 1732
489 2976
4078 910
5454 5069
3972 7140
6044 7085
9411 6926
3873 1972
9063 5078
2307 5422
7785 6521
2744 5905
4475 4091
1012 7165
8421 2809
5326 551
9589 4235
8483 8138
4752 1149
5894 3172
2264 6430
1464 275
5714 9688
5364 2612
9504 7646
6844 2255
763 6575
9603 2598
7240 1115
8461 636
2117 3394
1472 6646
7184 5663
5338 5366
8919 4104
2714 8743
8053 8310
8341 5299
4653 6117
7380 1667
2605 7013
3670 2427
6391 4864
3662 7863
6841 4952
9203 2671
6489 142
9834 1451
7186 7722
4926 498
5016 392
5563 9125
5410 9946
4088 5191
2638 7099
774 1179
6295 2005
8822 632
3909 6647
3350 1907
8732 4344
5725 9987
4365 6830
2833 1147
2545 968
217 717
5710 6036
7923 6387
5069 3833
1773 7767
5951 8032
4788 3564
686 9166
406 3504
4025 8145
1218 7115
332 6850
1987 7518
4464 3903
7119 9532
6285 4461
6639 5673
6825 7201
6655 3288
467 2956
8910 5628
3006 4539
7223 2207
3376 5129
5319 2216
9839 3642
960 4414
6817 610
6251 6905
8157 9047
6129 562
9275 390
9816 3625
8848 3593
4242 9988
8910 8465
2852 8146
3588 6991
9932 6217
7766 1451
282 7619
8436 5116
7774 994
2427 3813
4428 5505
6445 9387
64 1794
9651 8087
2058 6167
4419 1392
7755 4324
5773 4856
610 2036
2695 9318
4556 8850
7289 32
2648 5540
8846 1997
5172 4508
1681 6555
5972 2946
8519 8570
5257 451
6761 1435
9469 8390
7254 9157
5596 8605
8786 5436
4931 2511
8285 2991
5129 6066
8332 8441
4692 9753
6453 9052
2607 950
7916 1623
8681 52
7358 7760
7350 4486
923 761
3352 2366
4714 5132
7907 6339
4535 59
2868 3243
1086 6444
3524 8826
3969 117
6970 8980
8061 4513
5518 7824
9146 9395
8972 466
6869 7735
7428 1728
6716 3237
2929 8555
7616 6808
8794 4791
2081 8096
8490 8217
5763 4502
6656 7584
9582 9593
5262 1942
6661 3836
5878 7134
7468 9350
7433 932
3494 1367
8036 4298
6375 9273
3107 7815
1909 6650
2724 9480
9327 6292
5460 7232
1023 7919
7254 7838
3196 7918
7500 1982
1567 6050
7836 9359
1718 3952
4257 8908
5328 1375
5150 163
1569 8520
3181 2108
1303 2123
1624 3762
7738 4879
216 7394
1071 1181
6362 617
4824 4135
1317 7749
6786 7321
168 7523
6314 9506
1069 825
5500 8861
6848 6099
1043 4234
3887 2804
2381 3569
9151 4602
9013 3693
3566 2523
1155 6808
9222 2781
560 3070
6457 5505
8070 6963
7510 748
1416 6581
7808 4970
9142 2536
9634 12
3144 5338
9936 2239
2639 6152
5880 5516
3618 7096
1041 1808
3824 8320
337 568
2955 1998
3141 8058
2815 3630
7347 4615
7647 9771
367 6799
8131 3209
4740 6759
9244 5368
5452 7057
9457 5677
7034 5829
5251 3143
8542 5317
9875 9328
9998 3150
8010 859
1992 5234
3951 4206
3378 1894
199 6168
3028 356
305 2736
6064 9981
1001 6995
8085 2905
619 9933
1197 4060
9124 5839
4104 7793
8411 7005
6344 8634
7583 7559
2542 3880
6970 2843
6070 5441
2918 6963
1085 5786
8129 4482
7140 8714
8366 187
4370 9509
567 6840
4470 8560
1718 6367
5319 4172
5332 1978
1111 6421
4701 541
8096 7423
5418 596
5613 6632
7048 7074
7586 4214
1589 3295
6450 4304
7658 1391
3491 9961
5903 8697
5584 9401
2633 5734
2861 3542
9749 1881
701 4522
2957 9948
3813 3631
5479 5325
7367 1723
8848 4351
2021 498
7408 8886
5500 6531
2588 1292
5748 774
4780 5858
3977 3165
4313 1988
9659 6782
8604 9138
7061 398
9046 8988
2535 8933
5987 8097
4428 252
3655 1776
6951 3742
4241 4024
1958 6615
4096 460
7233 1448
7683 3700
7673 1123
7714 6022
3093 1316
7166 2399
1694 8111
2326 497
4414 9834
6306 6071
239 7966
5454 1170
3171 9171
4438 7840
7706 7393
3880 1467
6795 6473
7033 5761
5615 371
803 6656
6571 4375
8687 9533
6043 6788
7350 5043
7177 2029
9388 8645
8049 5229
9001 5187
4924 2354
9151 3759
6399 9462
241 9209
289 8010
2951 3125
7787 5049
7665 8764
7071 2540
5155 8530
3316 2354
7372 5634
9983 3012
2308 8181
1221 5757
7510 7610
3386 5622
9736 6603
3470 3672
3091 4975
8227 2912
5591 9170
1753 2273
2919 6554
4807 2312
1309 6372
81 6271
822 4325
207 3091
8129 4830
8779 7400
5323 7265
6627 2467
5392 8909
1306 3612
1686 9259
5604 1373
5327 3609
7561 4401
1045 9910
8000 5311
7803 3722
897 7768
5560 7939
3386 1088
989 5175
3007 7593
968 4348
5877 3151
3966 5805
6518 3042
3149 8781
2489 7713
9184 8650
9666 6247
4666 4416
1194 3076
8490 7955
455 6549
8464 1950
7187 5088
3185 3337
1756 3042
3636 4093
6617 6489
4315 4095
4320 9225
3284 6827
9968 8880
7372 8508
8077 8312
8626 4033
2106 1500
7929 9887
3881 2786
4789 7941
253 6333
4701 9588
755 7225
7838 9168
2708 6279
1575 7853
7087 5960
1961 351
8600 2381
7778 367
6608 1273
4127 2689
7492 4993
1740 2278
600 3456
3912 5330
9795 7732
432 4925
5912 5022
8514 4364
3445 4486
4916 9122
8106 4098
9595 102
1777 2419
9922 3030
1247 3451
7110 9810
9242 2363
5468 2460
5581 5613
6079 3762
9897 449
1238 4085
416 6031
544 7979
880 6849
3820 6147
2715 3682
7406 9710
518 5177
4902 4071
1151 14
1333 2632
1103 9303
7631 8091
7359 4346
6542 3411
7288 3533
7991 3932
3892 1790
6330 2454
5753 7041
2729 1255
6779 1471
9954 2725
4809 1517
2924 2491
9004 5978
3076 3271
8994 6668
2673 2342
1396 3116
6699 1233
3950 9301
5312 8034
9304 4239
6056 1383
5424 1830
7787 7105
4508 1866
5142 8629
8803 272
957 1052
7376 1093
67 7928
3816 3920
7307 6465
4168 8423
5346 5429
9665 4541
1736 8881
5967 3232
2265 9291
6661 646
3962 7973
5965 2509
6297 991
9830 4442
1554 583
5245 1399
1697 3039
4296 5092
2358 2203
8765 4869
8166 5937
8129 5575
8207 5217
3775 8144
3979 3000
7934 2750
5814 1765
8471 3473
6525 4891
3386 6710
5521 3992
3414 3834
6362 9549
8417 7431
4089 3658
3750 6876
6275 7620
6571 3053
2615 9059
6250 6718
4084 973
8157 1883
1620 1239
57 7659
1094 5250
262 6758
2980 3039
5785 2022
5684 8726
1690 4243
6651 7562
9651 1515
4582 6165
829 5060
766 9534
4918 4426
9429 8725
9317 9814
553 4423
9019 1766
2529 5709
2702 6591
2018 7885
7540 9223
3274 566
4522 3847
5666 8557
3246 5644
1613 258
8495 6680
9869 5371
1225 4901
2565 9411
4239 6597
2406 4693
8062 9451
2375 1146
6326 134
5891 4742
5592 8761
2889 4425
1819 5191
1831 3714
1046 3847
8262 8409
6329 1159
3971 8349
1231 8662
5997 3559
8023 9916
2953 6808
3010 1989
9981 2992
8469 9972
6337 6365
870 8047
6898 160
6388 1437
1711 3554
5664 2767
6858 2923
6410 1365
2987 244
6375 6321
9310 8021
6586 8223
5215 7757
4165 274
9583 4534
8889 2070
6187 9913
4671 86
8537 9405
5921 2033
3982 7707
5920 6864
4784 9784
9055 2681
7461 6434
1785 6339
58 3371
5547 5247
9648 3597
7201 2906
836 9554
5434 880
4371 4231
1721 4975
6098 1892
1860 2466
2755 3980
607 167
3451 2850
2327 6630
6022 1463
5168 8276
7531 571
6334 7800
7305 6844
3988 9171
831 4153
4929 5769
8898 690
7739 8606
8793 2318
1805 1586
6925 3718
7329 7844
8803 9530
32 4221
208 686
3450 346
2531 3067
5423 5843
5132 9260
9041 7777
7274 2102
6538 624
1345 2372
7366 2050
7246 7750
1358 1393
1710 2185
5588 7137
2789 9036
8358 8253
1975 4904
6926 9658
6417 2873
877 6751
7437 9981
9740 1793
7565 6164
9616 2405
844 6196
1452 3984
84 7430
1 3097
2602 8739
3846 3559
557 4167
82 762
9437 9133
1315 7429
522 3598
418 6604
6390 2803
7982 4379
5450 6667
7382 3154
559 4437
8971 1711
9791 9232
1 6216
524 6922
3626 9013
2779 658
1355 9917
8443 4599
6209 6766
2116 1652
2227 9589
3697 6460
4263 3330
5405 214
740 3153
4297 8698
9182 46
1766 5341
9628 6937
3208 9200
284 8741
4593 4305
9941 6917
645 237
3944 4178
3608 1747
9181 143
9406 4058
5258 3610
2709 358
343 8725
2539 998
5536 5745
1394 8707
816 9276
6407 2403
9218 8080
6392 6566
1202 3597
6345 8549
9966 1968
1435 9661
2003 7489
9024 6231
3452 3381
1881 2469
61 544
2177 9698
5704 9854
549 6280
7942 7814
4102 5641
8150 3936
9898 6353
106 3594
2961 2165
3942 5919
3313 7692
205 8147
7867 4356
4669 6303
201 8391
5322 1039
5441 3555
9596 902
8136 1496
7762 7727
7384 2597
869 8196
5092 2174
4632 2681
8553 7095
4112 4155
3489 9506
4699 1826
4310 2957
1802 8148
7016 6780
4657 5941
2922 2289
7831 6429
8731 9142
142 8926
3391 9957
3510 965
4327 5150
4922 4306
5606 600
9984 9381
2231 2835
5959 90
7383 2247
2293 538
5587 4237
2019 817
1236 4179
3885 5790
252 9612
5404 6964
1332 4361
9533 9959
5595 8723
7659 1434
202 3850
8335 4507
982 7620
7874 705
194 621
6015 7389
35 7865
4575 2398
4438 8498
2752 2491
9371 8671
1503 8692
1671 3038
2845 9475
8695 8379
4551 8447
18 7207
1933 3030
6542 9454
4472 820
7662 1844
2710 3923
7203 9866
7207 9837
1053 2002
4980 9225
7537 2600
144 1098
2844 199
1251 2016
8284 1374
2142 3325
5969 9245
9428 5735
428 6350
7939 5575
8971 65
7869 2560
3047 5717
6084 2164
2806 8329
4316 3329
9746 6519
3396 9683
8939 1033
9738 6567
5443 7214
2235 1821
7569 3434
2651 6919
7982 6499
5663 8323
5390 7932
9788 4362
1399 1442
9148 11
9354 2627
3970 1102
8833 4169
241 3662
9563 3703
7407 7461
875 986
2515 4500
9082 8979
5550 1246
2607 3658
6997 4830
9031 2595
2568 7203
9575 6991
5041 8399
5618 213
9586 6357
2947 6406
4361 265
9224 9133
463 9876
2329 6122
2904 7194
6606 9115
6177 839
9578 5368
8000 1989
8652 3928
8975 3074
7987 2798
1853 2245
2182 2287
4764 2069
9378 903
2909 3690
2646 2613
7448 7533
9822 3351
7407 6700
7393 320
8276 6705
1241 93
6659 7822
2416 455
2042 1781
5848 6905
5422 6733
3454 5571
6298 9647
5094 4953
5154 3476
4445 6524
2421 2060
5977 8421
8449 7120
6191 6242
2498 8293
9442 2747
7623 9877
7619 3987
3146 3729
2905 314
8597 5225
2814 9433
8374 7335
1740 9065
4863 2375
219 9441
4852 5503
2131 2599
7813 2898
5814 5520
9561 1494
8511 6332
9497 3410
4046 9576
1613 9300
9912 3525
4495 8270
1958 9519
72 6026
4599 9599
7313 5585
4483 2703
8394 4261
9666 1789
8583 549
9675 9237
6633 7353
6299 6697
5296 105
2761 8000
1394 9883
4226 2366
136 2301
9764 8800
2571 7803
3975 5407
1488 7756
4618 9117
1592 7957
9085 8838
4090 252
45 145
9845 6225
5387 4018
6389 7085
3432 2819
5484 386
7190 1573
5378 6004
6028 7264
2292 459
7599 4354
8514 2321
9320 5153
262 9429
2530 4687
833 294
3949 8481
2465 3892
4449 3579
669 5669
5605 1532
2584 7514
2380 2805
5975 3934
6434 2457
9880 5472
3591 1968
510 5401
6190 4150
1864 5434
9004 5210
4908 7429
9642 96
8245 3836
4135 4042
605 4653
7800 7446
7940 1548
5337 4836
8285 4854
3123 9406
1924 7900
4842 6236
6192 3433
2234 7241
5199 632
1394 2936
3712 6527
8165 1983
3006 1124
634 8093
6909 258
2138 5265
3571 8035
6176 4024
2229 5053
5812 3697
9645 3311
9211 334
1458 3469
986 129
5954 8683
4004 7314
3819 254
3130 2760
6834 7611
1011 4766
9109 6944
7359 6601
1511 3623
2424 4332
1230 4634
9502 7681
2404 2611
6292 254
3768 285
3878 2335
369 4227
585 7398
9431 4241
5091 7996
4961 2892
7338 998
913 9641
4722 3657
4239 3756
7552 1890
863 9214
2663 5775
3121 6252
811 7592
8041 8076
4018 1847
8421 5621
6435 576
1047 5668
7192 36
3015 8398
7612 5154
1887 9714
1466 2946
1097 2945
5743 9033
1882 7010
7540 945
6216 9013
9414 5257
9629 6381
5976 1465
993 1653
6601 1773
5890 4066
5020 672
8857 8512
2129 843
6042 3614
2150 2720
370 6743
3194 6035
4077 3812
523 6554
2223 1655
9909 9338
4468 7426
1899 2638
746 72
6439 7414
4394 5237
5004 9848
9170 9513
6852 2768
3775 4472
3768 6292
3003 118
6441 807
1186 5836
3794 1345
9141 5584
2686 3123
522 9740
403 7145
5782 1234
4027 2307
8681 7468
7377 2883
4570 2903
6564 9652
7525 9101
5836 6158
9397 4120
1779 7472
6992 7570
6722 8810
6718 2461
6534 4581
2008 8820
2360 2741
143 6743
9390 1498
8239 7679
1980 2073
8167 4228
578 2156
8140 2504
5501 8595
9529 4162
9477 8089
9185 9940
564 5010
5590 8767
362 293
8557 9145
3102 4990
8064 7275
4176 8862
1521 3426
4768 7277
1723 1514
2939 5303
1946 7426
8779 3487
6384 4897
1349 833
3728 33
3028 9825
5727 2858
3361 4585
9024 6417
2614 7073
8475 1184
9580 5221
349 4555
7369 5840
5778 8036
77 4872
4407 1090
6595 7829
2554 8706
187 5008
9995 2918
5008 6460
6454 2807
4604 5229
9959 1670
2185 9379
1514 2245
6130 3058
3820 3619
9281 3085
5418 9579
6985 5904
9588 1885
2933 8318
8797 7536
673 4255
2865 8770
8208 1309
1693 3229
2256 3661
1795 2459
6081 3159
8392 5129
8185 5850
3957 6780
8614 5428
3449 902
464 5136
7694 3018
5389 7861
8363 8490
2872 2571
2821 1404
9031 4946
6236 7345
5683 6137
4759 9140
9612 2628
7431 802
3208 6745
9476 6267
1603 9479
2793 968
1814 9502
6253 6312
9556 3523
9291 3184
598 6334
99 3698
7855 7445
7896 7194
2252 3199
6089 6831
9237 7819
1077 7027
8877 6616
1945 8010
6841 1820
5420 486
2823 3221
2025 9038
3206 2107
5389 2416
2801 3272
9480 7468
1250 5796
6030 2468
6608 3130
7874 5243
1083 5474
7691 2609
9024 7290
3390 4499
5894 7823
7453 9470
1069 5742
5160 7493
1909 7096
4679 8170
8216 5966
4846 2977
5596 9200
2646 5775
1608 8175
4720 7226
3079 6084
8555 8526
5783 5273
1224 7432
6779 6469
1906 4679
1457 1506
4167 9243
3951 3845
3020 7783
6623 4158
8095 3023
8929 5544
1062 1691
9761 260
4150 711
8232 1349
1412 562
3017 7324
4669 7979
7169 4628
8241 7278
7060 7681
2654 8737
513 5486
6061 8282
1053 787
7564 3605
3797 2715
9460 3537
3619 3549
6271 9935
1539 543
6608 7534
4619 3624
116 2442
5433 592
6583 2709
2614 3901
7398 7621
1492 1872
8110 9305
3122 7719
2492 1957
8588 429
9702 3999
6001 384
330 5130
6427 279
8897 9447
4726 8357
7371 9224
1264 5621
6265 3292
7244 2366
8701 5909
310 5701
2673 8335
3489 8640
110 8518
77 9043
6208 6446
2927 9945
3286 1012
5987 2110
1880 5822
9232 9108
235 5835
5653 171
8588 4360
4387 9897
4599 4520
4529 4049
9459 1118
4794 8318
3487 5351
7471 2084
9466 6763
7468 2477
7863 5541
4462 2510
2889 1429
2811 9793
918 9463
7237 2572
8540 9923
1006 7325
4328 3095
8100 6978
1093 7038
1578 9525
4302 5759
7553 9466
8993 8874
3894 2441
5123 4989
3543 4684
9767 9611
9554 7674
4897 3569
5243 7202
4753 1972
7939 7305
4322 6108
5667 6772
9958 2062
381 8502
6252 5778
5569 3609
9032 5071
5532 4006
9421 7885
7849 9638
5821 4989
2069 2764
5418 3743
8335 7479
4946 6294
4328 9774
2736 348
7439 1089
9976 5157
6102 8536
6205 2302
7196 7702
9689 9359
4051 380
9096 6732
1286 2740
2628 2431
172 9787
5729 4161
5986 6629
9923 1497
7447 9784
2589 4558
8299 2402
248 2642
659 6984
1210 1781
4337 7464
2787 9712
7261 6814
9118 4580
9743 2242
3362 8100
6563 5841
3934 5819
9274 843
5145 7462
7046 3956
3586 793
9958 8144
6021 1102
9058 8711
4871 5489
6596 7821
70 5264
358 3939
1593 8268
2258 2786
7451 2968
146 1011
5386 5720
6935 4300
6686 5944
8069 6865
3451 4515
2317 3709
9179 408
8983 2107
9570 5093
2014 5079
7303 4880
281 6096
7131 4531
7757 4300
992 9774
435 4359
9803 3558
3856 4469
8358 7304
5782 3957
7466 8639
208 6237
1306 8084
8592 1186
3647 7744
1397 2393
7283 2359
4067 2243
6174 2058
3748 4836
7211 466
8886 6056
9019 9038
3564 9451
5767 7108
5644 7140
8192 7008
712 2132
6603 7441
4287 4329
1565 6250
400 3655
9096 4293
5666 8364
6016 7840
7949 4990
1654 1162
6933 6421
5806 3598
7714 9444
9829 6062
4621 1405
7999 4052
2037 8400
791 9455
4454 2974
3053 5343
5981 1049
8063 507
444 2130
222 127
6749 4565
5587 7670
1193 5468
9298 2016
735 3850
3070 638
9559 5053
3651 8744
8672 2444
4784 2503
3455 1919
1321 9982
5798 953
1788 3771
8956 7393
1978 2064
6711 1373
234 731
9901 7666
2646 9025
8240 609
4174 9428
2727 392
4083 1179
1576 4427
5648 8015
2402 4467
9545 6746
5993 9103
6378 8113
711 8628
3002 2028
1372 7058
5156 8667
5214 5310
9782 7361
3324 4289
6984 3390
8029 5424
6343 9012
7612 9964
1037 9085
3580 8421
4477 218
9833 7210
94 1419
304 7816
6262 6115
4048 6664
4367 3986
4132 3040
9900 3009
9875 5882
7831 7088
6768 844
217 2249
9137 7073
3280 1816
2966 4963
3188 328
5678 865
5438 9715
377 7102
7780 8286
5090 7340
1481 6333
9340 5636
3488 6569
3635 4273
7106 1959
424 2510
27 5232
9598 9657
1340 9575
8461 7714
8256 9447
8184 6248
2335 1296
3253 5927
8987 4503
7089 3380
1934 2859
5472 7813
5551 6155
926 7104
8405 5277
1423 9118
5832 4095
7895 874
6749 595
3263 3486
7530 8234
5496 4659
2030 545
18 7800
8156 3911
6520 1006
5110 5768
8168 3480
8152 995
8684 7360
5613 9632
1720 5903
6506 1578
9798 6629
3656 3905
8817 9135
8307 973
6413 949
8265 5549
2260 5035
5507 8722
836 7107
1334 1304
1854 1597
3839 4580
1659 8767
7565 1800
7825 2687
3180 9707
4000 4380
5314 3429
4649 5851
7571 6538
5460 8550
9664 5684
9122 4622
6993 4806
1495 7962
5738 2417
7031 8870
6972 9699
2702 9061
6370 5379
7514 5212
2172 2550
2175 7744
1542 6560
7679 5133
9917 2622
1461 3568
3667 277
2482 2966
4911 4957
1806 1744
2479 6059
776 4569
9609 3702
6677 3225
3841 8382
8617 875
2261 3476
3396 3601
7154 8372
408 6810
9863 6718
4977 6548
7801 8397
9873 8661
5465 1602
6317 8252
6671 360
5650 887
8596 3017
326 1756
3291 8327
7704 5195
828 5440
6267 3459
4495 100
9708 6717
2094 7915
3806 7782
2889 5013
806 1765
7649 7330
2436 4866
6607 6949
8051 4469
5062 5504
6766 4480
4493 8962
422 6079
1866 2970
4082 6248
4482 8733
3416 6752
3984 859
2217 6568
8127 3332
9924 4943
8276 8071
8833 5353
8544 3566
6727 3602
3271 7431
3323 3602
7902 4099
2754 5531
5659 8172
285 2412
4044 8971
9604 4097
7307 1748
4301 1220
1819 9730
7755 4243
742 2909
9718 8573
6353 3358
5713 9975
9366 8266
6209 6785
8756 2977
3340 3600
607 998
1074 62
4230 4872
2154 2113
7988 1279
1339 1965
3289 6457
4208 8318
5653 6664
3925 5216
797 5252
8382 8349
1801 2734
1416 3574
5694 7559
1672 4855
8516 5937
335 703
1882 8494
3320 4743
4861 7982
5158 7800
3491 3549
8125 2123
6996 6912
1318 562
8838 9391
1350 7553
9314 6168
5391 250
3478 1410
6440 8890
8101 1783
2802 991
662 1430
5763 2143
2568 9389
7300 1808
3461 1278
4087 2927
5735 1767
3901 4356
108 8545
6228 9053
4153 6477
5594 3147
9550 7545
8079 1028
7946 3634
6040 5926
753 4540
5397 2861
6577 5466
6941 5891
6225 8222
8563 7628
7761 2656
5324 8843
2181 6680
9232 4531
5555 9495
1517 5843
3598 852
4372 9651
9014 9633
7584 126
5671 4873
7633 4032
5982 1891
7011 9251
143 7930
5740 1423
4039 7979
9002 2023
2350 2374
5726 5246
2783 9678
8573 5564
3011 5034
8241 907
9629 3079
8106 7488
7207 2948
2223 1385
2615 6325
4940 4740
7190 2981
7257 2092
9196 8462
8849 3544
7982 1145
7262 7798
5898 7293
5237 2280
1500 5412
6900 2580
5184 5345
3376 7334
8890 2999
9846 8389
1529 7723
5963 5637
7926 170
4145 6306
3019 6008
7264 349
8906 5000
9400 3030
1862 4670
2907 1465
4284 2890
712 4020
9403 9710
2983 580
9294 6581
8609 9961
7920 2035
477 3355
2129 3781
4067 6348
9500 1722
6659 6237
388 2225
279 4813
4458 1333
8024 605
3300 4901
8251 5950
7894 5161
9438 3349
2772 6511
5587 3103
7116 3712
7069 4079
8316 7492
2132 663
4210 2909
4652 9420
1359 7987
6367 8894
1309 1122
4249 2726
5026 8776
9650 1862
7485 3077
6992 3449
4074 7563
6641 7396
4215 2216
4560 3204
4626 8632
1241 8229
9911 9917
4997 830
2664 9665
9518 8884
184 4549
4883 6924
6575 1387
5975 3015
1690 1317
2525 4897
2088 1474
9924 7992
3611 9417
7348 2474
7551 280
1789 5069
867 1441
8863 1092
6088 124
7207 289
4981 7335
1606 9467
727 6670
1512 9312
4139 73
6302 1656
4961 201
8392 1028
1554 6626
8944 3075
1938 2552
8896 2078
5305 5200
2114 8053
6136 3976
3111 6621
577 2014
9644 9819
9506 9883
2248 1506
81 9539
7329 7164
7299 3286
6889 9595
4743 3734
6063 7599
1800 5498
3205 4572
4727 3756
3895 2035
2591 2312
212 2710
4047 7949
9487 4148
5152 6741
982 2682
303 5174
7002 1875
2999 5138
7029 9182
750 6699
9435 2185
5894 8098
2132 7563
7305 6304
4015 4097
6741 704
7349 8519
6136 4381
3305 9715
9898 2768
453 3782
2233 3674
384 5339
6539 4390
9731 8313
6017 2435
1080 9758
986 6999
9065 8066
4795 8326
1178 7744
7294 4234
7743 9708
7720 9316
1653 5530
4575 1167
1328 4635
9545 9091
5091 3200
3466 4105
6217 3546
3342 5822
5666 4779
3352 2900
8579 601
634 2875
1960 235
2808 6458
2176 1714
5636 3978
5615 8901
9674 2677
1423 8873
6472 5418
6439 7471
9794 9219
6245 4622
4958 5064
1496 5132
4232 3105
9808 2084
6192 2866
2914 3414
9941 1853
7636 7125
3114 5925
4287 2350
8173 5645
6330 9661
735 8408
727 7194
5854 9748
2792 8691
3373 114
7145 6893
4179 9116
1220 7377
6953 876
8292 7630
9345 2094
7543 1396
2614 4271
3507 9881
8278 2324
8932 1125
6824 8358
308 7180
3008 2454
7800 9944
9672 6356
2470 4461
743 7738
3503 8144
8069 7183
4226 8087
5249 3698
9867 8114
5562 19
3226 9555
5632 9352
3712 140
6500 2008
3279 6487
4884 7199
6020 3298
3056 2243
2824 3853
4515 6877
6813 851
6430 707
1415 1280
4984 3081
8799 3890
5739 8647
2016 4372
5534 6112
1681 5308
6283 9662
1843 775
1821 2095
1226 7972
9648 2394
6261 8858
6738 9463
5829 619
7044 6382
5491 4273
5503 4435
7425 387
2166 2513
4346 4456
4275 2352
25 9526
1125 1851
4 9878
5351 6214
9178 1048
3051 7968
215 6789
2675 6638
8061 8878
5195 548
477 185
1811 8053
5206 4335
2235 1380
6498 8469
7274 6388
6898 646
3868 164
4442 3786
4298 9761
6460 1299
1356 2932
7640 5888
3542 6668
1871 416
5911 9624
7182 264
854 5463
4128 7268
4454 5506
6826 2497
7862 6479
3564 2505
5808 3877
6401 8973
7168 1815
5596 5664
4409 6896
7898 361
5113 8181
3973 6495
6317 2016
165 7323
8022 8455
9341 174
3616 8872
8546 8463
6708 9578
4517 9684
9654 936
7566 2086
7874 6215
5621 4830
7966 3886
1511 6946
9593 7383
6415 7713
7310 2423
4509 2668
3924 8237
2034 2101
5586 4669
8191 5997
7778 3056
5205 2366
1629 9696
5197 3915
5781 4976
7568 4782
2064 4572
711 5931
3351 1385
2779 1326
6250 4567
3498 9868
8930 2625
8269 2364
6529 5845
6036 5811
7818 3230
6845 3474
276 2917
8173 7874
2535 6235
5067 2268
5033 5234
4440 5536
9403 4054
6683 3059
344 7762
7209 1875
8185 196
3513 8395
5018 7102
4322 1457
1057 6236
1567 7572
3486 7909
1116 185
9949 695
2918 5320
4942 4171
5486 35
6965 6235
9136 6506
4291 1292
5651 3045
7407 5658
4768 2449
9885 7388
101 9127
5802 3162
3386 5815
3752 5037
1997 4574
6817 580
4534 220
8747 4885
4453 3231
7197 1574
5738 5008
2921 4194
9806 9178
1269 6902
4099 1298
2817 7527
2882 9991
2415 2698
3814 3998
3296 3841
9537 2044
3536 9554
7334 9601
8533 2598
4572 6443
2435 1548
291 2233
3721 5805
5696 2920
8672 9348
3131 9097
3399 7854
1433 9751
6089 9343
1079 1299
3940 9023
9190 7060
3623 3079
5671 4671
2975 5988
4124 9189
513 8764
1879 3575
2491 5236
6368 2022
7030 3885
5115 797
4185 4016
6556 4393
2283 5427
1613 143
8496 587
7671 3963
7162 1600
3801 7351
1050 8120
7520 5002
9797 7753
585 4207
2853 5179
1632 139
5597 9700
33 9203
5138 145
2704 7876
5526 4329
5456 896
4380 8918
669 4705
2152 7473
4240 7042
9349 9764
511 9367
4119 3928
7977 5029
1494 2558
5516 8385
7943 9937
431 3283
4611 9311
3930 3948
3673 6873
613 4888
7155 5684
1794 9835
3931 983
5833 5026
4617 2656
7645 7735
3980 1500
9789 8283
623 4927
4190 6315
7712 6396
357 5970
768 9572
7961 4129
316 9241
7067 5064
4882 7597
2973 4527
6294 2744
1193 8558
4472 716
3005 3174
4462 9483
2255 6574
2235 1574
5387 6922
5664 6319
7156 5806
5995 5048
9481 1168
9802 7430
1539 194
101 8302
4353 4502
9543 8120
9195 1352
4410 5412
4684 6671
995 3233
6565 1806
5187 6998
1948 9783
9616 6946
9726 2616
7557 3768
5264 1651
5492 3132
1111 539
7899 5123
8515 639
6106 1109
5150 8324
4347 6109
3592 5550
7451 365
5476 9702
5910 6080
1389 8136
9248 1617
682 9077
6433 5728
4836 8068
9537 6150
154 2271
4878 1986
9725 217
4079 6027
212 9164
7681 2011
5834 5411
2193 2175
6430 6084
548 8428
9605 2831
5038 9490
8764 3396
8719 3975
5484 6847
8308 6318
6252 6345
6004 6520
4497 6389
3513 4176
8227 86
9243 7010
5328 1648
6601 7822
8291 5745
6711 2625
4925 6034
9089 6001
7179 8218
6465 526
7710 6484
7372 8631
1804 8955
9139 9730
6630 2856
3897 140
551 9571
7515 766
2561 2912
4727 3183
5312 6024
6887 9450
8090 9320
116 2198
8939 1054
2197 3726
6309 6344
4960 5346
8213 8599
752 7778
8987 7913
4459 3330
8886 430
4016 5585
1361 2378
8430 1935
1847 1450
6087 9712
5798 6230
7186 572
2381 8764
372 776
4375 9645
7447 705
9522 5128
773 2470
8164 9510
3437 4086
3522 5005
2131 8177
4643 1109
5469 9087
5575 9209
866 8451
9949 3106
4745 6547
1975 1698
2520 6329
4359 8265
1904 6502
5253 1627
8082 6742
1007 6903
799 3028
1495 2337
342 4823
4818 1909
3054 4720
1576 3462
7437 8942
8157 6452
3399 460
5862 407
6046 7322
6294 2873
693 4960
6276 947
8606 4151
3075 2971
5854 5742
3743 9955
5698 7930
2450 33
6360 7678
4952 9348
7523 8071
3614 6456
5418 2849
3185 3495
9265 4816
8965 1339
6341 1565
7516 2234
375 558
2036 4935
9848 9903
6198 2221
9658 8515
556 8414
5174 1135
7063 4271
9743 2492
279 8466
4997 2733
2257 1687
6529 5740
812 8113
7140 5636
1089 6292
2097 6672
6257 1331
2664 5221
3674 5005
7306 258
2762 9882
2739 9208
7568 3534
9991 5132
9214 5132
2006 3290
2764 1631
5104 7361
5251 4873
1026 6705
7300 8230
5810 517
7869 1754
1171 2058
1070 4706
2954 2244
4998 513
6767 7142
940 8916
6084 8778
3180 213
9771 3535
3789 338
809 1285
3889 5783
8498 5551
24 8298
3418 3823
5543 8701
5411 1436
7548 6239
3704 8705
7054 9872
8251 3441
6666 9482
6196 1096
4212 9281
3597 6808
8594 1074
4501 3831
948 3085
1016 3208
1801 856
5668 2773
7161 4652
7588 2350
3056 5535
3934 647
3272 5343
486 3883
9603 2211
4815 2286
2609 6260
3210 5950
2132 38
1945 1982
1359 1627
2775 7708
704 5946
7634 9073
7788 4615
2611 7761
6539 1406
6585 2611
8198 9860
4340 2067
1109 5133
6191 7518
1121 6265
681 1048
2554 7549
7591 2828
9829 3482
5983 6221
9209 8096
418 4462
8288 7429
9146 139
4463 2430
529 7103
1229 2552
2143 3836
8014 3478
4144 3146
4664 2653
9709 767
1118 644
794 3810
6080 9965
9362 238
3113 1983
685 8198
3013 6896
8436 8511
2799 8362
5164 3558
2402 7584
1440 519
1531 2957
9714 4369
6159 1200
3888 8919
3822 7605
9870 2012
5625 3846
8817 5272
3804 6640
4312 8231
4448 2012
8066 5742
6843 5773
9135 9009
7427 3310
8281 1128
7135 5938
6497 2024
7348 4445
9985 8459
3185 357
4392 3967
6552 5510
1715 5433
8716 9119
6362 7241
9418 7009
4168 793
7749 5003
3688 2565
8036 9200
3498 7983
2488 4686
9061 2775
4111 5372
155 6953
5188 3778
5767 7921
400 5183
7827 9681
8382 4045
356 921
7822 7636
8444 21
7893 4261
2091 5316
955 8056
279 7610
65 5343
5593 3431
212 3368
1309 960
6599 7254
5540 2570
2064 4416
5573 3553
2792 4490
1708 7638
2079 7794
2273 5174
6669 3990
2503 456
8318 1284
3602 1124
1139 4949
147 1532
9835 1980
8553 5605
9083 3775
177 5103
5180 6366
7575 3912
2309 3031
8127 8531
8244 8882
5107 6178
406 7488
9689 6638
2002 5220
743 6485
1908 3307
570 183
1670 5246
2929 8787
4510 659
6407 3378
8960 7088
6015 8004
7745 3409
4261 1058
4650 3086
5194 489
4740 8572
1052 578
2795 2519
8622 2668
1522 7791
224 5236
4095 1148
2597 7826
5790 6595
8574 7327
3769 2836
9494 909
3996 1748
6709 2513
8999 1582
4009 8070
2017 1250
1905 8177
2207 1164
5835 8235
628 2844
1963 1292
6483 8088
89 6284
1984 3609
3651 3374
1802 7880
6637 9344
5108 2523
4493 296
3177 1017
9287 8034
3478 4527
6521 6598
6502 8246
4160 3803
4003 8984
6120 971
5659 588
1510 8275
958 5203
1242 3035
9102 3117
5896 1209
7394 5696
3521 813
8400 8115
599 8248
7903 9851
9664 1643
1605 3042
6105 3654
6749 9764
2367 2802
3842 502
1537 462
4488 1031
7846 6369
7601 8628
316 311
2681 6917
2491 346
8947 9033
2191 4894
8599 871
7764 776
9186 7825
5930 7837
1991 3540
4367 40
8329 3638
3840 1489
2551 7683
474 1945
2362 3449
3677 7768
4558 1397
3383 1548
4751 4002
2566 5485
7645 3787
6571 5092
7126 1623
7832 5289
9437 89
407 2994
6447 6115
2681 8565
427 3646
2973 962
1664 8712
8266 7591
8336 7330
4818 8563
6276 4076
7499 7517
5781 5350
270 8100
2754 5692
1949 3118
2717 5248
7639 7498
5932 3848
3672 275
2994 6666
9040 6512
4431 2706
7200 4729
9892 9729
2039 3851
6224 5888
3397 2282
3193 8765
1770 9300
2770 4476
5019 9272
4371 4061
329 3892
413 9087
937 5611
6736 9628
7390 9448
7071 3973
3270 6380
4872 2450
8501 4906
2191 2767
2687 5702
2110 5891
9408 7889
9992 1896
980 8226
3431 5478
8005 7434
7460 6953
8219 5237
2146 4897
2337 3669
3938 8211
1619 2069
5912 7436
8053 3953
6943 1095
5530 6044
6871 48
5884 2943
9341 2371
1738 6228
6594 7595
7790 890
6332 1241
2064 9664
3085 1449
8404 827
4226 3513
5255 851
8981 4203
4468 9462
8189 4227
2184 2358
8959 9987
1468 900
1217 7537
5243 2539
2756 8542
2365 3938
6728 6681
8481 9966
72 8973
3681 7237
5334 4098
3649 3402
7061 1859
6315 67
7832 7648
4841 2995
9965 8121
7037 2052
2198 8798
819 3295
6426 4845
3173 3449
407 9324
1643 5813
843 6022
6505 8491
7449 6601
6080 4782
1515 6425
9002 6352
2031 9804
8684 806
3232 5096
3032 3525
1430 3906
8569 3837
290 1911
1373 6331
418 6614
8385 7047
9317 523
3302 2262
7191 2334
7672 8161
9693 313
4466 3046
2393 3179
8131 9407
8527 6538
774 4066
6749 7117
3039 6914
922 401
6637 9209
583 4816
8979 7907
5397 8985
5216 4681
5838 1267
188 3195
8157 9631
4731 740
7736 5680
8535 8292
2300 5270
290 3607
4360 9579
6716 6177
7853 4490
6316 9148
5732 8249
8669 6340
1034 2863
5728 9570
2234 3165
8651 5478
5214 1402
9175 1428
9819 3097
4765 1146
6993 2699
4141 5755
7184 1127
5985 113
2973 8847
6436 3080
6927 8609
6868 4970
5328 3644
6909 6196
222 411
6308 5120
8084 4936
8784 6545
3121 9694
6638 9549
7123 9507
7536 5194
514 5928
9097 6716
8729 5088
7002 5029
6175 9808
4161 2795
7991 4688
3563 9629
7310 2081
6020 4250
8070 622
4719 9883
3263 8075
3966 3182
9010 1914
6609 6357
5455 8571
5384 2188
6710 8935
9999 3082
2760 3991
5721 1962
1776 6075
9191 7398
6035 3958
5895 4567
9686 8705
1996 2561
9350 8837
571 1394
4599 5553
3041 5317
4902 8214
8931 7453
4050 6661
8419 316
8171 3865
2876 2595
7886 7739
5409 8168
1977 3568
9439 404
8061 2524
1723 140
5319 2691
6691 3351
6936 3507
3488 6700
9623 731
5359 4912
2162 8001
5471 242
4508 2604
7939 3486
3203 8263
9239 8178
8532 6342
5110 5376
5295 3692
9209 6221
3563 5648
4300 2302
3602 6837
9011 1641
8613 6226
6232 6188
5287 6868
351 3683
2843 8787
1843 5235
844 4801
1767 4083
8857 7144
26 6277
8594 5541
221 8551
7546 2204
1968 4216
3672 1580
7051 2395
9122 8012
2351 8497
6737 2105
7459 4391
5520 7174
5104 1559
651 4410
6015 8585
5164 7791
7832 5686
6305 5267
9968 5535
5902 546
4144 7408
2323 2234
4693 4780
9162 523
4881 5366
9530 549
1073 2823
9161 2050
5743 9755
1084 2273
9415 5234
3839 7174
8730 5020
911 9555
5769 3124
6986 8875
200 4573
795 7804
9100 7490
4237 6768
2637 7339
9106 3796
671 4821
1648 821
1265 6974
9027 7131
9621 2711
4239 8329
1715 440
2960 3271
8984 3435
7382 7060
773 5130
2011 8081
967 7462
4757 3096
5411 2788
682 9362
8400 2535
9163 7637
8388 2228
7412 6206
2213 2456
2434 5659
7967 1911
4024 7821
4842 7564
3159 2973
2758 7175
6238 3764
1657 218
23 6588
2966 3518
7796 6614
5617 1562
8777 7867
4940 9849
5466 8682
4286 7438
134 8672
2002 4758
2882 8177
9215 4140
6959 6888
6196 2431
2986 5199
9921 5657
3786 5262
5347 178
7808 3546
4300 178
2266 8836
1387 3582
9790 7593
8814 3771
7222 9912
3200 1898
5909 638
8078 7982
376 2364
9289 4135
1695 8800
1331 6152
4322 6653
4219 9008
1216 3510
8438 5730
4073 8006
5321 3170
6326 4591
3356 4864
8691 1095
648 6896
1416 5259
1950 8878
5697 7510
7480 3717
1074 6837
2470 2429
5873 1754
8849 7982
5406 219
303 4107
9710 8955
6465 2157
88 1080
9020 3337
8632 1232
3409 1052
5529 6060
5527 5819
5631 9899
9695 4254
6812 8500
8562 4719
4919 597
875 2507
2136 8698
4501 6892
8484 6512
5270 5371
2048 971
1474 7721
9767 6599
2044 7931
1804 625
3483 8254
4509 5063
9714 4086
7211 3241
7507 8720
3448 2965
2451 5488
5512 1520
2031 2099
7416 2615
3057 4848
109 3284
2436 9504
1096 1199
8830 5083
9164 3259
6665 8322
5729 5703
7726 9176
8459 8708
4767 9628
5576 8508
7978 6673
3026 3174
3358 5844
6968 9403
2709 4553
7427 2023
9630 6568
9712 9560
6812 1423
4532 5209
3397 7361
4486 58
8380 8775
2489 4780
2281 8652
2694 9965
6450 8590
2179 3835
5823 4314
4792 9379
3876 6411
4985 4257
6175 4436
1399 911
6350 5826
5322 8107
8509 2720
3787 1591
3356 5882
1265 8118
8392 5504
7255 6142
1084 8544
2560 4970
6069 1435
1506 1035
8875 2808
4440 3137
3867 7349
7762 3093
7824 5035
647 6692
1717 2087
4703 5136
4426 7140
9249 3924
6338 1928
4275 2759
8346 2661
4611 8528
181 709
1888 2911
6949 5784
1231 944
5690 6378
3489 4360
536 1588
8678 1540
3899 1013
2464 6856
975 9917
9005 5801
1485 2686
4636 7068
7826 7795
7997 2124
6018 3890
4390 5616
1104 1684
2880 6748
6657 1048
4012 1231
5045 1210
5288 4425
9105 5780
327 3575
8711 4292
4550 6597
3568 2404
7621 6921
6476 6272
3947 4086
3135 8742
7637 2357
8627 9187
2145 3135
3871 2062
1341 6306
8806 6148
258 5511
35 9282
8710 1072
7167 5149
5080 7686
26 9969
6549 8099
8362 3434
6416 9160
5219 5874
4079 5494
7519 8258
4999 1046
2263 356
2539 3318
3917 3588
103 8679
7917 8751
3934 811
7108 3612
7849 8380
7413 3923
8628 7021
6378 5792
1811 2663
5776 1761
9926 5970
8657 7525
6423 945
1133 1861
6425 3719
8374 1306
3739 1291
8763 8454
5088 3786
2099 1806
6218 8269
17 9903
8135 5650
5997 4795
8700 6725
7781 7516
2628 9754
5511 9454
4045 327
8575 9328
9642 9870
8953 9402
4376 1172
4912 2292
3904 6233
2207 7601
3450 3418
9170 395
7883 4740
4935 7404
2852 8289
6682 9838
4852 6839
6293 6184
793 9976
7141 624
5340 8229
4558 9128
3710 2199
7018 2027
7900 4432
7126 9113
2627 3304
9536 3458
3033 5018
321 9902
6452 6847
6561 9246
1685 2453
8060 897
6249 7230
1032 6724
4278 7785
2816 8293
3437 626
5083 6769
8449 9102
790 5697
9038 9021
7066 9056
7418 7480
3658 6034
5326 1274
1933 7055
9518 8356
1350 3142
7445 7464
9578 2529
4401 6384
3708 1370
3033 6031
4824 1232
3180 8965
2550 7536
2795 8735
3479 4417
2971 3098
3691 7619
280 8017
5379 6454
3024 4105
6383 6521
9364 9083
1934 2915
9233 2688
5763 4688
7953 2573
5789 3629
7992 7406
9083 3435
6397 6275
2413 5669
3906 3086
4752 6208
4722 8640
6645 5448
2376 6324
8183 1000
2709 3965
7436 7885
99 4760
6396 6606
6394 7167
9000 6646
5436 6847
33 4150
2591 5083
168 1529
4392 2571
1722 5844
3082 5902
4033 5841
8792 9914
9959 8801
7002 9176
2200 9657
4413 4312
1218 1814
1617 4137
7625 4178
5290 2129
7425 6991
439 5058
6821 9764
479 1129
1265 7701
5999 9346
2231 9329
7486 2277
5570 2208
6705 9230
5625 7291
7050 966
9310 7499
5048 7492
6668 2831
6990 9193
3703 7929
73 4320
7825 3524
1301 1749
9090 7780
3398 8559
2949 955
6174 1538
8991 6911
693 7062
3334 3325
8947 2436
5677 7065
2077 6256
5323 2509
3526 5742
682 3585
5964 2725
5409 2001
5908 3003
2272 6334
4328 5091
412 9573
8995 4254
3208 7399
7624 3348
8926 6118
2813 5916
7599 6716
1701 3426
269 654
2579 8749
6717 6221
2790 6383
9303 3150
6014 8633
6712 9521
3823 6649
3900 8086
8373 7484
6386 6741
5810 3574
5228 1399
8759 9626
6009 2184
5877 5920
6383 2164
7254 6026
8308 4444
1741 1181
4661 5581
5494 3482
9171 6797
8986 7643
6647 9741
5829 1085
8157 8031
9542 8697
5491 8257
5968 8900
8437 2446
9955 1700
5396 3950
4555 5373
6794 8320
4290 1947
4402 5469
7864 9829
4646 2098
107 9875
5567 1620
2517 6719
9695 4671
6095 9178
6266 4298
8189 2089
4654 6360
7317 8183
8758 805
3116 4458
8521 7119
3745 3134
1183 6359
6091 4867
1615 9341
8916 4004
967 5073
3677 5416
5900 9349
5900 9963
5492 2397
7227 8139
1257 624
6064 3361
2393 6483
8838 7532
9300 2031
3694 3556
3436 6502
2535 9304
7575 4042
6785 774
3403 7109
1779 6779
3210 8464
5299 2153
8401 7221
3382 9518
8377 2911
659 7746
8386 5557
9295 753
8185 3035
2028 9666
2545 9261
2928 3996
4745 1877
1909 6040
4741 1347
2085 4037
5520 6214
6118 8724
4782 9315
9664 6009
7716 5055
867 3815
2643 3123
121 1717
9011 2466
964 1780
7673 7153
8738 9763
4956 2340
1985 5803
393 3242
9792 4387
2669 3587
7873 584
5111 6535
3294 3475
1577 2903
629 9657
3 6409
8991 1967
3706 9497
583 9337
4317 6325
8125 1371
9204 6498
7537 9175
2194 6648
8587 9780
4776 6709
8473 290
9458 1758
6933 4423
9622 5974
4359 242
3630 1116
6663 4051
268 1712
2862 4339
2453 351
390 269
2256 8694
5782 8345
4899 2859
1248 602
3616 7633
8249 7787
7414 724
3337 5929
8966 5073
9024 2570
3993 9248
2186 5007
3026 4629
4573 4716
53 337
364 2239
5535 4953
6377 1245
3970 101
1691 1894
8986 9781
551 3871
6737 3772
7751 693
3813 9260
8314 8990
3562 2792
3126 8611
4199 5724
3718 1411
5206 9014
4259 6846
2990 7170
2542 8853
8300 1472
346 8519
402 361
9740 7403
4319 4095
9799 8823
2917 8127
6762 8892
7578 5471
4349 7595
2972 2991
9699 6694
5802 1401
7163 9526
6612 660
8674 1065
2527 6264
1217 163
7504 8181
4954 5198
6724 7526
5573 3639
7386 5198
6133 5577
3050 6381
8658 4261
3631 4901
8904 1020
3768 5162
4985 8633
7128 6610
5435 9108
2412 5386
7491 9389
4342 6896
6543 8826
4182 2314
9656 9548
4493 1066
3725 5694
1133 9213
326 448
8414 9065
4704 9085
9986 3712
2449 2088
5591 174
9679 3044
7799 5526
4414 7252
6783 6236
938 6270
4095 2250
4231 9804
8227 5852
1174 1904
3919 6310
6071 2710
3854 2443
5215 7987
9653 2422
8657 2006
3476 7500
447 5681
2117 1379
5198 2736
1642 9260
784 2960
6461 5519
7318 8258
3412 6572
9909 426
1072 4355
418 1413
1212 216
9723 1050
8464 4880
2226 4963
7962 5614
8577 1673
5999 5494
5939 8655
8647 2323
4162 6271
4231 8928
5854 9103
4324 6313
2014 7942
7697 1323
4949 547
4526 8504
1970 4803
7827 6335
8974 8811
4162 8793
4780 8385
6089 5930
6463 2498
8850 4385
9913 9359
6580 135
3710 1211
2345 175
5140 4375
1856 4682
6277 6553
2855 6059
6742 5347
6553 732
3696 1106
9236 1096
593 3784
5287 7338
2418 1427
9171 5233
2111 9468
7740 2534
6349 4456
1002 3920
2001 2356
2778 4170
2816 5178
561 7213
5712 4749
3705 979
1634 1273
7655 2129
9615 2054
8604 6600
2128 4536
6000 4566
7148 5422
6050 8949
4063 7464
9166 9148
8163 7286
1555 7619
6484 1225
4075 3496
9163 7730
7229 9874
4431 8917
6471 9636
5349 1319
8390 7151
2053 819
4033 6425
2857 5472
8296 3956
8885 8631
6385 8233
7441 5598
3131 5615
4135 6008
2915 1659
297 1065
1092 9812
568 6356
541 98
5090 9405
9082 697
1370 5403
477 2469
2004 1511
1659 7717
8884 3673
3285 2470
3940 4472
3054 2094
86 1206
4059 480
1370 5048
1152 9388
7911 8288
1486 1737
2617 5561
159 8388
8712 4359
2007 9996
8466 6777
2040 6669
8803 8304
2469 500
8775 5248
8422 698
2714 9918
7151 2966
790 7139
4491 8195
3933 218
4604 3437
7386 9857
1839 881
1879 2295
1957 7809
189 566
825 4065
4012 72
8648 8057
3860 2870
2719 8215
7856 6041
7264 7736
1210 1006
9090 6503
9276 6363
4650 1042
2013 1727
2557 7828
9821 3625
7683 6174
4325 4912
8999 2171
3698 9514
2558 4909
4791 5968
4843 8922
1480 2283
5783 2697
5130 744
9109 3665
794 8588
8312 3500
7210 9887
6679 1903
5681 3154
3235 1835
9815 56
9464 3080
5448 9749
9677 3220
2952 5234
3777 8622
1389 1899
8954 9080
3042 2316
9741 9941
2002 9001
7314 2747
3694 2042
6814 4180
7776 9424
3431 9708
2904 9366
5815 3862
6302 2698
9560 1048
1443 9032
1877 6633
812 1158
5824 6504
7321 4574
1271 4156
1759 5349
648 6641
2245 3966
5208 3597
2125 4659
1627 2178
9557 3441
5987 414
4347 9626
977 6347
6585 5625
4275 424
5200 6543
7093 2107
8346 3086
7480 8802
2898 773
5927 2364
576 5799
838 5313
9680 519
2575 6286
1010 9353
9488 5171
8040 2008
982 6257
2880 8560
2515 3009
5472 6745
1045 614
3642 6596
8234 8719
197 2889
9134 6238
7012 1643
4388 3828
8063 9071
7847 9518
2719 4019
2381 7274
5423 5956
145 5951
2723 477
1219 4747
3194 6982
1332 3860
6325 9265
2312 1484
7517 626
649 9356
2217 2511
6138 2727
5008 8739
9174 2657
9045 4489
2438 9304
3014 6505
1793 3719
7122 3009
5443 5284
5223 1075
6836 8592
2890 4323
7771 113
6102 7635
8876 8411
131 9711
2028 8273
6580 1332
3401 8185
4010 2464
6464 8396
5022 4111
6819 3815
4170 5204
8921 60
2957 5723
908 3987
4181 3290
6445 5709
3184 8409
1741 6014
5083 6103
7986 3362
1056 9
1668 398
944 8077
2610 8523
984 4041
4813 8939
7570 975
7137 7412
1064 6374
3797 2414
2556 3628
1271 6038
9914 4787
589 2215
2303 7413
2611 6102
2189 2464
8096 5739
7761 7172
324 6483
7906 7856
4716 9930
1147 4107
4317 894
7637 6904
2593 8709
2942 9585
1281 5658
7917 9044
7943 6483
4116 8535
3577 9748
9676 1704
9089 1826
816 9374
8387 4476
4803 2997
1702 8045
1979 4057
2712 9641
9176 4597
7670 5562
4303 1816
9293 438
2102 1900
5367 4609
337 3520
360 9252
1930 4881
4656 4349
1749 1015
8728 9454
645 248
8398 4994
2958 8946
3045 2078
8908 863
8835 9457
510 3342
2400 6026
6594 943
7085 7767
4671 5619
7593 5040
9108 2169
2038 5749
8276 8144
5484 5586
811 2178
8085 6193
9187 7772
438 5778
630 8800
6320 2988
7620 3215
5547 9131
5156 7572
5342 8494
3810 5951
1904 5898
7913 1289
5249 5643
2853 6691
7711 9435
5905 266
9581 2074
210 4133
3442 9048
8825 3659
9202 8392
5279 653
1679 4624
5200 5687
4405 3785
7704 52
4372 3730
4993 5473
5877 7687
3697 7680
8045 4218
6539 2332
6530 5647
5879 2099
9111 581
7141 2432
7201 9605
3424 3042
9528 5481
8861 1917
5552 511
6399 2020
3967 8044
3741 9691
8683 2439
4973 8809
2767 6494
9002 7480
1709 8035
3859 98
7089 6868
6413 2273
6482 3457
4762 5752
2302 117
5537 3421
2694 3630
2421 1026
8698 1803
9819 7793
7793 8758
8347 7496
4449 9694
2868 6289
8474 7649
2440 9888
5245 532
1506 9971
941 6395
1543 7320
8453 4434
9521 5790
731 4125
4010 802
2464 4999
6200 5867
1212 4882
8887 1056
2503 2338
4039 6971
6620 7556
1134 3064
3461 8429
96 577
4829 4061
3774 5632
2353 1851
9384 3721
8544 390
1198 6046
7915 7627
5787 6725
6824 6347
7927 9188
910 9071
5465 4745
1361 8689
460 4269
5153 6788
8924 9033
8028 8650
4255 7529
4232 3719
6812 2511
12 3927
5392 8588
6220 7401
2335 380
1746 3426
205 6922
5038 5928
142 7565
9937 5763
4085 3220
1442 9447
7488 8972
961 1344
8475 223
9583 5580
4438 7962
7778 3042
3758 8638
1847 9374
3678 4218
5732 6866
3949 666
4284 7376
6448 3407
6215 7761
703 8989
3373 736
6237 2497
9596 6212
2986 5143
5977 4418
2122 922
8556 2075
3793 8459
7946 2826
3922 1918
8385 4392
6883 2320
269 4688
7213 9653
2468 8767
1514 3698
4466 5345
3047 3924
2787 9022
8894 1047
9264 2691
5418 5973
9223 4603
9611 6234
2881 2311
1108 3780
4962 5356
272 1214
8402 8554
2106 1061
3132 9752
2600 5618
5616 9938
5868 554
5026 1676
3941 2385
276 2555
5990 5006
4356 5386
605 5216
8691 7869
5840 6876
8471 6847
6519 1555
3762 9786
6524 1208
8540 8115
1951 3777
7514 5654
9204 1688
9989 2788
4958 3314
7906 2558
9835 5614
9357 2985
7675 8520
7750 6584
1843 5053
8436 1451
5129 7053
7810 4355
8284 1840
2327 8265
9677 8993
4571 4388
1512 3728
534 1243
7138 1093
1128 7262
8877 5162
8136 9540
6218 1859
8327 3946
9948 7616
4749 4531
7474 8845
4650 1286
1898 5553
6031 774
767 134
5284 9879
5794 6728
249 6058
5549 7897
9572 6917
3518 3125
7824 5531
5815 9691
4371 4140
5073 4121
2996 3139
9084 9246
7015 1155
9367 7225
1384 7325
5131 4606
448 3754
5000 3239
8716 4234
175 6711
3280 692
2985 5244
9330 2555
8610 2780
850 9796
3868 9584
3233 1025
1394 5907
5752 4550
8997 9633
9846 3723
2661 776
2258 8590
5324 1737
4 2954
5186 2408
7529 6580
6018 6580
5991 4557
7686 8242
3852 7300
9661 1728
1513 1963
7984 7206
8893 2043
4660 16
1363 6107
7472 601
5510 8280
9835 305
7148 259
9567 7189
8177 6038
8631 8313
2726 6280
1610 4827
4644 6162
1934 6163
9284 4611
5394 7228
5396 5129
8471 5404
9134 8628
36 5461
8732 3712
1100 9447
7647 3208
4131 7785
1086 3698
7398 3434
7698 5279
8775 8604
1966 1076
3356 1949
3233 8237
2359 7254
6759 5881
149 4587
7431 1526
1575 2324
2666 1647
9183 700
9233 8311
3230 8329
7242 9590
5491 3317
6916 1351
8868 9997
9679 4190
643 9285
7681 4869
3218 2966
1563 1019
3584 8463
9279 4590
2531 3669
622 5102
2577 5736
4933 3899
7460 8050
9939 4053
7664 5169
2318 2444
8275 6770
250 4623
3015 4962
6727 867
6326 9182
4171 7654
1817 1927
3630 8359
9062 5345
4624 3008
8814 8675
9817 3652
315 1610
1594 3209
6593 3663
1692 5298
6926 5881
8167 2510
2620 9431
137 1683
2619 6999
6964 6531
8531 2284
9984 3584
2155 8480
2929 768
4683 6269
3821 130
4876 4950
9177 4119
726 2196
2652 9570
9825 2672
495 3187
7995 9127
543 1552
2274 606
7444 3814
3201 3902
5779 9962
9653 4114
9848 623
3177 7372
9434 2613
4733 6185
8854 2109
1329 2141
2686 8039
7103 1037
1360 5090
6474 2875
8027 3933
4788 6259
4280 7607
4288 6436
2434 2523
6042 6971
5878 9971
4236 963
6584 4268
9642 8250
5697 857
3309 3418
3808 2504
2506 465
6847 3211
4650 9304
4565 1066
193 1584
9644 4872
3667 4822
6477 6798
1141 3766
9772 8809
8666 9872
7995 1215
2476 6156
797 960
5362 7735
8209 5948
7523 713
6755 9625
9352 5547
3605 9519
3210 3152
4310 1539
2719 1845
8702 6106
6227 8499
7354 6209
5925 8971
2869 9607
6064 9253
9735 479
3609 1015
7398 4288
4601 6505
5237 4232
8612 8139
9551 7541
4340 4223
7193 5538
9347 2159
5077 345
9335 8084
4753 53
9741 9997
2042 5164
4303 2547
1891 5840
8442 8493
8037 3437
9004 1645
6183 2255
7254 5245
7674 6964
4801 3503
5168 5593
6370 5722
1754 254
5445 7941
8390 1640
8017 5576
8588 6928
6545 7683
5277 2636
4541 8323
6920 6793
5230 9960
4751 9781
153 1922
511 3430
4245 9322
9864 4208
5621 563
7584 5536
8413 19
7417 5319
6093 7944
7694 1301
5499 2292
2158 6906
1922 649
3647 1980
8085 5620
4838 8597
8974 7586
7421 7322
3030 6955
706 231
6179 846
1986 2695
2430 6096
4170 6023
4279 5553
765 7127
6965 1865
6654 4654
2919 5466
5524 3211
1601 3984
9532 3708
6597 955
378 942
1885 1323
6545 516
6022 6214
637 461
4300 9000
8665 6709
5956 1253
4172 7995
5755 4093
40 9801
840 9714
8549 3621
1553 8206
2808 4481
8803 9743
8022 4905
5361 7212
926 3449
8024 8333
4508 876
1073 3506
8126 6470
5644 8839
3438 5759
4205 9726
3540 3606
8510 3843
4018 5026
5822 1094
8592 9908
2261 213
551 441
1874 4608
4867 3334
1885 8548
4263 43
3840 3046
4000 1414
394 1337
3146 4731
6745 6827
4311 8927
204 7356
9562 1794
4240 972
2155 4523
7002 3063
5812 7315
2548 9774
7035 3362
2551 7377
7385 5465
4041 9943
7557 4624
224 7906
369 7758
9950 6782
1588 4654
6105 3670
524 2427
9557 3028
1474 5672
8298 5695
6399 9789
3172 3980
5285 8299
1345 4045
4022 4306
5445 9910
7308 7648
3073 2649
3930 237
6349 4782
629 5869
5850 3025
2533 7902
5042 8672
3316 3271
5252 1463
691 3044
1096 7871
7450 7010
8365 6911
3249 3006
58 9056
6573 7636
7125 3595
2520 915
990 5950
1496 2939
1375 8038
6517 1058
3006 4761
8578 7755
1087 9595
7234 1723
7900 8146
7247 4933
2910 9322
7296 232
6984 3536
1820 5920
3677 106
574 5581
8855 7940
7707 7682
7563 8218
1634 7020
2178 5646
2321 6676
6560 3863
4844 2332
7697 2640
4768 6993
4729 30
6219 8459
7952 2523
3331 2401
6737 6970
7271 7647
4602 8386
6208 9380
4343 3088
2627 6882
7716 1395
9652 5986
2334 7078
2461 2467
3871 8392
4471 1292
7348 6546
1310 2682
1819 4890
4447 9335
1983 2890
7701 7921
2445 4864
3716 1523
1910 3383
5238 3864
7211 1616
9050 1717
270 6008
4686 1823
2890 5977
8101 4826
4305 8153
1766 6133
3990 413
1774 4370
8728 872
549 6608
6092 2150
905 2673
6643 4379
9403 152
2482 1623
3737 2295
2199 3993
7991 8456
5853 6203
3026 1606
9300 9858
3552 7599
5411 1637
464 3132
7734 5290
4179 136
6855 1757
3096 8306
2700 9993
168 2934
139 6217
9491 7526
6698 394
7573 7764
5731 606
4535 1864
1500 9641
1648 7546
2498 1539
9645 329
2688 9267
8089 4846
9084 9118
4635 5080
7872 3044
9446 3691
9443 5780
3205 6218
6071 5834
1747 3814
8367 3548
8333 2592
8271 9041
396 9916
5703 2767
6718 739
485 4820
9344 4907
1767 1811
942 2304
2012 6729
5253 9804
4789 5940
7914 4462
4556 2821
3697 468
253 5224
8189 72
2145 1491
420 4268
6853 8742
5432 368
5661 7372
5109 8276
4223 5794
2545 5572
9443 1167
5423 872
3307 3777
9783 2654
8463 8906
2691 2094
2059 3163
131 9794
6858 4240
882 3209
1710 7980
9607 6028
5954 1838
5898 9395
4434 6188
2511 7772
3328 3275
525 2435
7763 7060
9507 1492
9916 1447
5145 3426
3675 2340
6700 726
6845 9857
465 2711
798 9258
6118 1163
2699 8740
7449 3970
7078 8832
4289 8042
3115 2163
5778 7029
2441 8982
4224 8400
4198 7026
2290 30
8234 6764
1864 1057
4445 8479
4168 3812
6253 276
9600 7434
9729 5914
6542 8659
5913 9034
4719 375
4397 3795
579 6571
865 147
8874 5509
9984 9023
1739 621
1351 1304
553 6692
1509 2843
8513 3971
936 9885
7670 4749
3595 5730
5384 7470
2016 3617
7446 2232
6276 7176
7467 7767
376 5203
8697 412
3168 6548
1194 4727
6279 8370
9530 4540
8778 793
93 4110
9315 7793
5120 4036
6174 119
7984 7760
948 7723
5439 8006
7470 9251
6270 9643
5378 7639
5289 230
1078 8579
5419 6750
2481 7286
4139 5713
135 449
3557 7539
1860 6494
3277 305
7196 3809
8946 7288
5587 5788
7232 6780
1094 322
4585 6474
6388 9221
7102 4353
6697 2440
9453 7921
9835 7860
1274 1521
8447 5657
2283 5834
2414 2121
5458 6189
7490 115
5211 2855
1568 5479
3715 2926
2015 8847
7317 1912
8503 1584
3178 9402
5666 6611
1379 331
5112 1880
3713 2229
8081 7972
7747 900
7814 2222
7595 1715
6599 3580
7378 6889
1218 3806
3101 6810
820 5991
1832 8977
4771 1127
5925 7151
3078 3870
8255 2083
2789 6001
9228 3861
4412 5401
4861 3403
6703 9512
3608 3844
8202 1214
5505 2914
6599 6512
2473 6611
6441 1994
2903 4336
2224 6687
8710 3349
2099 9452
3417 3920
7493 4282
1401 632
6928 2220
7848 181
4260 9704
9440 1486
3371 9777
1901 6994
7136 6404
1447 8503
2465 7193
8864 8858
5201 164
3806 9102
6088 1191
6415 9037
3544 6561
4973 4648
7850 7246
1413 2193
2703 9519
7893 3137
9945 9404
386 5265
9969 1367
4913 3321
3874 2808
7104 2262
7070 8616
7217 5662
3640 9771
3861 1056
1379 5142
638 6067
9587 8091
9623 5721
8672 8288
4113 8961
7225 2578
5317 8138
6454 6092
658 7893
1651 6796
2357 1678
7158 4225
379 3355
9959 6915
8337 4841
7552 3728
2106 4
3943 2411
9415 5871
4717 514
3554 8647
24 287
1347 6346
2271 9495
3935 9750
808 6997
8037 7641
4826 4700
7378 807
2547 4036
9881 9086
8380 7292
1382 8876
5809 6258
1703 3689
6410 1694
8506 9335
297 9405
8997 5089
529 5191
4803 5899
9290 8999
1797 6878
9606 7382
9058 9244
8912 4104
9176 831
3842 6114
8910 9824
2828 8570
1549 5404
9176 2201
8136 5924
932 2340
7803 8265
5759 9583
2670 8733
548 4597
2003 9068
7724 5799
6767 5143
4323 8166
3294 8157
6187 3695
2196 2350
3410 5746
8915 7148
6356 6906
692 8749
39 413
6872 9721
2132 7360
7382 3987
3591 3430
5492 4377
5676 6588
2349 7102
5198 796
7563 5588
6693 2789
7993 7320
2304 292
7805 9804
4881 8627
4149 5339
2516 5996
223 927
3930 6555
1025 2133
7980 6320
9857 1849
7283 6360
3995 5087
8650 8390
4781 2932
7758 1534
8280 5722
6194 8145
1014 7015
1148 3648
556 7980
9600 510
3382 9969
5146 9906
2970 7062
5417 4176
1598 3871
6818 9037
1365 7055
8233 4531
8210 2160
3150 4820
5598 6038
9193 1021
2668 4876
4730 7631
1715 7846
4112 6127
957 130
108 1002
565 4376
6744 5786
1 5124
910 5749
9171 1251
1679 3316
4293 3451
8974 2569
377 567
3436 390
6685 8985
3200 2043
4906 3667
6013 1114
6088 9798
2306 3346
9467 5215
6686 1229
4210 7236
1528 2869
8512 7176
2687 3115
4385 2292
8436 3124
9461 5221
8220 1021
8667 3940
2330 3687
3707 9270
5057 6334
9476 1644
5888 3613
9970 1836
5539 3267
6684 3708
452 9718
1789 9743
1221 3752
7585 8001
1952 4340
7986 4079
3483 740
7697 9321
7314 1137
1138 3174
8605 5390
5311 9133
5127 4251
1350 4841
747 61
1770 1567
7341 4290
8688 576
7826 2287
3798 6214
8679 5836
3249 9617
1142 8035
1416 6153
8404 4598
9360 3702
3049 1344
2283 6563
1353 2339
6532 9885
5240 4174
1701 1291
8883 2301
4199 2756
7571 6108
1123 6986
7641 4467
2688 1791
5167 6126
7524 8127
5183 4492
6399 1174
8412 4900
4687 8662
8003 9332
1498 9234
6604 2769
3681 4288
6784 9021
8723 1917
5796 6488
1692 851
958 5781
7483 6634
2617 2603
9380 9772
9846 143
947 1417
7355 6017
6380 2590
6289 9849
3186 9653
6840 1472
5853 9243
1426 7082
8790 7765
6138 925
3611 490
9076 3633
5167 8033
370 5238
1462 3346
8999 2412
183 8991
9261 4332
358 9060
2207 9819
8187 9600
4404 3369
4576 7821
5450 7625
7492 825
7150 9217
84 8022
4895 3967
7277 818
6184 5856
5119 6553
2495 3673
6831 1565
672 4000
1506 4780
2811 5004
6091 564
5737 6357
6439 6461
9542 5320
2993 6736
9657 802
3455 9680
2272 7502
9235 8907
5249 6564
3954 5985
1173 3702
1426 1266
5935 7815
5601 1317
7461 1119
1872 2527
2239 5393
2184 2259
5148 7585
2988 1514
7715 7544
1618 6539
7345 8214
6977 6829
7166 3297
107 4174
6825 1730
3159 6337
4527 9533
3586 8690
6648 619
5304 3971
2159 4173
5338 6547
7147 5397
8907 7063
2170 9449
1705 1532
9758 8642
9329 9534
4139 6653
2714 8582
9158 8310
8237 6477
8320 6158
6522 2349
1262 7386
5301 626
7251 7601
4641 6599
5931 3437
2588 6591
768 1910
4987 3394
1673 8650
1727 7408
8194 1740
9849 2446
8510 6987
3846 1658
98 3381
7321 6967
8890 8102
3911 513
7903 6898
5225 3195
6304 8978
736 9191
9189 4636
9885 9391
7796 4256
7168 8802
6781 1254
3676 1592
5830 6728
9716 3661
276 4156
3590 3117
6289 99
7026 2470
4813 7622
3641 111
4413 8742
2030 539
8521 7903
188 3330
5349 8416
2016 7600
9417 1676
9905 9945
6111 4277
4047 9454
9805 7840
3668 9514
6459 5492
8975 2486
7025 6998
7666 8666
3094 9880
4426 5427
5417 5243
2023 4806
8738 8013
7282 4859
4576 5353
5932 7225
1797 9298
6884 2066
7135 8757
1124 5570
209 539
2873 5087
8637 3965
6527 2984
4655 2529
1457 5206
6804 9347
9745 2789
8006 4724
7891 8191
9731 5214
2492 1924
2737 1371
5468 4219
7170 2855
9292 2471
6070 7506
7175 7694
5730 8024
8379 2207
855 4604
9032 4271
5235 4174
256 9478
8181 9050
6304 6911
1800 6756
1456 966
4756 8624
722 8096
6483 5930
5044 2801
8742 3153
5137 5674
9838 7000
5984 7224
202 5804
4858 1818
1282 4514
4583 2398
5244 8774
1189 8743
1112 9381
3870 8825
3052 5845
9792 1900
5970 4006
3046 2605
3822 8950
8716 9636
3819 7479
5390 3455
6386 3716
9596 151
6540 3191
8951 6551
660 7876
7014 7270
8829 4469
3462 9518
1387 3068
1960 2412
9468 6113
3396 6730
7563 4454
308 8923
1944 2810
8499 8572
1137 5082
6588 6399
6159 9325
8226 9079
2532 4604
5421 7527
9283 173
3980 5471
3120 4627
7296 5409
6594 4787
3964 429
6576 2695
6616 6406
646 1683
5154 2688
122 7089
4933 9666
7249 2399
1941 9689
9850 9826
125 8669
7207 851
7146 6468
375 3499
7505 6167
8635 9725
10000 4813
4975 1147
3368 450
7988 5309
6875 7084
375 6467
6458 8915
1596 4116
241 2997
4108 6271
6895 9754
3346 1614
9624 1107
648 7224
5163 7737
7589 6010
1997 9210
2949 6154
8694 3946
1681 4750
9868 6039
9678 2356
9655 1183
5721 9132
1094 3431
216 8955
3017 6900
4926 3248
4911 5015
55 7252
3203 6888
4200 1029
4103 5499
500 8557
7584 3430
4496 3354
7645 6514
3371 9380
1877 8168
5128 7956
4662 1886
7192 7693
9612 6973
9999 6862
558 3064
1241 8047
5500 8121
7762 8715
8014 7071
9895 4355
8478 117
9918 61
3380 4777
3209 2473
2045 7786
5539 3529
6914 9143
7896 4959
5264 3682
6598 1298
4881 3425
705 1960
1329 933
5903 9612
4871 9304
5937 8179
5309 4026
1076 9933
122 462
9463 9795
5180 1670
1174 5526
5777 5554
9416 2292
6378 1187
5773 2092
7160 6146
5643 2961
7799 547
4382 669
7414 8396
9332 428
9497 5585
9224 6518
3664 1226
9557 6146
2584 1066
3379 4462
461 9166
4711 7604
979 6695
7035 8760
291 987
3871 5591
3451 8539
8528 3937
994 4663
8122 4770
2797 5796
6411 6246
562 396
6956 7878
1189 4877
2244 5924
2833 9235
2099 5349
1154 2440
3934 6211
8832 2024
4379 6573
7242 7480
1541 3538
1550 4801
4794 2281
1396 126
8345 9481
2359 7762
7012 5817
4228 8339
9227 3875
1661 8781
2814 655
7859 3468
7997 6792
8818 2690
8143 6864
3725 7050
8731 2761
7485 3993
2828 4333
9996 5173
795 3821
9946 2398
6555 7145
3172 6235
4766 7277
519 6166
3116 6750
9162 5420
152 9041
9178 2189
195 552
615 2568
3706 3534
6742 4252
8132 6862
3264 1872
4702 2317
2829 1004
4529 3658
7429 2667
1302 1327
3935 9860
6600 9386
132 2786
8464 5562
7779 9048
6679 7475
9743 1664
9428 7426
1560 6081
5486 6281
9026 5944
9728 6132
9017 371
2466 3919
2332 1505
7789 7749
6053 3052
2768 2613
1947 385
150 8415
7420 4691
5556 5496
6554 5265
8115 3175
3763 4387
7534 109
8640 1745
4696 3555
1092 1379
3533 5766
7584 6290
5924 4520
795 7988
7209 6112
505 7565
7072 7274
3737 6130
3633 7713
6407 6962
4575 9589
2188 6508
7901 5928
8514 3975
7856 5131
9125 4302
6917 4515
4176 8336
7137 2483
5934 9539
5413 4298
964 6934
5798 5338
4348 6504
5740 2124
7137 4232
77 5492
2305 6214
4014 2066
26 3621
7292 3051
7447 9548
7021 6826
1060 9255
931 7899
380 3097
8100 7443
3736 9301
1955 5864
5149 9249
4356 349
1131 5875
5772 7359
4308 5504
2278 9264
6178 60
6501 260
7107 9841
6418 5405
9081 6297
9205 3678
236 8513
2409 686
4306 4832
5043 8833
4638 7033
310 7628
4122 7030
4296 2882
986 1202
1236 5616
1445 2083
9740 5065
4616 580
8291 570
5082 6777
3307 8315
2757 6416
2213 9779
6081 110
2180 9319
4590 2403
6244 9059
1832 9582
2832 9649
8544 9637
4577 3835
8834 7453
1173 545
4660 5806
3836 1026
7476 5159
1917 2901
6778 3863
5829 1191
4056 7239
7047 2045
283 5903
8435 494
5693 932
9453 2541
4719 6691
4966 9016
9891 13
2165 2704
7622 6008
865 8733
3253 4221
6206 9289
4449 5549
4339 3257
9702 3843
8262 9552
8746 3394
5772 1805
9075 3412
3990 6861
9426 5093
2649 8008
9549 9307
7272 6152
5787 324
2429 8843
2722 8456
3497 9284
9071 5731
4153 9876
684 6779
8157 5791
9739 5453
1017 261
4527 5301
2503 7178
2807 2513
8441 5592
2618 4092
2073 8684
1319 634
7418 9350
4364 7357
862 1298
9947 5775
6078 7756
1963 6766
2754 2751
714 4854
1870 1508
5388 4544
9924 3814
5296 7989
3070 6104
5322 3864
6301 5493
9094 9999
3491 5572
16 2250
2955 3507
6697 7992
1870 7701
8302 6842
1573 7514
3515 7673
3416 2751
3871 8285
8160 947
363 7292
431 6682
3123 2852
1547 8110
4505 2565
8690 566
2754 5152
8812 9928
9226 5050
942 7187
3307 7008
2763 1385
2357 1778
7270 8157
5000 3870
7165 3997
8360 2903
5164 1267
8695 7745
9925 463
4116 9882
3854 1217
261 1342
4117 6152
2323 3161
7668 8407
1339 5414
7308 508
877 4420
8443 6308
4066 7478
1589 1932
3520 4033
3071 6464
7728 8383
4691 6242
8706 7034
8064 7916
7204 5934
4350 5262
6025 5813
7985 5674
4003 5490
6541 3053
8879 7778
8098 673
2638 4233
9103 6328
342 1357
8029 9176
7691 7039
6190 4840
2172 6390
7562 2044
4152 8647
1313 8465
4141 9435
7948 9362
3021 3353
3366 6248
6208 5725
8294 1907
8660 682
1758 5863
9927 6759
984 3609
8470 4282
2424 7876
7019 298
6301 1155
6523 7244
1529 9200
3468 8475
8216 8944
5476 9254
6359 8750
9518 9451
1866 5262
946 2547
212 6819
944 1337
7567 3135
4756 5967
2016 7599
3745 9986
5978 6243
1877 588
8663 8416
8652 7202
3135 9563
3652 5734
249 8864
2920 5208
212 4415
3405 528
2424 6369
6366 4157
9150 7676
8895 2874
1344 116
5372 49
6380 7312
4525 9838
6065 9105
3403 7821
6196 51
2255 6599
5869 6194
4807 6035
758 2846
4561 7480
6206 6034
3060 663
7592 6896
4553 7417
1706 86
6708 7721
9141 2490
627 1866
4186 5338
6998 6830
1595 9834
9081 3554
2176 1588
6307 5265
3802 7297
1805 2773
3574 9040
9309 3985
3921 6575
5437 5373
1729 8038
8624 7919
5672 3606
8416 2752
2420 5219
9765 5797
3300 8005
1034 6616
7938 3361
337 5967
1364 9743
4041 9546
9467 9045
9881 8771
7430 7462
9322 7646
4501 3834
1585 7909
8661 1336
5701 1947
145 6131
1676 6546
1387 7232
305 4878
6641 433
3785 8541
2179 8970
2082 8066
9841 674
7501 4086
2797 2926
901 8018
7996 4405
291 8082
4452 2889
8028 2173
2448 7799
8835 5303
4423 7768
6568 3411
3222 8874
5955 9469
812 770
3437 6689
1257 125
854 3855
3512 4603
3401 3189
5513 5229
5239 5321
7489 3087
3438 8733
4396 248
9397 9528
8384 7665
4083 216
735 9715
9371 8209
3097 1791
6616 9819
5139 4911
2793 108
5811 5984
2920 6351
5876 52
9361 3484
1600 1845
7144 137
1446 9867
5023 9396
7903 1861
5631 116
872 6668
2286 2084
1235 9722
3889 6090
1609 5746
3405 1787
423 8744
2312 8836
5268 3146
5847 5536
4812 7095
2889 5277
5415 1925
3782 4090
9225 5225
7015 7736
6508 1533
1864 804
4056 1889
3291 5932
1372 6063
2635 8278
833 1496
6320 326
344 6703
1035 1301
3240 5122
4764 6560
8503 3894
4690 3626
8413 8014
4097 7292
1218 8859
3540 4357
2756 6079
8942 9660
8852 893
4787 2940
7335 6660
4697 3740
5670 3094
2355 401
1347 7711
5812 619
672 3472
1124 4092
7686 9696
3888 7027
6197 3729
6213 1107
2192 8432
5915 9550
609 7440
185 502
6594 6423
24 7111
746 8763
9895 9237
7540 8752
6784 4314
5172 5813
4421 1623
3457 9721
8684 1164
934 401
6967 684
6524 3212
4534 2769
8910 281
2908 5647
538 4786
6421 3344
1206 6693
5864 327
1650 9078
8477 8644
9807 715
2916 6588
7639 3944
889 1923
4244 1649
5240 5977
3481 1571
1450 9816
490 5584
2117 8752
7903 1773
3439 6174
2087 4768
6597 8259
6288 4629
3295 5241
9434 1615
7257 6049
1425 9250
5112 7777
4184 4318
3098 5978
6822 4238
116 5420
3318 6060
2432 5131
7560 1944
1308 618
8581 9857
1455 7720
8886 7478
2931 7631
5142 7624
1230 2000
9482 5033
4982 5876
8532 8758
773 1098
960 4084
5440 8299
7597 7245
5608 9865
7075 2906
5350 4399
6067 250
307 7720
8934 8847
2601 3043
7940 286
9453 3139
9105 8845
9688 6638
950 3179
7723 2285
9666 6175
9683 2346
7976 804
3368 6659
7802 7021
7279 2077
5735 5901
4232 499
4106 886
3067 1735
6522 952
456 1984
6955 2979
3898 1880
2672 1207
9691 3160
4585 3571
7887 5634
4410 667
86 9139
2568 838
4893 7252
2352 4564
4449 442
6615 1089
4887 5956
9694 320
5995 9155
4717 9133
4934 9782
6660 798
2219 5892
9000 5480
776 9906
7187 111
2768 6076
1276 5445
6443 8623
4475 5465
4443 1934
3711 3868
3499 3878
6347 5571
8750 9148
7082 3754
1790 9184
685 7166
6364 876
1307 9098
2076 8438
8884 4631
5396 9550
416 9346
5217 826
3658 5184
2740 4627
8276 8834
8193 8342
7548 2907
9638 9326
4121 5256
5045 4005
242 3953
182 7742
898 3569
9367 4793
4383 9252
8127 1463
6845 7799
7402 8107
7482 5877
6488 6361
6053 6520
4243 8990
4917 8570
4197 6040
4325 1950
3225 9937
5116 8121
3730 4087
226 7961
4289 2519
7349 8238
1630 1722
3284 5377
4301 6504
589 5265
6429 2605
32 7548
9849 7166
1212 4386
3839 889
7431 366
8313 6668
7494 457
2016 9706
9179 7054
563 3712
7862 7486
3751 5924
527 1491
6352 3548
9879 8941
9001 3335
9499 8310
9015 9644
1938 7185
7416 6655
4146 7712
952 2939
6070 580
1977 9448
3184 5416
8003 109
2178 2393
5236 6166
2995 3123
2962 5381
1427 6090
4358 626
868 9236
7196 230
6412 512
8387 3840
9183 2572
9010 6011
9485 1524
4360 1760
8485 23
9420 262
7412 2367
9893 3157
3554 2385
7465 5832
5456 2339
7667 1607
3565 8816
450 4144
6009 5040
6645 5820
3107 5045
8457 5436
2292 831
118 2919
5325 6180
6875 299
2021 7027
3254 6192
3375 2280
1022 2538
2652 8016
7264 6575
9623 162
1565 9406
9451 3997
4975 5676
3274 9351
3772 1992
9544 7158
9039 3348
6961 7485
4150 4382
8878 2617
2217 612
434 7961
47 3119
3634 7666
7435 1861
1836 161
7906 2692
6926 961
4166 5887
6223 6532
3288 4500
6020 3729
3333 8684
889 4546
169 3579
7727 4332
79 754
3590 2271
5317 377
8827 4011
6715 1998
4460 6164
7523 1857
8049 4622
2367 6679
502 3510
4534 5474
1577 7123
6245 5215
5770 2115
4888 2746
387 4402
7691 4700
5901 1700
2046 6199
5506 5389
6449 563
9083 7039
2286 7412
3780 4868
2747 3777
8621 8276
7852 7721
5578 6389
9117 1901
8948 2443
2443 6347
5070 7932
941 4644
2212 34
5056 6311
7592 8630
8015 6968
3967 39
8767 5055
2820 5236
6785 7754
3695 3928
4508 2620
8426 3101
3938 5578
8661 1022
2599 3227
7822 6164
8756 2017
5098 4371
7555 3154
7103 4704
1455 2589
5884 2396
4608 2808
3178 9770
5734 9134
825 9428
2161 3288
4768 5926
894 7229
1827 6533
2883 9499
5522 3172
5902 7828
8432 3902
6047 2430
5602 4880
8408 5040
5196 483
7223 2663
4047 7014
1959 4283
685 6354
4466 2999
464 6648
6360 8716
552 9007
8641 2415
9141 8158
378 4306
4007 5126
4098 7729
4484 4837
6145 4181
4637 7814
9492 521
9290 2866
7174 7888
3480 8519
2764 9875
6440 7139
3942 283
1579 2148
3942 4234
8179 7266
4821 3200
1472 5140
2149 1604
7035 9491
2792 431
5677 3423
6378 8551
5401 1473
4162 1466
2445 5382
8578 4133
5001 6258
6149 2320
1157 7711
6319 2730
3491 976
6812 831
5150 261
5136 6323
1188 9678
7506 1991
2912 3168
74 8069
7981 1021
7800 8160
2290 7679
187 9763
9508 949
6756 9613
5646 2420
1988 9101
7617 5772
2571 6942
6454 1929
6193 2414
4574 6712
5233 3005
7757 1361
5678 1407
795 6395
9018 4577
5170 5074
9952 7138
729 4486
6287 6321
5864 7182
4609 7383
893 8156
455 7485
4149 6612
2640 2698
7056 7361
6679 3506
5356 3102
3910 2141
8078 1893
3110 853
680 3228
5302 7929
2857 2892
5490 2271
5738 1505
6868 9593
2300 8048
8358 7591
5647 6592
2178 5562
6200 7153
3454 1423
6501 1791
5924 9933
3526 2618
3418 9332
3098 7982
2326 8750
4817 7273
1619 5628
1340 7288
6037 2274
9138 4881
2092 9414
9780 7900
5444 7044
1458 6329
1564 4251
4195 6835
2038 906
5191 3163
3563 2751
2655 5119
1057 7311
2536 5745
3737 1949
1955 891
6588 9093
9432 317
143 2614
9239 6543
7306 2499
1207 9559
2609 4732
2355 3427
4951 6806
9691 4838
8136 29
4625 6863
7140 6898
6275 7007
3490 722
9066 2013
9404 7795
6581 6321
1410 4174
5805 8711
8918 9782
4633 8860
9198 6418
5128 5757
3033 3290
1573 1874
226 5907
1960 9568
4948 1004
1911 3303
9487 1888
7325 9596
5559 3967
676 3323
6043 681
3373 8845
290 8678
2460 1593
9861 7710
1821 1755
665 5516
4364 3875
4238 8920
7400 3282
6091 7748
6998 2442
6381 273
6687 513
7032 6326
3457 8220
3490 9134
6044 913
821 3548
3732 5194
2706 486
4166 8481
3008 5774
143 6484
3963 9862
3163 8543
9851 4985
8333 7651
7868 315
9992 8950
6030 5912
5316 2569
3237 8226
6272 5692
9428 2113
6121 3218
7971 1608
5847 7403
942 1300
8260 1936
9768 956
735 3540
9276 4836
1684 1673
701 9913
8950 6002
4537 2832
6625 8279
2810 4515
5690 1570
1261 7572
2464 1566
5750 647
9791 7322
400 8966
4682 4566
92 9391
8938 3576
8553 3711
470 6770
6367 33
4779 9627
1480 1093
7819 8984
8617 1436
9267 3704
4481 9727
1561 3919
8273 5280
1991 2582
4382 6431
6512 7862
1663 4821
199 7743
5469 7558
8474 3177
526 8080
6886 2924
6108 1970
2874 8964
1368 8860
7136 2927
8591 4883
7140 681
8607 1046
7099 1871
8355 3172
2087 4331
1180 382
7430 3454
862 968
6086 2957
7981 8415
271 1764
8638 1265
206 6487
401 8212
1834 5148
6547 6561
5096 221
7707 7250
5291 4600
5815 9379
9526 8655
9890 8394
197 1281
6871 6136
7150 7673
7188 9037
8167 731
53 7041
872 4349
8600 9056
1457 1892
7719 1255
2491 2628
6454 3459
8790 4662
3798 6658
5139 9658
3012 4733
7011 8566
3358 4885
4772 3543
3080 2037
215 3280
4365 5663
5029 9783
8473 834
3255 5603
3320 3162
1881 5429
5831 5463
7666 2026
9954 1681
7805 7165
1670 2128
4401 532
8351 3460
9038 1885
2428 3469
9006 9400
192 7316
1858 1836
9575 7249
1507 3738
8771 8520
4632 1269
2277 6970
6857 4288
5821 4723
7891 1876
9956 3961
5607 4208
4524 3829
8682 8156
1302 4554
3629 6338
6312 457
4021 1498
7707 5406
6268 2647
9222 9030
6077 2143
2641 7565
4641 1818
9674 917
8391 3105
9683 3283
8423 2472
71 853
2264 5448
1758 8301
803 5808
9320 8904
2191 4339
136 6897
5543 7217
2098 4669
9035 4825
2001 2045
7571 3669
5913 6107
1619 2678
8897 6978
3227 7219
5862 7212
2059 3301
2801 8115
2297 7722
1818 2710
9954 213
8373 3240
7112 7844
1389 2521
5147 2231
4651 8653
1938 5355
2961 3672
7898 753
7597 1073
3769 6532
5617 6451
3410 7177
342 9440
9942 9078
8712 9467
2784 688
231 5254
1947 7912
6734 1238
1882 7411
7648 1687
3314 5445
9353 3552
6743 9595
57 6741
7788 2216
4295 2101
6894 4990
4117 4996
7269 1201
5436 4670
9256 6491
175 8911
9291 7963
4657 9389
8950 6560
7415 6738
6619 7563
2656 9849
2194 211
2004 3554
15 6374
5684 8751
338 8129
8781 1435
3960 3254
4791 522
1934 7580
7047 7958
3018 7439
904 8520
2199 5841
8749 3005
4612 6583
2277 5322
8701 2014
2711 466
9044 5110
3853 8545
7388 9467
9680 9078
6076 7838
480 8840
6224 535
5875 6028
1081 2333
4222 7420
3263 8509
4872 4625
5984 7214
4385 9244
5862 8530
2880 7542
7382 6303
7840 6835
3057 2384
4482 1746
3799 5906
7593 8737
7263 9973
8415 7803
8775 9342
2737 533
9792 6267
2853 9443
4215 6958
8244 7527
6066 9882
9910 5802
1607 6422
2377 7931
7737 5214
5758 7912
1284 9126
6443 7564
6977 4319
1260 9700
6798 2835
8958 7537
5500 6626
3442 8486
454 3933
5862 590
6570 1693
8859 5300
7944 8661
8804 5535
4952 1415
1774 1153
7665 5666
6647 1191
7954 86
439 2501
6785 6682
4954 9606
9121 3524
5594 3548
7276 4725
6204 9909
6064 1154
5368 2803
7754 2397
5294 971
1839 5650
5620 839
8093 3398
3587 6760
3535 4748
2263 265
1948 2549
167 3378
1120 9868
5859 3441
6873 4615
5008 1941
5874 5009
626 3385
5163 6873
1649 3977
5461 2570
9377 502
6953 9871
8627 1359
3472 4707
1968 3007
4714 4417
5524 4733
2422 78
2218 8543
5578 7233
4755 9301
4773 4255
5131 3251
8543 7288
5587 8123
4571 3128
3464 552
5581 4616
2983 8636
6392 9819
8138 4556
3483 3260
9008 2439
3225 6122
5439 3647
9337 3686
5917 8054
3940 1709
5299 4174
4653 9631
9804 9700
6050 2611
8769 5512
4532 8889
220 4055
7427 5422
793 240
8454 5110
9414 6770
6410 4634
9077 2430
2468 4613
6184 4804
5535 2955
7595 2265
3761 1079
1048 3902
8237 3308
5639 7875
5780 7962
6475 3907
6345 4549
7658 7947
5314 8214
7029 6991
933 5465
3311 1265
9375 9744
7037 4449
9352 2758
4347 5276
4220 1516
8339 3718
2251 555
4698 9549
2218 9773
5630 6110
9193 2546
9148 3558
1859 4372
7808 4345
731 7359
9748 2958
6071 7963
6436 1705
7346 5696
1407 7498
1627 7789
7014 3441
4309 6716
8733 2066
9000 3123
6250 6242
8788 3860
9875 4824
245 5743
8213 5627
7192 7980
5784 6206
4083 1861
1115 6937
9370 4579
6392 9724
6204 5896
7725 9329
563 2198
3511 307
1800 1941
4149 2515
5965 2961
6268 5980
7291 7007
9935 2278
4344 6508
6663 4575
7975 7998
7051 1411
6944 9001
7132 6416
9932 5630
471 6070
3978 8834
8607 8335
7306 6027
9097 6049
9454 4757
9886 5912
2984 7196
5124 2726
9627 7571
8996 5001
7688 6092
5631 2824
8225 6816
6857 4425
9809 25
5273 3264
835 5132
4540 6878
8038 9464
6409 8941
1322 4958
5268 8694
3323 3799
4319 1519
9678 3327
4750 4418
6516 3746
3574 2663
2857 8133
3532 1142
966 5086
4437 6700
3679 7280
7548 20
9728 8321
7391 8084
8453 8499
8022 1827
6806 9734
629 4879
728 8517
6740 2218
3793 4791
1624 9568
8628 9156
1285 7199
4918 2310
8411 3191
4473 7518
3446 2573
6767 2095
6618 5659
8529 8406
3740 6507
3824 4831
9425 9249
9553 2549
7200 4518
6098 6527
8216 8425
5215 6858
3776 2429
1093 4735
2610 6790
3699 941
8998 3540
4118 7733
3018 971
3427 37
4171 9157
551 4900
4598 1320
689 8666
4671 762
5666 9304
4972 2718
9904 8359
963 9823
5122 2455
8721 3609
9713 6745
3209 3493
6355 182
6145 9744
9912 889
2038 1446
7866 594
9919 3692
2838 1749