10000
3496
9938
5236
8280
115
9121
5016
8673
1124
2705
443
1525
1546
974
6512
9537
3775
7563
6174
3911
9433
3092
1375
9212
3534
3842
6092
6300
8726
2412
6982
7906
7975
1925
908
6464
9142
6852
3251
4366
7083
5163
5018
1096
731
7861
1978
9790
2767
7164
1456
4539
2872
6718
9584
374
3968
3808
1807
1257
4710
91
6217
5229
7391
3174
7616
8831
6884
153
5971
5400
3105
2995
6224
2297
2509
5217
4289
1735
6856
9676
3392
6704
7214
4316
3774
9893
5032
9800
8993
5711
5030
6364
7840
4002
1891
2423
4500
5881
1210
2267
7125
9332
3845
904
8675
9272
5616
1830
1046
4507
85
8417
2837
2522
8284
2027
9349
757
8744
9706
8306
3434
1738
5360
4902
911
2092
2373
401
5212
2992
1535
6311
2846
6421
2539
9304
6940
9706
9729
3900
7902
73
9389
2306
2661
3488
7278
8181
5528
5606
7529
8489
1165
8570
9316
3958
2301
5271
8859
1604
3348
5986
9260
4809
5001
6192
9158
2020
5156
6010
213
618
7592
3112
3406
1281
2420
4596
2393
7256
985
3756
8299
4532
3385
5639
5163
8041
2479
2975
9688
3569
2381
9127
3724
7438
1307
1339
5816
908
2186
3560
688
9765
6322
4598
1697
1683
2979
3798
1376
9682
7747
3718
7778
335
8661
368
9615
1383
7815
3207
9377
7415
5752
62
4006
6468
5679
9180
2467
9647
7332
45
1870
8255
8529
2326
8248
5276
2944
8088
7635
3740
7772
6332
7780
9757
174
7145
6818
4866
2492
9279
6996
7595
9924
7411
4212
6844
3290
1743
920
8307
2399
1755
5486
2405
6826
5897
9292
6401
6861
9112
1828
6956
5241
2466
989
7037
6076
6546
4261
1992
7175
2658
9455
643
5564
8
6287
4912
5892
5374
1611
2560
8337
7748
9603
6307
5961
6191
5295
5236
2289
2155
9045
3774
6442
4231
8676
9792
51
9062
7336
51
185
4927
7356
2226
7692
832
7448
9953
1283
2466
6146
8170
5322
8872
3731
9499
9789
8051
9814
4198
6586
8349
9440
5655
492
6334
8223
2911
6560
865
44
9482
6258
5890
7147
5554
1438
677
187
4695
3794
3075
9005
74
2052
7685
5651
8663
2577
6746
1650
6484
650
8499
3363
3909
7278
4620
6710
6166
5395
8696
9472
508
6899
1479
8
4196
427
4280
7364
1120
5665
496
2917
1485
2940
381
7581
8195
5572
2621
7454
1909
1605
9703
6307
9216
3505
8292
944
8870
127
5215
7459
974
8485
5309
2713
1574
5833
7885
9335
1168
4470
7533
5492
1486
1672
8816
3387
4290
4322
8120
9072
9590
6268
4179
8320
7001
1123
3384
1831
9339
2114
2169
6139
6926
1316
8869
6996
1394
1728
2968
6802
2358
7393
4009
2167
1596
8320
5307
8724
6133
7015
9821
708
5378
9306
4488
7074
5236
5755
5255
3290
2509
2684
3720
2775
5738
2194
3238
5664
1847
9070
1248
3571
4101
8149
7115
3852
8500
9435
5284
4790
9780
4244
9907
9744
1101
7125
9961
3527
2602
2514
7922
1160
6121
2769
4322
9355
3188
1020
9850
1988
2919
3374
1984
5967
3248
5925
3285
4514
1963
6916
7088
9456
2854
1825
3836
9610
8389
4769
5834
9742
1634
2304
1901
6499
4931
5795
3826
1974
5438
1696
5620
8037
8103
9350
4841
4561
9561
7600
9541
7254
8111
109
2063
17
7341
9009
6696
6985
9333
9061
9333
723
1
9075
5700
595
8204
683
1836
1918
2247
1619
1808
1538
862
3353
310
873
2900
2034
7516
5767
8031
9077
9412
603
651
6138
1682
3027
2402
9962
9999
713
5839
6027
5164
6757
3332
2884
4258
7823
4377
7717
6219
5082
2041
3395
6150
5711
8666
3240
6610
6224
8801
1211
6040
5725
7299
3680
4801
1609
4453
2468
8164
3479
6249
5356
6020
1591
7182
9847
5069
4854
2437
1057
9731
1577
8618
8298
4801
8544
2074
9616
3767
2364
1521
4035
1915
8160
6034
414
9488
4136
6739
9462
530
1583
7104
9496
206
3170
7368
1908
897
1752
1753
2034
9835
7171
2680
2513
1286
1237
9041
390
5040
2640
2204
7498
7926
7260
6992
3991
3194
3415
3140
1799
268
889
9018
2109
7436
1507
7974
7425
5807
3487
3152
7643
2352
2868
5707
3386
2671
1033
6952
1716
7179
5384
7993
3195
9606
3826
4482
8027
5732
2778
9428
585
890
3934
554
1549
5603
2514
9742
3785
6253
1635
2681
5893
2658
424
6626
1152
6008
2386
7582
7068
2001
6499
8111
5339
604
5143
8133
2925
2928
8028
9908
970
5607
5494
5472
6447
8114
9260
1854
8300
1132
8292
3726
7685
5746
5856
196
8817
788
8154
8010
3415
2319
1925
4447
3584
1902
5911
3831
9535
8183
541
5097
2231
9178
5034
9058
5053
7687
5306
3064
5532
6171
2265
1448
4684
9886
104
8846
8652
196
4323
4180
5986
3930
6856
802
8882
702
1349
8920
2979
2413
425
3618
8508
3565
7427
8400
2397
2487
3490
8469
4002
1527
8168
4516
6764
6995
463
5579
5686
5666
4683
3636
3510
7028
3139
8741
7635
8832
3142
296
5136
1526
2483
4384
7535
7366
4094
6696
7940
464
9056
6087
2890
3918
5029
8102
9340
9124
8155
1268
7720
8964
648
7793
8246
8821
6526
3656
5003
4501
853
4161
6061
7207
2592
3924
6287
6591
491
3664
5947
416
8052
7934
1272
7253
1000
8730
8792
9920
1142
5623
514
8874
375
5175
5285
3181
238
9666
1478
511
8081
4774
668
7046
8278
4448
3799
2911
9718
8334
4119
4537
8342
848
4906
7764
6211
828
5597
891
3247
9119
436
3163
874
5422
1464
866
5198
738
8352
7410
367
2924
6735
5007
4261
8108
4825
8076
1156
9044
4215
1414
1735
5861
7612
6743
4507
6872
7048
3629
9921
4308
227
8894
8877
3538
7497
9165
2240
1828
9280
6611
2886
6837
1470
450
7384
4097
7057
854
1568
916
6392
1024
4853
2075
3065
490
9138
7302
9097
2412
1106
5167
2873
1718
9003
439
9587
116
6896
1636
151
1679
7877
6151
9989
3452
8511
168
7295
4621
2296
2409
8538
7031
2008
9395
4251
6963
3113
8440
2463
545
6451
9378
2578
2069
4298
572
4243
8236
4075
3612
5133
1071
9872
1575
6385
7368
1343
6249
8374
4126
4706
8057
4884
5351
9894
8535
4271
7629
8104
1723
2350
2288
3119
6750
3712
1409
8207
3166
8790
287
429
4115
7921
667
8609
4587
2267
7211
9677
5040
2270
7848
4045
1402
238
3597
9140
8748
8705
1867
8471
2491
371
6026
3317
6605
9668
3901
90
3967
295
9439
7657
5792
7646
1464
1786
9021
2652
2236
3388
2858
8028
2819
599
3862
4581
4243
1175
685
7159
5061
9741
4337
4498
3180
255
5172
4884
6468
2846
6802
2224
6850
9375
3802
3057
4953
5791
4184
959
3861
4523
6477
5534
114
7450
881
9617
4624
3885
4622
4473
4680
4189
8529
6035
3469
1707
1921
1145
687
950
8092
4526
143
5943
3900
7636
8905
8371
3967
1513
9835
3268
2277
2311
1230
3528
6608
4881
596
8838
6672
8570
948
1063
1452
8889
6246
9492
7436
9636
4053
2590
3285
5988
2817
6862
3554
601
8718
9027
4608
1487
3090
4076
5986
8880
369
8558
1384
2176
1088
760
1940
1994
4836
3428
8294
444
4551
3247
9565
7180
1156
3609
4279
250
5578
5786
9620
9831
143
5299
2749
4322
9039
2433
3878
7014
5696
6395
1323
2599
2087
4090
5504
4316
6138
9637
4689
8739
9398
8295
1440
5278
5446
3930
7218
6714
2274
8917
3526
8979
5946
4655
2456
4130
8972
6034
3093
2778
2444
9495
2188
922
1223
8343
3279
9366
7953
7283
321
7078
1959
8851
2405
5800
2463
54
6746
3610
2092
9633
1185
6250
2545
9987
1196
361
2024
179
4610
5471
5244
8258
3722
4632
2278
9147
4439
681
1330
9382
4447
144
9754
5663
1778
8814
4654
8885
266
6848
2714
8255
4542
6112
1259
1999
1133
4260
4460
7382
6651
8242
7399
9950
741
3558
717
7105
2283
2151
7702
9955
7059
8343
1168
3618
7522
6874
9986
4075
2319
6250
3381
285
4467
434
1869
4388
5484
9705
3101
1448
9505
9588
7796
7992
3319
8500
6399
8181
8473
7114
9194
2416
5660
7076
5578
5148
2389
9643
4732
2197
6593
6913
1831
4402
7745
805
9045
2358
5373
9290
7687
938
7442
8177
6594
3171
1557
8545
1335
7374
2382
5537
1546
4596
7828
6518
2857
810
1265
4990
42
6678
4062
3277
8104
1120
9969
7478
2932
5744
214
7578
3866
9823
2783
331
5230
8709
1502
3861
4515
1684
9592
817
1510
7410
8463
6628
9098
6654
8257
9648
7097
5388
9862
2286
2928
4190
379
427
9597
1566
2984
5442
1147
2399
3602
470
2469
6610
6773
2193
1150
1384
6082
2271
7716
9
7354
4311
1996
3674
3603
1551
1021
5934
934
6440
6428
3055
1420
959
1757
4502
5854
7121
7296
9547
2508
2780
1512
1769
2693
8567
9763
2229
4010
870
4811
6095
5613
2328
7698
30
2075
8378
9423
9553
1344
2000
1329
5517
7366
6349
3053
9289
5189
3406
134
4145
725
9413
8440
9291
971
426
3293
3635
4344
9169
1012
7824
8976
9802
2126
7228
439
3254
4357
26
6200
7244
5815
7435
5881
337
6720
9036
7161
1695
8597
7628
6622
3816
6941
5583
8283
6184
5832
3736
9523
4053
1397
4619
9334
1214
6004
2442
4603
7362
1166
217
5106
5301
5349
1846
4816
4726
5257
282
3255
9168
3517
7100
8265
4303
8655
5327
7322
4004
2335
1345
6644
6712
6647
1190
6772
5194
2059
393
885
8055
9969
2545
9482
3570
2735
5603
9918
3144
3060
4396
6435
5130
5814
4632
7310
9432
2515
6544
5464
7979
711
8443
3343
4913
4304
9014
1759
8739
3768
3411
8960
3015
6017
21
5534
8224
9066
9910
884
7231
1592
4455
3424
4780
8157
7085
694
7632
3257
8646
6135
4505
5554
7189
3207
9363
6400
2050
4448
4686
3310
4565
3525
5775
4522
8734
9541
8416
5048
6301
9483
3322
3309
2188
2704
9746
2801
148
2590
8422
3533
5411
2932
8246
1353
6543
7168
6692
1298
1777
5564
8767
3877
6628
3963
5307
2331
7368
1777
9975
38
9815
7081
9813
6576
1771
3104
8549
9809
1961
843
5315
9657
899
3717
7859
3915
3210
7629
7673
5962
4454
5755
8124
4288
658
3780
8580
501
5624
2360
9992
9107
9938
6695
2712
7944
4595
5692
823
6884
9307
5650
4821
4125
9131
9840
3251
3761
3669
7082
3999
4209
7872
4246
6934
3569
9092
123
9629
5104
9200
6074
8415
5142
8670
1073
2730
4975
4387
7887
4318
743
9285
2194
1966
4801
1175
8025
7359
2177
5756
3174
982
4525
4185
5778
4422
5200
9029
2129
5036
6079
5181
9545
1664
4691
1070
2169
1632
8135
2958
2768
5392
8056
6901
4889
3079
4107
1144
1977
1685
1321
2048
8781
8425
4031
2816
9409
80
2674
4751
4627
5037
7708
662
6357
1895
7632
6150
1371
5098
6369
4205
8095
7018
5543
1974
5274
4887
6454
6436
169
793
6664
3774
6811
6895
2893
3650
359
9451
9751
6904
3716
9436
7310
7681
1775
3732
9708
8165
6513
3015
9647
1877
5205
6314
3999
8970
9436
4102
1580
4350
3519
5945
2268
7799
6554
9328
7146
6166
5054
4684
8839
8189
5405
6240
9583
6029
1016
9002
1937
7638
9041
8985
1881
1511
7210
6997
6775
5545
1003
573
1841
7583
1967
9287
5061
4576
5359
5876
9983
1508
9498
7612
5527
6900
2010
100
1831
9805
3057
3587
8985
5594
160
3311
8260
3003
319
8269
5995
9769
2606
1062
4518
7301
7588
8052
6511
1608
6450
7381
7771
1637
4523
6745
5950
8641
9223
3666
6025
2432
1004
8550
9060
6096
2478
6924
7947
7415
2232
5315
5990
4415
3888
5944
4875
9121
8151
8965
3960
5372
2266
5987
8034
3539
2396
2453
2987
1879
2845
6224
2484
3208
8269
7112
3590
5397
5584
7013
817
9394
3201
3987
7947
9700
9358
616
5788
8160
3132
466
6490
4650
5466
8874
6593
5053
2513
5680
4895
9450
5589
7545
776
9341
8702
7057
9308
5970
7524
1962
2282
1283
9347
360
8868
4697
1480
1651
4835
8489
8032
5053
4840
1678
3681
4618
3814
8169
4898
7391
1468
7462
2994
3889
5277
2639
7566
2382
8500
1052
6592
5205
4477
8528
8539
7096
730
4587
653
7987
8521
6472
7427
7692
7869
6812
8760
2054
655
5007
6300
832
4956
1431
8278
7384
1768
2197
2044
6611
6013
5185
9824
9744
9533
8429
4098
6742
7086
3523
724
5740
2452
2952
7931
7631
965
1762
1970
4108
7646
837
7183
4196
3425
6223
3350
3828
516
9617
7702
3953
3886
968
4949
511
934
8520
3270
1059
7088
5238
1279
8588
6187
1329
1244
4294
9381
527
7974
8708
7789
5707
3902
5917
7770
1155
1109
1401
6556
429
7278
7948
2133
5081
1085
9063
4269
8820
9464
8744
1700
9016
5497
6156
6918
9271
6333
9350
2093
2944
9900
7144
8826
5960
4847
1790
6493
7917
8072
3020
4773
8239
1291
3606
615
2101
4718
2764
8250
5121
1630
7508
2014
405
4272
7350
6714
1083
3391
399
77
6303
8128
2763
1880
4891
2650
9783
3051
3842
3186
7746
419
1394
4691
5404
909
1180
7761
7971
5271
8952
6366
6589
5038
302
138
3410
1632
7851
67
5697
7035
915
2632
2238
5733
9065
9070
5296
3874
8509
5682
271
5740
2190
6687
24
5938
6434
6162
4687
8281
7103
5894
3137
594
2640
3078
6471
759
6245
7719
9639
5792
8684
7098
3402
7350
7388
4255
6239
9451
7599
9266
6301
2049
7565
6328
1222
7926
9953
2222
1796
946
3925
3267
5222
8196
7859
5879
5787
5301
1403
107
9120
480
2301
9753
3715
878
7802
6924
9674
3053
9058
1911
5705
7512
7282
4663
3517
5132
3574
7677
7523
8213
6142
1892
2210
8320
9324
5594
2479
2182
7591
2488
435
8760
3369
7839
1610
9000
3498
8332
2877
5322
4673
3280
5298
1045
5074
3683
4352
7089
6190
3245
6715
3545
4647
1465
5533
3729
5880
5482
7862
2866
4511
3313
9739
2397
4535
8907
7478
2572
8816
3167
8218
6224
9236
2961
8451
5449
3493
3437
1846
8488
7694
5347
8884
4788
518
2957
5695
9240
8004
8295
601
1637
5099
1051
2808
4216
8158
4074
7606
7633
9571
8607
3396
4560
350
7883
3332
6350
1049
4711
5421
4163
6536
3279
336
9383
62
7616
1078
9806
3068
9220
296
3169
1611
1166
7608
7184
4092
4608
2379
7065
8172
2089
151
8798
5041
5501
4486
5478
4943
9779
8504
2235
9217
9677
9481
9208
7907
1224
9567
1220
5058
4852
6811
8286
8582
4962
9713
1515
3078
2282
551
8650
8387
886
1173
434
7098
1202
5682
4882
1903
3247
4610
7025
1905
6902
5645
5407
1558
4508
7538
1646
6228
2376
1160
8536
7773
2257
8482
5322
6358
5429
9491
2008
5878
7465
5359
7602
5410
9761
8817
8819
9761
5313
6783
2089
1257
900
6620
4977
8386
9430
5753
6323
8660
6484
8424
9219
8453
6451
8924
9967
8516
4872
5126
9892
5695
9905
4788
3174
3799
9351
581
3012
8526
4596
8696
9788
1259
2440
8873
3966
2807
2340
57
3898
4263
4458
2944
3882
8462
9287
7776
7459
8130
9998
5457
8879
4323
3578
5545
8335
6557
1276
9695
4980
6748
8863
8705
3431
9468
4723
4588
1485
4539
9959
7034
8528
8632
6795
3716
6316
4646
8552
8176
8832
6204
9318
1035
1597
3572
1995
4561
3300
4222
6547
8445
5004
1043
5156
5741
2429
1172
4804
9807
1722
2694
1709
9663
1391
7231
4682
3790
757
9805
2026
1948
8406
5596
8060
2350
3209
7743
8277
808
9010
8186
490
4366
8483
9996
3770
4336
1835
2775
3388
4898
9528
6296
8325
3263
4457
9031
3860
2726
5160
405
8799
5641
957
3644
7031
2550
4130
3556
7343
2047
515
2264
9735
1516
761
8899
2522
8252
5654
4770
5315
1455
1891
1504
1305
8327
5923
6017
9072
1589
2661
8835
5152
6179
9915
2395
7222
4628
5936
4858
8379
6184
4198
9387
529
4546
8646
9547
8671
9822
8604
7428
9128
4445
6288
7791
546
8034
9439
4533
2862
8306
9254
7375
7927
1729
1959
5873
6357
1954
7436
8783
2669
4404
2152
9676
8902
8849
4359
3267
5983
4828
6621
7037
2393
6794
8623
185
8700
3329
8324
1843
7774
3191
1138
7052
5297
4105
8607
8774
5235
9947
8025
5576
941
3457
1897
3476
1302
5426
1013
7663
6592
1564
5170
206
8347
6548
8612
399
6679
4967
732
9516
5181
1126
4804
4484
8486
7932
6841
4850
4256
8884
8115
6774
8501
303
3705
6845
1619
6241
3826
3912
3890
6352
3537
7417
1651
2898
6799
4629
2141
1047
3918
3255
5275
8103
4788
6130
1374
7034
9517
8678
9613
3251
9662
3891
5644
3251
6791
48
8485
7736
5553
9096
999
8544
2295
4701
9901
676
8735
8780
2754
5261
4442
7415
673
1959
7077
2762
7015
3050
8608
7391
3859
2457
977
2752
7648
3004
880
1767
5962
3561
5501
5692
6925
2765
3650
2503
9080
5570
9309
8214
5913
9480
1708
5775
7066
7043
5768
1649
9725
770
437
9391
5861
5107
9568
9999
7537
7667
4486
5464
4874
8401
1491
6791
329
2483
617
9042
181
8475
26
6094
5327
6933
2608
1514
3398
6640
7720
8499
7454
2291
4022
8484
2479
3008
709
6280
2569
1353
7867
5614
4543
1462
4762
1202
7538
9333
7418
6173
18
3764
6388
2840
7370
4866
196
4490
8760
9575
7945
838
9857
4472
5519
3826
6182
693
8970
5309
2078
5619
847
84
2768
1822
1904
4029
8793
2124
1187
494
7782
51
386
3443
4027
7134
213
8773
2398
104
8415
9435
9732
3252
7493
7609
4803
944
63
5751
9009
7965
547
21
9545
7526
1049
409
2072
6540
6469
717
4641
1731
2631
9556
5004
5035
5154
3020
9670
7252
7946
1673
1562
2090
602
7762
2914
7142
153
7963
3900
3565
9302
9683
9929
9405
2976
7680
2490
8202
4666
9427
3507
7992
5775
6971
2985
1086
7924
1445
2817
2179
1023
8303
536
3817
314
3054
5289
1292
223
7121
6462
1166
5311
4237
673
2082
789
120
5438
8784
3824
6097
1328
4085
2017
2600
5774
4202
6593
4443
7975
7821
5382
6779
6291
6320
9835
3019
4023
5779
2513
8931
2027
3234
678
3343
122
9325
2864
4822
3342
8849
3096
8293
8902
8005
6969
4942
7417
5959
6356
2649
8271
2852
2796
470
2142
3641
8315
1485
3639
6472
8185
8141
490
7856
6365
1089
7526
6455
8064
2819
9629
2958
3530
1908
7899
9491
2069
9840
1511
7228
5521
7367
388
3819
2342
6716
8260
9923
3286
9827
1803
6161
3142
588
9982
1980
5089
2520
8674
5468
1534
9850
4601
899
4175
8171
3268
542
4161
6910
6228
1058
142
155
4602
4307
905
4983
8829
3867
3521
1867
1241
8933
2678
7283
2343
7702
8807
6071
1499
5338
5737
6855
7681
1224
1322
1170
5585
3300
7500
8193
4762
7770
3657
1806
3632
5125
8719
1182
6060
1224
121
5397
8490
7750
839
3817
9741
2731
398
6157
7758
4602
898
9711
3460
3344
2412
786
726
9906
7886
3690
8721
9481
2736
2060
2392
9809
3111
912
3140
2301
5369
895
5624
3170
8320
6070
5259
1882
8439
6349
9552
9004
8707
8642
397
7451
2463
7884
5151
9487
9989
5526
5723
3974
2107
2856
9425
4125
6052
6954
7934
5682
5796
1462
7817
4420
9178
7061
1604
3704
4462
3719
7550
511
6908
237
4712
3928
1706
7194
1036
6836
7215
5439
8918
1082
7827
6148
8364
8020
2753
9021
1684
2706
6824
3637
9216
3760
5629
7278
8635
1215
6791
8808
4982
5529
306
4140
6379
5612
2995
339
4371
6810
6982
2453
6663
6948
834
6390
9847
9610
8574
7174
7271
859
517
1362
3648
2977
1630
2317
6511
6194
1571
910
5917
7377
957
8938
4216
7588
6678
6824
3651
5555
1975
5344
6441
9693
7785
9063
2227
4680
2614
8762
3228
6429
9709
6835
6433
700
5678
9254
9652
5775
4314
8391
1551
5739
7129
1848
4418
3431
3494
798
8992
7578
9791
8551
6682
3799
5155
9341
3260
5618
4201
657
6148
2846
7135
8196
989
3090
8558
6542
6021
8441
8462
2157
1194
1287
1477
4437
2480
5890
559
2688
363
9445
2052
8820
1764
6214
8648
7931
2453
9335
7747
9649
5249
9163
9530
4943
3582
6178
7482
9149
9498
3069
759
2111
8436
5856
9806
1725
203
4446
8541
7060
4304
4080
7752
7196
5635
3836
3807
8330
1355
9543
7787
1859
8924
8059
2886
1099
2843
3505
7577
4060
9276
6117
107
6487
5076
9473
6469
7440
8704
2617
5626
458
5322
9227
5145
1970
837
9630
443
2674
2968
2342
2753
9226
428
7916
7547
6075
893
8789
3773
924
7553
2688
6938
4265
5608
7317
3922
8758
5800
361
6769
5130
3621
625
6700
8276
7651
4832
7273
1686
579
2592
6040
9144
8773
1141
9254
5785
584
288
5394
478
9135
8420
7760
7795
3705
9227
3057
1091
4901
2602
9358
8900
5435
351
296
6257
3045
9682
5714
3421
7832
2405
9980
3160
7979
2545
3372
6171
7057
4310
5860
5803
8493
6933
2642
321
8890
6934
6504
5658
4154
2002
8860
6109
2560
1883
2782
4473
7043
9527
625
2838
5474
2092
4343
885
7497
2937
3277
771
1191
7554
1606
2326
7276
5533
1051
7484
3598
6114
6239
4199
907
8499
7927
8232
218
2346
9815
8758
3722
4105
6872
4011
7308
8703
6277
4040
3324
4819
3428
263
7446
4269
71
2997
458
9673
8371
9306
6429
3774
467
24
8221
7594
6211
2928
1422
8385
5519
9142
6305
7737
8852
3560
1965
9186
1788
3845
8804
9505
1456
6063
6177
9536
2184
1650
6077
4036
2716
7118
1208
9478
6806
3648
6868
4793
8010
7885
7134
6904
7673
1217
6772
3203
6587
8186
2257
6291
1400
6700
1270
9504
7474
7713
7040
3292
2196
8866
3942
8032
1605
1625
8047
7846
4146
6985
7197
7706
6156
8248
2614
6083
4375
7364
2289
5567
6917
8448
4671
5106
6111
342
1046
1960
716
7374
567
7507
2631
9516
5031
109
94
9484
5424
3816
1042
8762
9309
6776
5912
6808
4246
1089
8232
6022
9141
9519
3889
2111
2884
3495
7253
6792
9805
408
3593
2557
24
571
6207
2924
203
3610
4538
4585
3414
1149
5958
1957
3250
7319
2590
2602
6227
587
8862
4297
5956
8340
5267
5249
8130
632
7059
6378
1222
6721
9433
6686
78
5615
4912
5748
6399
6603
3249
1988
5813
708
9589
7156
245
9089
6588
5811
2061
5422
8616
6834
5674
8616
9742
2567
3900
3312
5196
1132
7897
5392
6665
9878
4941
1321
4317
2018
849
6189
6698
9186
6864
7733
1387
2735
269
3431
9928
8855
3874
4342
2803
8986
8685
4314
8246
2232
1035
3494
2872
7653
2602
4530
4069
1310
7253
7154
3771
247
3555
2595
4117
7038
8027
8789
7089
9768
688
6236
549
5053
8481
3502
5031
2974
4511
3423
6099
5954
6658
68
1670
311
4238
8045
3605
9033
8158
3840
2506
3563
6963
3338
5209
4193
1563
9349
1648
1538
7446
5102
6235
4124
3993
4462
7156
7424
2742
6988
3954
2482
5150
7645
5904
1850
6447
1784
992
9024
506
9628
9917
6059
9703
9002
5280
1327
1034
1259
9443
3988
2474
413
9006
6336
3410
25
5624
5082
5877
400
7985
3847
7459
4219
1857
1586
2853
992
9782
1252
3252
9191
3413
986
5213
8849
5828
5457
2037
3378
8106
8924
4838
5837
724
1929
8311
8794
7346
3549
8405
1704
2743
514
1068
944
6144
1221
9603
1784
2211
4754
1101
1155
8607
5022
8510
6175
6653
4501
6736
1501
3875
4288
4076
5597
7062
1149
4574
4657
9583
4643
428
1969
7236
9784
5594
4655
63
5925
3823
944
2133
3467
9913
8968
4847
5623
4917
2237
3082
3560
8002
8152
2643
1296
4113
7227
8508
4144
96
1959
4033
4360
9678
4749
2430
1040
7332
9469
3977
1533
5615
5275
5969
2
3885
3597
1501
3711
8662
9807
2413
8566
3752
1530
9840
1835
474
8561
9333
9311
6512
4273
2460
8075
7536
9805
7057
7794
8005
6567
31
4259
9585
6396
6622
8102
7190
6523
4079
2894
4380
873
3425
9729
628
2149
7230
9144
9528
5521
5738
9107
1357
7960
546
9798
9384
2657
3027
4329
4516
8938
6480
9378
8088
8434
5869
1083
6662
7953
1489
5825
5911
5261
1804
7693
9452
5592
1154
398
5185
1109
7281
1811
5550
4414
1107
5782
55
6575
752
5421
3229
1888
3878
1459
4522
9272
6920
5346
7704
568
5408
7227
8018
9413
4332
1026
8624
757
491
866
2384
5828
7626
6859
241
1196
598
2823
2635
5201
2792
8707
4350
1334
6478
3604
8528
3440
3896
4484
7903
311
36
1647
9554
8289
9721
3620
861
9150
1399
5253
8586
4068
419
554
3687
9821
2811
9184
4009
9282
7652
1755
1694
1613
8260
4716
7943
5631
4160
5516
3425
1796
756
6125
4207
2288
1850
3563
6771
2687
4298
984
4593
8978
7958
2419
3230
8709
1609
4878
5285
771
248
4081
7973
8900
4092
3359
4896
6369
5502
6975
5077
1232
5327
9613
3490
2939
7418
6517
5910
4923
8694
6353
4726
7470
9995
9410
4512
3106
9902
1782
6562
5544
8556
3709
5501
303
7002
3588
1102
1484
3627
3767
6085
1869
2879
3738
3149
9328
5768
3505
8201
4209
8302
2689
1858
4619
1135
7051
5202
761
2171
5120
4899
7046
7234
4811
4368
8214
8838
6074
8933
1677
207
5117
4510
1833
6149
6034
8356
6917
3314
291
4448
3883
8800
7423
4965
6992
7248
704
6235
7299
3099
6519
765
7431
7690
998
2940
1006
2038
3259
220
7344
7402
6725
6174
7121
956
3042
1500
3327
8721
9584
9321
669
548
3818
4583
7208
7156
2182
1148
4816
8430
9984
403
2497
1844
6583
5174
67
9166
1093
7703
3390
4677
7262
1386
59
4807
3106
2698
537
8569
4372
4183
6405
9283
9270
8057
1239
7284
3059
309
811
6647
9940
1301
8569
4487
8927
5122
4987
6650
5949
1765
1691
9217
8501
3002
9798
4417
6132
2807
2114
5280
7522
2549
2707
9973
1258
6825
922
9578
3699
8964
909
8001
896
1704
6413
1979
3196
5598
2866
3043
9513
8435
7009
6087
7402
28
4934
728
5986
4943
9602
5971
1996
2917
1849
6176
2744
7758
1906
9145
6993
8287
9923
7780
5222
7722
798
5043
8906
2780
2026
4457
3806
1783
8308
3298
4909
842
7248
8465
5079
6537
7627
2188
8481
6889
5310
699
6760
8120
9898
715
669
5744
6132
2685
476
9419
7765
5287
1606
6015
9182
5263
9589
9072
7287
804
3329
8599
9786
1994
1338
5772
4121
9165
2120
6108
3598
3259
3549
1595
4769
382
7394
2504
1417
898
6985
7940
7236
7689
1864
4515
9467
1633
884
865
7543
5181
2935
7337
196
5289
4363
4887
3259
6640
5789
995
2677
6174
4041
1920
2515
4076
1583
4845
4027
2717
2337
7757
7671
9674
792
1152
2820
6159
8493
4625
1077
4088
8634
746
5935
1865
2625
460
6851
303
3871
5978
159
2118
7668
7537
6168
3149
3700
1009
8666
1551
7585
1915
7771
9395
235
8609
7987
2121
4992
1900
1359
7611
5396
7629
6916
5982
9914
8941
5712
1692
4086
6705
5332
3916
4285
9740
2499
3689
3730
1543
8560
2588
8753
2639
853
1934
8158
1518
5563
7469
2992
1049
6415
7434
5018
3199
5060
2945
1164
1797
6319
4898
8352
5910
953
4929
4961
7136
3021
6645
7638
7186
8975
2690
5953
3605
1578
9758
524
5002
5660
3742
4001
3013
9135
8026
1544
3260
3939
2493
7614
1053
5421
6609
508
6787
3553
1005
4885
8186
4447
3498
7721
6277
7658
2555
1347
5681
7267
5092
7921
884
9577
9039
8339
5900
130
7674
7696
7854
2202
8160
9710
2347
8418
2511
7991
6162
2892
179
7205
3351
8397
6629
9730
4203
8204
790
2924
7533
7091
7400
4006
1708
7691
4618
1454
1053
8046
2395
6989
2149
1374
5645
7280
6521
2576
9884
1602
3607
4522
6363
8912
7988
3429
8134
724
7120
3404
7726
7086
730
4999
196
7839
3013
7029
7276
2803
5029
1518
1876
4247
1779
6719
6001
7620
5590
4391
4996
9214
2792
2811
5458
4300
9228
1075
9877
8174
5110
6645
7354
2730
4724
8382
6715
5121
7786
1461
3225
4294
5791
5006
8755
7425
3273
8666
4523
3294
8523
5705
7014
2214
5092
288
1232
2179
5264
9873
5188
5380
7192
2618
2393
3260
1742
3279
5640
1543
7970
340
3398
441
4516
3464
847
6164
474
898
4394
7948
1160
9437
1873
1016
922
5116
1907
1605
2806
8295
7481
9833
4555
3939
2924
9574
1403
1287
8727
2791
7107
605
6740
6903
2613
4560
6859
8669
9050
5308
494
4518
2068
2099
1493
8111
8344
7842
5055
5682
3833
260
3037
1632
8760
6631
9102
5797
406
1335
7540
9885
7515
6461
558
718
9941
1649
2985
1541
7998
5022
5999
4279
5153
6402
4447
530
6495
2131
6538
3471
9161
8960
3081
5908
4180
3191
6472
3193
7749
3059
1773
5451
495
4764
8302
596
2896
4493
474
5554
3256
6175
9205
4016
1623
7342
5134
6964
5568
9746
6808
8476
1616
4829
354
1777
6366
6838
281
5709
4386
1891
6677
4011
7114
5061
2340
4671
9690
2061
9864
1673
5963
8753
2882
5256
2959
8130
1380
1710
7839
4055
3560
2404
6694
1252
7765
8638
4068
3708
771
5434
6659
8971
8059
1998
29
2221
6555
1625
440
6124
7015
3346
8705
6178
5528
9104
9117
6496
384
9147
4685
3756
8503
5556
4933
9341
292
1631
9837
6719
796
9107
1230
9764
338
9115
4250
5674
9481
8638
3279
9512
2471
3107
5346
6403
7054
2231
4707
8046
6582
6678
2485
945
9467
9165
7892
8395
9329
7088
1992
5222
9869
6637
6667
2057
517
7628
9112
2513
6704
2768
1039
6007
3912
1528
8283
8686
6374
2037
4334
1831
9103
2251
4090
9104
7187
9634
9600
2698
5632
8294
9231
5466
9002
4828
8513
7919
5002
472
558
7140
7394
5775
8642
4436
2831
4766
5635
915
7798
3140
6248
5910
5017
1185
6565
673
6611
5720
9758
1132
5994
2197
3458
5579
3866
6072
7111
5527
8514
8114
6514
8371
550
6572
6962
3400
5469
1212
9405
9916
7301
6495
6017
486
8789
6002
4886
4387
3857
8054
4705
4111
3957
1239
2364
7581
4162
1977
9461
9907
54
7270
6012
113
3928
7881
3092
9725
692
2675
5669
2606
3930
3366
4203
6335
2058
1302
8336
1440
6700
261
9497
1380
2961
5873
6921
5524
4671
438
9904
1692
1605
5411
4140
7195
5005
8776
461
3910
5047
9036
4451
3566
4957
935
337
7874
1033
2182
9087
1570
1475
7459
1071
8894
9644
107
5668
6066
9861
8882
5438
1038
7845
1112
6044
3770
253
8645
65
6690
5096
1671
8830
3679
6474
1024
4784
8995
4876
6409
1725
7128
4378
8704
9225
1896
4848
8726
663
2639
9466
6102
5346
2554
3112
8201
9506
310
5458
6350
2281
5288
959
1481
8021
4960
8155
1821
9763
8267
7057
7359
5626
2350
5315
8856
6884
3064
8639
5741
4674
7026
9707
2800
4010
7905
8712
1223
4975
3045
5775
4704
6372
5877
2781
1138
6197
8044
5974
7057
5081
4924
8090
6890
3533
6476
2145
6143
3329
2109
6470
1425
4106
9829
5629
4721
6671
8676
8070
3659
9359
7929
9421
7879
4289
95
1849
8429
6990
561
9650
94
9747
163
5266
5595
8537
7087
7468
3828
367
701
8297
4751
3411
7156
9151
2586
3579
2858
8826
2865
262
7497
9237
9171
9286
4541
4834
8425
1557
2152
9380
3021
9270
1077
8152
1566
4420
6965
7128
1895
8627
8438
9448
3671
1992
338
6603
528
7862
8107
6181
999
2352
3430
1114
1068
57
7795
9760
4962
9804
8238
205
7236
7944
1432
2461
838
6915
6732
8268
5878
7815
8566
2053
3799
6476
7471
9776
9156
2466
5093
5830
9134
303
8257
4519
7054
5469
3984
471
5207
7562
344
6007
7392
1983
3843
7706
4438
4691
4037
4263
2959
3992
6430
4588
5990
4621
6905
9365
9760
4769
7553
614
461
6648
4606
8659
7218
6706
6309
4124
9515
3856
2303
9262
2374
3844
4509
4637
2937
7354
6434
5762
3203
1455
7681
975
420
7533
7167
2708
7724
1001
376
9954
2588
4769
6861
7361
5823
1330
7164
260
8800
1544
1568
8951
57
8363
6
2907
1648
8114
4319
4552
4440
5824
3501
5473
2321
9622
3413
8833
3620
1717
2949
1049
2588
2848
6136
2176
7640
9915
6655
5710
6128
6667
5236
2224
9169
7828
5299
5844
8482
4446
8315
5588
2959
3500
9209
2422
5335
9223
3349
9422
9005
2731
416
3097
1997
8973
3259
4527
7844
1635
3758
159
1779
7576
8755
2209
5689
6692
3841
9103
807
7135
9057
8901
342
3462
1277
5411
5012
8608
61
6375
6004
4863
4809
5593
7934
5410
8260
8917
626
8507
2939
3565
199
9069
9968
312
2822
7810
3749
7788
6073
3934
4841
7621
4540
2911
7426
1578
654
5368
4572
3688
7553
9704
6746
7982
3781
6537
7610
9583
8387
5242
5188
6994
5121
2212
1241
3965
5993
1537
7934
9254
87
2309
3601
3701
7906
3757
1695
7119
4298
2675
4935
8896
4073
1399
1941
1696
9451
8893
574
9058
3415
9444
6357
6448
8188
595
1351
5211
8749
342
637
498
1149
4831
9148
3778
6512
1431
5314
2810
5573
9366
3711
917
8796
9312
3853
1132
2173
7009
1771
3692
7473
6042
2783
2293
4723
2628
1063
508
3136
5885
6396
9920
4821
8775
7481
887
9602
8543
6041
2159
6661
1755
2485
5275
8223
6104
4535
3274
2993
7606
9356
5196
4745
3842
1359
4946
5989
88
5185
4157
5952
2163
5111
5287
6214
9845
702
6125
5186
4980
3074
3267
6032
6097
6347
6853
7613
2811
6555
3007
2232
8056
4067
4060
6584
8382
8569
5412
9818
9060
2574
226
5862
8685
2176
4240
1890
7474
3674
771
1659
3113
7706
2330
9709
1011
6818
3588
9022
4289
112
2575
2587
5151
1718
3411
3720
9825
7167
6027
1803
8177
9569
4387
9430
1663
4761
3568
8594
8212
1362
7331
8793
3044
8702
4366
3683
4227
4640
2290
5037
9069
5038
2779
1981
3428
1756
6432
4851
1587
9509
8058
2937
7152
1761
3978
8917
7696
9778
3807
6141
7754
3703
9716
1768
3904
3694
8607
4321
2792
153
3975
8748
3913
4106
8215
1941
5559
7183
2173
8580
6828
9677
7639
2636
4217
4139
2062
1372
5802
2058
5095
1222
7120
7230
9751
8043
4605
3827
7508
7718
9014
82
9905
5191
2739
5314
4468
1497
2458
3571
618
1774
2933
9223
5480
9320
6713
5369
3379
6671
4880
6399
8577
2114
8426
1637
3350
4518
3109
6944
5686
661
1417
8585
5544
7796
2878
7985
3573
4238
7390
9631
6236
7332
2107
3029
642
3022
6203
7743
2336
3515
1712
4519
3697
3850
5979
2814
1788
5023
4423
5487
7410
6343
4736
1574
9204
2925
6423
759
2281
3018
4988
8898
5783
8832
9071
2698
1641
685
8594
1280
2701
1332
944
7754
7048
7840
4663
1184
2426
7976
8521
4887
6568
4114
6014
9137
9687
8722
2814
2759
9628
4797
5432
6519
4087
8608
9222
3711
6963
7291
5806
2967
8924
8856
8229
7146
6671
9758
6576
209
5921
4557
1677
1704
4468
7579
566
7879
2172
4626
9743
1269
4780
3354
5441
2848
626
9360
6131
2277
6776
5223
9054
4939
7782
197
5507
8564
5493
4307
2332
746
9299
8458
2172
4352
2907
7998
4841
7924
8524
9490
8699
1657
3808
6756
3394
532
7341
3654
4794
5927
4304
8320
1190
529
6849
5167
5857
8285
282
2334
4339
7731
6027
176
3833
6938
2017
7503
2489
8928
5908
7611
5775
4301
9695
4317
8972
5109
8004
2641
6737
5516
1171
3952
7249
1510
8608
5390
6071
2621
3656
5229
222
6245
6167
3633
3202
6563
1545
4469
7515
8940
8759
6368
7101
6743
2600
4596
7382
6996
3284
3557
7510
2818
9680
3731
3913
5111
7383
5939
8147
6806
1934
222
6667
8697
7528
7711
6056
4021
3220
7111
3736
2320
7005
3583
5322
8826
4278
7050
9932
6007
6648
5459
9141
7924
7415
4858
4638
2711
1208
9428
6606
4135
7803
4399
1103
5657
6710
258
1864
6337
7084
3242
7756
5875
9441
3938
9125
9207
6141
4023
3417
7524
3065
5252
3377
5773
4606
5811
5562
2527
3976
5697
2135
6490
5474
8987
3026
4967
9403
3567
7271
4134
7415
9513
9413
9361
6787
5913
5806
1165
1537
6144
6805
7050
9922
6719
5484
6693
3126
7654
4897
9560
403
2223
1243
9946
5774
3588
4885
3360
8922
8615
2590
4832
6048
9420
585
9296
129
808
6481
3447
2269
2945
7657
8587
1918
798
214
4737
2087
592
9766
8333
4892
3129
8826
8321
8088
589
2502
3577
6769
9256
848
972
7317
2699
8348
6857
3717
8849
4420
4827
396
4918
3032
1376
6071
2418
7042
5362
3716
8866
7519
4732
1752
4402
9682
8493
9734
2254
7671
6578
1701
7502
5573
6197
8422
9845
4132
4495
8497
8573
8202
9840
7921
2185
5950
1552
6926
8436
3682
509
6707
318
9076
6820
8114
4652
7782
9929
9430
1840
9207
8721
673
8441
1760
6606
6575
8780
2074
3682
680
2039
4433
7928
3579
5438
3024
5008
6616
8340
1681
5125
5780
2847
7277
8695
5577
9726
3655
6006
4718
6984
6271
6196
1401
6094
4686
4305
9077
8763
3235
6785
8051
2698
6444
6044
4800
666
4648
9522
2083
4572
7220
6926
6779
6245
2817
3115
4196
454
4267
3899
810
9649
44
7318
3360
4960
8981
9958
3893
7460
3705
5076
7401
8816
8889
6283
9542
1247
2485
6562
3739
5473
4341
1729
2729
4898
4472
9964
8827
8465
5127
6405
2487
6833
6744
1543
9671
56
8977
8561
1358
7418
2652
1084
5287
5732
6815
5325
6045
1774
9654
4078
1423
4152
1113
4113
194
74
571
1912
4046
3725
6306
4353
5748
4900
2358
1441
2235
7931
6668
731
4242
6635
7617
1113
986
2439
7642
569
6003
5874
7316
9506
4448
8782
39
3842
9243
2120
3021
178
5242
9597
9233
4695
6333
6144
7369
5782
3255
8381
5334
8517
2543
4379
2247
3485
9426
9424
1668
2426
6003
8644
2854
873
8322
1313
5451
7974
1694
3022
263
6913
6307
2830
4955
6074
7677
3906
1607
4291
2209
6587
5155
2676
8127
3159
314
1307
3509
8478
6939
5797
9180
5856
3649
1889
4618
600
4493
1238
5617
6144
4485
2238
2412
2961
669
3541
4418
1114
4921
6305
6132
6133
3941
8498
7070
4021
5282
4985
3769
7815
2004
1091
9195
2834
5743
1356
1733
780
8471
1301
4553
5203
1347
6013
89
9179
8248
8514
1102
5008
7511
9852
2422
5585
765
9493
2385
3245
4319
867
7138
5861
700
4695
9732
2382
6149
2905
1767
1365
1980
4738
3233
2637
6874
9788
8786
1675
2380
5836
1681
45
3982
419
7550
6019
7965
9708
2291
784
1971
5440
1299
1896
9954
3655
7912
3682
6618
2919
8225
5509
1069
6607
1796
4207
8842
9114
9672
2270
5276
7962
1728
1285
1497
1664
965
5921
7182
7918
7731
9375
2998
1234
3464
7846
3785
5769
4758
864
8088
3388
9431
1842
5050
2398
2585
2589
8555
347
5158
1386
7664
6520
8745
6727
7355
121
8351
3586
5845
3990
3083
5116
3594
9392
458
5655
9035
10000
1950
9634
8666
6161
6684
4579
5730
2833
8318
6471
6893
8677
4237
6008
8016
833
808
5381
2670
2369
6451
3809
9224
5476
9184
6612
6660
5056
2532
5737
6388
4302
524
6628
6998
6443
666
2696
9094
8154
5000
4345
5808
9006
5433
1261
2386
6962
2513
1860
2557
3762
6895
5267
5680
7459
9980
5243
3658
7124
9909
5174
3392
7958
5480
594
9754
1840
2172
6686
931
2608
8094
2011
6218
8255
3337
7749
8842
5736
3625
6975
8924
6240
3488
9770
7099
4000
6001
2334
6432
4568
5790
5145
5187
6098
6718
9914
3507
1505
9936
349
1625
3954
9317
1958
3386
9577
5358
8314
1821
3169
3860
5546
2238
3793
507
8198
2499
1751
2768
4235
5533
1688
1354
6440
2330
2902
5844
5959
7404
9808
7939
8037
636
7792
3131
7002
9602
715
8039
7947
1304
533
5537
9890
9948
9205
1083
5053
1487
2037
9300
5417
4446
5312
4285
9989
5742
787
2596
5963
8884
203
1191
8260
2693
8616
3152
4409
6751
4358
8217
4124
5109
918
799
3497
1480
8379
8162
9428
7662
7393
8517
958
9582
6555
2650
7245
2919
8243
4707
2641
6377
7007
7763
4032
1907
6242
269
8063
893
6341
2652
8360
1830
8336
4031
1826
3506
2996
2048
1901
6977
3622
8427
8383
1203
9189
2358
7273
8259
729
2940
4238
540
8557
5853
3997
7423
3294
9266
2475
3614
188
4180
3097
3010
4714
8874
237
3151
6657
7397
2150
3170
4478
9721
3636
2184
3446
6141
535
8862
3662
1978
306
6654
9982
353
6878
3884
99
5901
6240
2742
3614
3660
6025
5449
8207
5494
7883
1792
5646
3892
5818
7535
4146
9334
7394
925
4455
2272
9702
3137
1080
8828
7873
8872
8207
3214
3720
6768
4081
2899
3002
7704
832
8959
1362
2420
7236
1088
9482
9628
3488
4422
2545
6623
168
4284
5774
9151
1976
315
8244
7280
3154
6563
4661
7061
8771
1918
2136
6502
9735
6156
9800
3178
5256
1716
7119
1757
8694
755
2864
8535
9519
5564
9715
4497
8792
5534
9933
6643
3629
7838
5824
4999
929
8200
3436
5879
2275
8166
4689
6296
6094
7390
5384
8106
9631
3882
1839
107
9838
245
2827
6828
2073
6255
2825
8006
2337
7128
2228
9031
1628
4080
2761
3969
6865
4323
5038
7070
9601
5001
3204
3616
721
5124
4722
7948
6221
469
6464
4996
9662
3485
2128
6505
3485
1726
7483
5438
5341
7450
2577
8718
2998
4790
9413
9609
2849
410
4713
3221
9283
8390
3566
4452
4855
8152
43
8061
719
2767
8688
4442
7540
8300
5624
1268
8020
630
786
2034
1681
8205
3936
6320
3611
6886
7769
7476
2520
3748
5436
1952
9852
9967
6631
3808
9424
7623
7011
3442
6384
3448
1614
4260
5920
9914
2198
3241
5529
8006
397
1565
3869
3985
3063
6541
5545
2281
1801
8570
7283
2998
7001
4469
4724
90
5706
7904
3053
7712
8746
1173
9287
9914
4476
9895
806
2378
6721
6185
6372
7466
455
1320
181
5161
5142
4590
7202
6923
6681
1513
5567
396
3801
3683
7661
5246
2341
2970
5273
2140
90
2642
3027
8589
5451
1018
2593
3393
2745
7033
5770
2462
2008
7924
4091
6532
1494
3242
4865
7471
2977
4007
8794
2678
6290
9374
960
8093
8366
6360
6897
7904
5962
7245
4767
7496
652
9483
9330
521
6839
3423
8224
2793
7173
4672
5965
3831
3951
2486
6459
7792
6052
6127
5658
8692
9378
579
3785
7705
9954
211
1945
9226
8895
1776
8109
3485
3354
1567
6464
2208
5194
4334
6674
7641
4193
5525
899
9804
2076
5085
8852
63
7132
2581
7375
8111
1710
4057
6315
5976
2167
6326
7721
3293
8135
8213
9902
7772
2080
2467
4420
2721
7465
8368
2198
3404
5319
9801
9040
2231
2977
9084
9951
5486
1410
1243
2645
539
9478
1684
3992
1870
2905
2434
4664
6050
3517
2267
5241
506
1671
3216
99
3698
1641
1538
3488
5939
9536
494
460
8909
4057
9498
8448
2719
3574
434
8447
4101
1416
4945
9886
1132
5584
5555
5944
8125
82
2981
6005
3846
762
1943
2340
3335
2633
8323
7938
2468
1457
7776
3625
5129
1097
4986
8997
7081
4300
2797
8853
1969
5673
922
1785
850
3944
6173
219
4341
4527
1394
2837
6396
7296
4696
2723
1941
7817
3436
5742
2770
9036
6890
1767
3368
747
9963
9652
6156
5897
2890
3106
5641
7373
2128
4475
8169
2124
770
2931
918
2468
5242
9995
4519
5238
8948
1932
4252
526
63
5049
514
8963
2512
1118
3926
5647
9552
1125
2570
7035
4382
8590
7278
6397
745
612
256
1035
5259
8430
1069
9536
6289
1571
2975
3043
7513
3333
872
7511
1
8130
153
2100
3263
9593
3521
4030
9768
1615
1228
8166
843
2993
8106
3355
959
3535
7076
133
145
4110
8257
2929
5133
6899
5967
6412
3417
3825
211
1194
7571
2543
490
5392
3289
4352
4054
1486
823
9991
2865
202
3536
9164
3857
743
6144
3781
1792
4607
963
5607
4232
5307
4329
2351
7635
340
7340
4881
6295
3551
6662
2049
2533
1028
1733
1030
5083
1438
9513
7366
7001
6333
99
733
8376
1139
5323
7518
6181
6577
1301
2159
8835
2663
1605
8671
2061
8935
6314
8828
9279
3556
5360
1673
4158
1240
8004
1973
7793
1795
258
4738
3382
3242
609
5668
2253
5004
9450
8891
2560
7016
1392
1302
9110
9100
9701
8886
5858
7790
1501
3563
4383
6435
4401
8176
2129
9148
1105
6139
26
82
4442
3972
38
9000
7022
6234
4794
4349
3457
4463
7951
6913
9361
3230
1361
8291
375
5811
3361
7017
9087
2687
764
9137
6967
5384
4518
4463
8790
276
1383
7185
1856
3907
4923
4624
2240
7700
8096
2032
3089
3479
4767
6454
292
5752
7440
8411
7604
5048
5468
22
1109
6554
565
8669
2210
6372
7647
5398
2673
8728
6289
208
3164
9380
9934
1030
508
2124
4133
3126
9050
2920
9230
9349
7754
8889
1318
7321
8848
4924
5190
3485
1452
9814
2712
9419
8799
6102
5132
6940
6961
3636
9367
4628
6745
8067
1051
9998
4388
2183
8127
7868
3725
7223
1788
6427
2143
9264
7265
161
2211
9382
8616
2853
9291
906
9451
1030
671
9220
1525
1381
4474
8880
9595
4939
6098
4216
6586
6105
7652
9432
7723
3440
4044
6020
9165
9614
7746
8271
1184
8323
1697
1205
8819
5825
369
5980
7962
4051
2976
9737
1219
8798
892
8244
9088
5562
2020
227
6161
3121
5471
710
6732
6415
7790
7324
212
5427
9253
4197
2889
2794
7547
3376
1826
9462
9006
595
1108
6504
2113
5847
5904
552
7136
9161
6988
9628
1196
9080
6524
664
5150
3222
9881
2617
8222
8384
4932
2194
2195
9029
4542
8903
1382
8594
9491
6212
6193
9961
3685
8950
9909
3342
1855
1498
6845
6642
183
32
2414
499
7707
3444
2390
95
5189
21
8800
7886
4145
8926
1828
1915
4938
3786
897
512
4023
1452
2674
9254
6705
849
836
5288
4425
490
389
5437
6254
1079
970
4563
4707
1671
3436
3747
6581
5101
5056
2086
911
308
5299
1937
1712
569
3229
3631
3264
4166
8965
7969
3732
5469
9535
4456
6613
6088
397
9933
7810
8842
4627
66
7578
4360
5955
3261
735
7943
4590
4831
4093
6418
7485
732
2982
9002
9230
7975
7830
6244
2769
2306
5316
5089
8292
3146
5716
6561
2370
8209
3738
622
1985
1797
5945
3441
2753
6663
699
7928
4978
3701
7595
9034
4268
2775
5637
2273
9889
4895
4601
9109
4627
9990
1310
3692
461
6406
454
1353
5819
389
7430
6621
1207
8710
5476
9117
8719
1003
2031
9539
8405
3622
5895
7768
5125
6096
6886
708
903
1837
4668
7614
2
2022
1329
6582
2331
4681
8650
8225
7985
7043
7928
9723
3474
6964
71
3544
2372
5009
4429
5706
5043
1276
5509
1710
1611
2808
7323
9060
2780
6247
7183
5009
1182
4967
9857
1249
4518
7712
7717
8447
7733
8598
1246
5153
7722
5287
4281
7162
8169
6225
1910
60
8202
6745
2642
2416
6558
4742
2509
8711
5413
110
7795
6992
7416
8798
2378
2734
2196
1517
7436
1774
4549
2501
5765
6122
8213
8037
2491
9254
3705
9614
9338
6900
8134
4964
7915
5199
4400
4320
8375
1719
4146
2667
2853
8129
2806
8026
9742
5779
8212
5590
3580
5539
346
2026
5497
6905
5978
9612
6033
5114
6024
8885
5645
6666
1005
9646
3088
7084
7156
839
5424
6329
799
816
3844
4846
6521
5577
9636
7052
8988
3970
5498
4428
7534
1823
8307
1369
1978
9774
728
3473
382
2389
9804
859
8066
2415
8923
6549
364
9372
7196
6808
7500
2573
565
8193
3616
9637
8075
6327
2396
1365
843
7380
9964
9795
2251
7136
2821
9584
3746
5007
7860
2904
7917
3481
7813
4192
2029
1802
4276
9479
1801
3470
2235
394
6918
6176
6983
6242
2474
5024
2688
72
5024
6452
7611
3046
1983
5996
6585
7340
1815
1840
1524
8367
5315
9941
9010
729
973
8912
1254
6331
4501
7851
7899
9675
8172
1187
5642
6056
4328
9689
4000
6065
4909
8179
5073
4460
4002
4348
4369
4174
3457
584
4552
8914
7557
5698
1939
9240
8269
8113
3086
5478
8579
8404
7616
3523
1138
7181
750
9311
9645
947
7472
114
214
3625
4650
7243
2470
6691
2069
7472
1954
9856
1437
3100
9980
5377
255
5891
9633
4720
969
9978
5472
1167
9389
7294
1893
1245
4325
1039
8118
150
9076
799
3183
2806
8429
4227
3837
3308
3714
930
323
1828
1748
6309
3533
4397
6363
4847
3447
8480
701
4242
2417
265
2662
3356
5362
6408
7582
7185
6368
9238
3820
7014
1561
7551
4660
6852
7001
3334
1731
5405
4549
8978
4207
3521
9874
1624
9398
4632
5064
3811
4634
155
8179
8318
3719
4002
1351
8471
5037
5449
186
1590
4219
9835
4953
7294
4196
5298
6998
9091
9582
4412
7228
9699
227
1566
4937
2769
2355
3665
502
3272
8922
3381
9136
104
304
6011
8792
5999
710
6226
4245
9823
6883
7943
1099
9041
4976
7245
9587
752
4497
3535
8611
5919
9076
5777
8798
5270
1003
3029
4835
6878
1946
2842
2703
8253
1496
43
9081
3390
8876
3988
8542
4547
9096
5760
414
526
8228
5808
4579
9128
4490
6970
8042
655
2665
89
1530
5661
797
1069
6596
8965
6040
7756
5011
7360
2754
4501
9676
4525
5473
7016
9384
6628
2893
2624
2832
4811
4348
3757
5663
5797
215
7442
9234
7
8764
4732
4451
7891
5561
1106
8559
2081
5115
9286
8934
3071
1816
524
605
4445
6450
5678
7029
8529
4110
5248
9584
5116
7771
9916
6755
5082
5445
2497
9717
9179
5722
2234
4438
2612
6716
4641
7142
3632
7098
2843
1308
6346
8731
7590
7328
806
5540
4027
2502
5704
4955
8652
7621
7560
4920
5658
3206
1305
4396
7719
3120
6512
1574
6819
3310
9902
6673
3264
7953
9419
3323
8700
6900
5844
8966
2187
2720
667
5077
2987
9525
6260
9257
2021
6527
6458
5117
8198
9180
998
7375
3140
2705
5810
4147
1586
6390
9548
3692
9318
628
7689
7241
8061
7252
647
6818
2403
1119
5871
2276
576
5712
6731
8922
7649
4689
7510
1525
2553
4002
5898
5828
6844
6827
6626
6162
8595
9778
7185
7080
3219
3646
4996
5986
4908
2964
4378
743
1367
6487
7547
7348
5529
3272
7727
7146
6062
3339
1752
1908
8254
9682
8692
5519
6291
640
567
5680
5654
1518
9158
9541
2108
2984
7252
7161
5503
2681
5972
8149
6793
4438
6879
2027
8859
1408
5029
2429
2379
4799
9908
7639
4346
318
1831
9484
168
6076
7988
9067
372
7616
7812
125
5316
1493
7427
6538
2572
9530
1954
6178
1695
5990
492
2089
1919
5371
1154
9609
6709
1353
7017
1870
4552
5300
1436
4479
3071
9509
5249
1417
2129
6311
859
5165
6817
9853
8339
8029
4324
6812
4014
129
5034
2323
1981
7404
3307
1690
6610
9612
6750
8561
8509
6022
6242
5017
2706
3463
1226
6551
8123
9300
7289
7041
5871
9926
9865
2634
5641
6197
7895
4276
619
5715
4131
626
356
1364
2161
5254
1947
69
9569
8243
9454
6286
8058
2317
7547
5944
7463
1950
897
9051
8223
3322
2339
8473
4806
8298
9916
9524
4061
5404
8852
7999
4719
1345
9100
7054
1063
5414
2230
9817
8747
84
6163
1938
7955
2714
9487
9426
1380
7924
6735
7832
2857
2752
23
2143
9320
1846
3686
3040
3113
9173
5481
8935
4114
7746
1750
2690
920
1153
4412
9847
4668
7291
3218
5943
3171
1145
6349
4762
7133
1550
5472
5256
4040
6873
6494
8206
7397
5508
9235
1608
5928
1083
6870
7991
262
9365
7253
7655
3316
7304
4506
2124
9020
5801
5561
3004
6708
6067
687
8029
9860
7684
616
4166
240
2022
804
6487
2975
1125
3944
5025
3961
3030
7755
4513
2601
6662
5690
3886
5446
4089
3075
3443
610
2562
4405
2512
1279
2595
2459
7173
9811
1629
9425
8215
5631
298
2741
1144
4817
2008
7668
6182
4488
236
7707
6814
730
9928
7627
9721
6259
5656
2064
2634
4483
8068
6122
2293
8214
2317
9817
3621
7221
8248
7965
6107
7098
1112
5573
291
5718
2854
907
4215
5452
3883
1358
7503
1645
4130
3984
807
2656
8136
1155
2359
5035
151
1871
4150
6969
6116
4202
494
4122
6987
759
3686
5432
306
7469
1934
5026
356
5633
7421
8518
6312
5508
7518
6449
5676
3392
533
871
561
1554
2570
4641
3168
3783
4138
6016
5459
4051
3940
3964
1724
3184
9271
4907
1933
8883
5264
535
3097
61
4135
3827
811
4540
8486
3268
4021
4811
9120
8693
9017
8105
3968
3429
2001
1341
3721
1515
176
3721
2247
5669
1315
8467
9022
2700
2745
7881
3592
5310
8162
5346
7235
1606
7172
2226
242
3773
4934
1287
4170
7776
306
8800
9798
8287
7932
6965
9958
933
3751
4517
5849
3962
2787
8123
1437
4546
5159
5877
9129
9713
1227
2616
88
7341
1846
9846
897
2367
1613
1248
7982
1908
9355
7927
2103
7570
1116
4274
9649
7024
102
82
8791
2702
8746
1697
9996
8806
8812
7630
8146
4032
9810
3182
7664
4488
3461
62
2605
2687
9510
3059
3044
5406
5410
8134
1644
3636
9116
2404
2996
2019
1782
1245
1511
1810
5021
5025
9903
7472
3712
4604
1226
2033
9617
8308
692
8558
7006
7109
3165
2007
9042
1503
9951
1534
9019
9587
6140
1483
5837
1344
8353
5032
6918
7686
928
3196
5099
5757
2650
4756
4727
6355
3318
4525
6167
9716
8951
9650
6878
5779
2220
8253
5584
3934
5723
4642
9755
3729
6811
2320
5699
8094
2322
7180
2173
7509
275
1504
4857
4905
85
8931
8922
782
4512
9627
2963
3422
7927
7590
1543
296
9793
1271
1989
9819
4709
8204
4473
2414
5619
9856
3689
1799
5318
7960
5068
3998
4401
7429
7067
1780
5487
3365
3013
3856
3617
1026
6464
4898
41
2102
6133
1413
7315
7655
7069
9872
4950
6110
2031
4650
1697
5720
1237
1464
251
3629
1822
1658
5769
6895
3643
6586
2816
5897
9571
6310
9486
8864
604
1006
3519
3482
2779
8792
525
6689
6379
3717
6715
6819
8904
6366
4037
1093
2444
3908
8270
6208
2867
1575
3587
8964
8737
9874
5187
6561
677
4337
2104
4994
5409
7867
726
3289
2897
4680
5064
5138
7806
9087
8659
4253
497
4421
9897
3419
458
8048
1164
2056
7943
745
3277
3832
7752
7946
7504
488
1271
5632
4956
9102
5525
2012
4539
9862
1277
4056
9960
3080
7946
1910
6026
8072
5961
296
9638
291
6352
8796
6691
9190
2044
7915
4722
8886
7818
5001
4523
7536
1073
2224
6415
6113
2320
8627
9937
4835
7992
5235
5175
911
3587
1420
7558
9865
6691
6977
9958
2499
8587
8650
8468
7189
8069
1830
9615
2302
9432
1062
319
2480
8321
3095
1080
8384
6291
1265
1524
5400
5445
5674
8254
232
2511
6133
2883
3147
4637
3465
2911
9685
2779
736
4530
2328
4349
9388
9470
34
1079
4757
217
970
1355
9996
1031
1145
9745
2686
3347
3268
4604
4072
8149
8719
7443
1096
3178
9024
3406
5304
6222
3456
2295
1129
5166
8994
7263
3985
6803
5433
6993
5884
2849
902
1975
712
7377
625
6830
1204
8362
9857
4657
3478
5477
4688
5268
5466
8350
4485
9830
7241
5425
4587
8186
6128
5772
3463
2147
9022
8137
9030
7682
1871
2076
7938
2063
2290
4428
9089
4296
2075
2582
8191
5580
8876
39
1268
5926
5219
15
3578
4270
5492
5986
3877
4647
2185
2656
8300
8810
3988
3178
3106
2978
1609
2353
5469
3063
6677
8238
1394
1017
2696
3850
4540
579
8325
1857
1678
2903
290
9524
3486
8452
2841
5768
5567
1462
5422
2331
4514
6844
8631
2829
2967
5636
5357
3529
3282
994
9120
1877
2126
2533
5024
6858
502
9142
9981
8073
4701
5502
3163
2996
458
4736
8178
9044
5823
5496
5140
9632
7446
3488
7860
2797
5144
36
1653
7299
1046
8328
4272
8246
6689
787
849
939
308
5936
5958
6509
4851
1774
2322
207
3530
878
4548
2704
4088
5191
6129
4484
8120
6671
4709
1101
3962
9023
1166
2677
8561
7512
4708
9370
6851
9118
2823
1375
5070
1756
3126
2783
8203
8902
5982
6848
2661
6976
8278
2908
8854
1032
8637
5439
7139
8585
9705
1940
3681
5682
561
647
9995
4063
9382
7509
9030
6239
9241
342
4476
5552
5496
2146
7117
3370
5944
2122
5699
7206
3608
349
1534
9980
4418
6121
6322
3036
6393
2538
9010
5137
1252
6901
5125
4575
2055
3687
6319
5061
9269
4314
7464
3852
3625
5459
1362
7383
2408
9548
17
3348
8229
2895
6396
1757
619
9508
8439
4166
5791
9361
4385
5536
998
1592
6192
7041
6955
5600
881
3904
2445
2416
9945
5142
8798
9095
8290
6754
82
3063
503
9880
7189
1807
9532
8402
1040
788
9037
6911
8431
9524
1904
9740
2410
7121
8088
5864
9265
5316
8086
9092
8771
7866
2319
7945
6576
3585
9567
635
9403
6662
7733
9841
8138
5267
5604
8381
1366
3148
748
7173
142
9456
5901
9179
2573
5449
314
2480
1172
1196
6725
7294
2370
9450
8231
8736
3760
5549
1179
7950
5142
9775
8119
1380
8051
5939
5785
2617
2328
6688
5573
8017
7994
9880
2302
9219
5645
7202
9254
5860
9667
6738
9685
5668
9699
2832
4974
1034
4261
8715
4225
3815
8188
1093
1816
1374
9809
4940
2196
1438
9677
8555
1887
4944
4137
1598
3116
9959
8192
6501
7539
3012
5469
7703
2940
3181
6871
622
9321
5297
5587
4977
3950
2102
910
9426
2945
9981
3570
5507
7733
6265
3017
837
5177
7572
4097
8477
5248
9568
2471
3950
8801
7707
3272
4777
2596
9753
3027
2005
2701
4568
91
5129
247
9754
5688
867
2017
5602
9372
2773
9474
4110
1011
249
6537
4969
8123
5105
7096
9735
7803
6916
1707
4842
804
7874
727
4854
2552
4099
6986
2337
4538
6177
7404
7370
6183
6660
1198
4282
9273
8737
9138
2007
3808
9308
139
1704
1104
1403
5698
6660
2788
7824
1761
3023
796
2658
555
6046
8029
753
2521
5009
6127
4722
8132
2951
6181
986
5871
5256
7488
3186
1928
6194
2804
8360
6426
8900
3667
3399
997
2028
9919
2386
427
2223
5981
8270
6101
7722
1667
4648
1074
7393
2769
6811
444
7047
1181
403
5981
617
1585
4485
7828
9416
2337
2742
1047
621
2567
1134
6910
1878
3505
5647
1302
3698
6365
9254
6734
437
3450
8520
1570
6773
5705
7147
1047
8332
6516
3263
6127
5300
7630
8535
2747
3528
1234
1525
8124
5461
6425
2154
4225
2783
997
7058
7042
3441
9831
7861
9856
4760
6891
5289
2355
4889
853
1096
2274
4283
6510
2175
8556
5738
8589
4457
5204
2207
6101
1915
2399
2587
9081
4007
4215
4715
433
8121
9410
1411
1205
2761
6132
5956
847
4084
3556
8864
5870
5145
6242
3986
9938
4559
2009
9333
9062
5288
2151
740
1171
839
1218
3687
3447
4993
8793
125
89
7911
6202
7003
5695
2302
4052
7181
4377
8316
9912
4471
7222
7514
5054
9993
1603
6944
6947
9429
5494
7443
9797
8157
3089
1605
8255
8275
5151
6156
4743
6769
7005
8567
2748
