10000
5631
1095
9851
1826
2632
1522
7407
8837
8917
1944
9697
706
9295
1892
8719
556
3481
8585
5826
6235
3042
9761
257
5438
2479
4204
8509
8835
2201
2360
9770
2282
1970
5359
6
1121
734
2167
5158
5253
6806
4890
8472
714
3752
2748
6648
7811
7848
9627
1270
1779
4989
479
3851
9782
8665
9367
3833
3200
1191
6058
2314
3206
8357
8499
4792
9070
4750
4022
9785
7202
117
2605
4125
9198
8248
4037
4263
5027
7027
8026
5082
7827
5194
8846
8727
3919
6748
3048
2536
6285
7648
1556
2226
3621
7272
2482
1380
6151
3818
2230
6684
7221
8775
5671
8955
7472
1712
1273
9921
2620
5242
8061
8006
5852
2431
8783
9807
3166
1214
8455
4657
2139
6374
1038
5505
2504
7398
5848
1160
2231
2639
7592
2627
892
346
6357
6088
3614
1101
3475
1352
5112
528
2795
7598
3954
3824
6666
1142
9975
3628
6373
5150
4803
3350
2776
959
2885
4510
5451
246
5087
9463
2419
122
6708
8576
7376
4395
9066
2956
7478
4487
6948
564
464
8362
6974
7272
1126
759
1608
5854
2630
6288
3141
9201
2728
1727
5635
1493
5055
3624
7382
5396
5861
9566
5998
7831
6526
1251
7186
390
1202
6635
6696
6291
9536
7963
5850
9340
8089
3208
9133
1934
3370
7811
9572
3405
7449
8751
5356
7649
6887
3730
3707
619
4709
4158
3352
1372
2637
1081
136
798
5331
2478
4891
2941
3649
2753
6302
6537
752
7275
5102
1929
331
6812
1376
2627
3433
5605
9140
2385
5202
2528
5213
1056
8845
8671
8919
7094
4931
3515
9323
5209
5991
4472
5715
9692
2080
4571
2517
9031
1479
8049
9861
3153
9511
2291
2042
5034
9263
3852
6731
85
7105
8722
1375
7259
2022
4954
5336
7446
369
3477
6242
9451
3810
3516
8033
3864
92
6649
684
2437
476
5027
4112
2490
634
2674
9186
3563
8117
7883
4932
9413
8677
3960
63
1729
1793
3641
131
591
3153
1367
1645
9063
9424
2296
1715
3115
6578
5494
2078
7415
1577
3731
3355
7890
1464
4860
2479
5668
2431
7633
7965
1371
8034
6656
688
5756
853
6910
3386
667
5286
9859
7055
5279
1074
3509
7820
1919
1250
3918
4141
386
718
3152
6556
4181
9665
5964
8061
8690
7334
9784
9735
8921
3008
8312
4615
3551
4003
4956
6971
1285
9579
6782
9824
306
1465
3535
8312
1184
7393
8806
6744
3741
4729
4779
428
1133
6572
6421
450
9793
7649
6856
2825
4295
1308
7723
6505
529
9233
9244
9356
8958
5415
9367
3588
5263
4610
6769
855
3457
2918
1398
6274
2130
6216
3948
9140
4989
6390
2950
6992
6157
1736
6607
8387
2597
2232
5778
2527
9195
9603
3961
1009
674
9402
8685
7374
1849
1009
9818
1153
5383
3075
2581
6125
4113
4272
2941
865
191
6859
7619
8476
1254
9857
609
375
8900
7152
173
8244
1246
3607
3890
6863
2681
2279
238
5846
264
7340
9788
6473
6324
1511
6970
8686
5403
4544
1781
961
8221
1297
9884
5305
9659
2446
448
930
834
7385
610
8965
5079
8241
791
2586
8426
5496
9708
5283
799
7783
1009
6104
7591
306
3719
2572
2993
8582
8461
2558
7538
5059
283
7525
4601
4359
786
5167
8637
7598
7058
7163
1887
5532
5146
466
6920
4613
4565
4664
2204
943
4101
673
6494
5875
4424
3845
339
6294
5171
5082
8773
568
1724
7856
2893
9206
9047
9129
9111
5217
7134
9127
7774
921
7962
4416
4257
8201
298
1648
5637
5878
432
6171
8441
1180
5907
156
8007
7943
9035
5503
166
9322
5215
1333
8654
9054
2014
1899
776
5688
155
4572
8976
780
3525
8687
9044
9707
6881
2957
1512
1129
3866
315
6003
6130
8945
7878
2508
9051
2185
4697
1524
3615
2558
9616
9612
5580
9778
8384
4706
8115
4109
9469
9021
1759
6058
6697
1773
3770
7310
909
8002
2998
3315
3554
7246
376
5457
3876
8011
3101
5268
6937
8101
244
2670
2466
1461
5107
3636
5300
9181
5692
5604
6026
395
7908
957
150
2199
3798
9288
9302
9269
9981
5339
7460
7491
9627
5138
85
654
1431
7516
1442
3010
5182
5702
9027
9066
6624
5701
1942
3529
222
1887
6780
711
79
8317
2961
8539
9772
8427
80
7563
6355
8840
918
1694
7005
9230
4271
4147
6565
8270
5741
8180
8927
8952
7189
9440
4415
5237
5345
3491
2664
1243
2347
2831
3873
6748
2118
7872
2046
4523
4635
7679
2022
8884
6851
748
4228
9211
6087
914
6289
2292
7030
7876
3359
2111
7678
6876
5043
3788
552
1215
4855
2409
3977
6985
3118
9980
813
3753
7903
3973
6493
6579
4851
1161
6033
6919
5519
6195
7213
7877
1645
6082
3503
1409
5103
405
1802
7450
6831
5486
2557
5046
7929
4297
2801
3101
1473
4502
553
1763
7514
4216
8656
5373
2416
4751
6180
4542
8073
200
1362
7584
4802
7553
8773
7168
2263
5662
2335
7793
7922
1059
7952
7372
2382
740
772
1997
8673
5321
8097
8526
559
4920
5121
2167
5226
4438
8024
2192
2954
8087
2866
6944
9373
1448
6859
7895
5487
47
9613
1616
3045
5741
6061
1678
1010
4966
7655
6037
8943
5583
8110
3807
9936
1960
2979
5676
9992
5743
7749
8634
8752
5745
2741
9677
5111
8460
86
8978
3247
8416
5803
626
6369
4139
9105
3522
5150
9165
5007
7516
2564
2307
7238
6786
9530
1742
1847
7017
6470
9715
7384
8325
2278
7000
5787
5512
3530
4970
9315
4127
6823
8505
7046
1109
8256
6394
3917
2607
7314
5193
6904
1669
5295
476
6661
8480
3537
5003
6375
2593
2313
1948
6930
1325
4152
2273
7453
1443
6021
7068
6268
7544
317
3241
6222
2678
9712
6164
7879
1250
6359
1584
7771
4174
9905
1523
5207
5932
954
920
4785
5640
4199
1392
2417
73
3295
5268
9583
105
9572
5895
9609
2247
3492
930
4555
1852
1748
3846
4786
699
2843
5188
2915
5800
5088
5225
4442
5160
6540
469
3179
6372
6557
3564
9629
2444
5295
7319
8697
9511
2124
8232
7599
2188
5259
312
157
4669
3482
6270
5293
1535
1826
8837
6774
1904
493
1592
7302
4245
3773
1689
8195
4565
5315
927
2213
3135
6945
848
4668
8625
1648
5613
7072
5066
1141
4762
8923
723
1997
7912
2889
666
4381
6728
6580
2723
8602
9174
4417
1076
1451
3386
1285
603
5280
2085
4967
7939
485
1166
2259
6641
9376
4018
4410
2305
4783
9654
6055
5712
9296
32
9126
2698
3870
1599
5503
56
9436
3187
200
4835
4341
3114
3128
3844
8779
1483
5539
2863
7479
2568
9402
51
1807
3896
6342
1091
9662
4789
1354
3002
3206
6932
800
7075
8060
5762
1939
1292
5653
552
2799
2420
3557
9663
9421
8086
5343
4920
7615
716
4823
6161
8372
6144
5241
9155
6567
6254
8177
702
9535
2246
7561
1083
577
7322
4459
8151
3659
5369
5872
6120
9816
3331
1504
618
6353
3572
478
9682
9273
7302
8561
7342
9023
1694
6377
234
7683
1245
2588
1257
5952
7411
4362
4619
1080
3985
6109
5044
7013
5691
6767
7426
2973
9854
4550
9359
1237
2311
7793
6570
7976
3284
9098
924
4712
8659
269
8683
4663
939
4279
1903
5993
9770
8016
6945
175
551
7440
7396
1792
4054
785
896
3125
2941
9507
4627
1774
939
8896
7551
6318
5566
1315
5006
2804
9257
389
1097
4080
9160
9569
6714
6530
8446
1255
5331
1219
4509
1732
6889
5867
117
2460
797
5289
2833
2121
7670
3508
1309
5942
7264
5538
3107
7706
4917
9953
8988
2108
6983
2360
4275
493
1691
2954
4724
9864
7875
420
7135
5651
8001
1793
1381
8409
3356
9378
983
3159
2773
9749
9141
9799
1357
2848
4441
5431
9771
1951
2434
3467
3697
5429
2572
1394
1087
2793
3640
9708
5391
651
1676
5333
5905
2982
1134
7632
7074
8045
3235
4886
9105
2659
4367
6894
9031
6503
6066
1604
7059
8857
833
8900
9705
3275
2253
131
3204
7466
2588
3161
372
7089
4398
7538
9404
1188
7747
5107
3945
1282
3522
2629
9064
3559
70
3735
2477
4576
961
5254
7936
257
3780
435
4597
8352
4540
7733
3030
9195
6312
4066
9152
2849
2137
9535
8424
3916
8919
960
407
943
4632
4071
525
5939
4539
8988
8781
9608
1613
6251
9623
2394
7361
3513
5313
6842
5529
4967
4725
6198
1485
1061
2955
1850
7525
1743
2460
732
3809
7145
2161
7609
8130
3686
7952
8831
4433
9452
9700
603
5874
8121
5531
2366
4456
9527
5825
4439
7769
7752
2470
5312
2088
5998
7679
7071
2992
7946
3960
2621
4142
9753
8055
1258
9881
1404
5714
8661
3575
4261
2738
5378
7075
9572
9863
6106
1466
5797
4036
5375
8606
3236
1914
3563
6615
6037
5106
3878
1351
5034
2336
1962
9618
3614
2295
7377
424
8609
9274
6889
9112
9156
7113
7610
4123
5805
6078
5141
7862
9382
5762
4367
1361
9041
201
4071
8815
5344
2957
3120
7888
2541
5971
78
7822
4703
7559
1115
9140
6096
6054
6173
7908
1086
4669
740
2012
9979
5398
4393
676
6581
263
1506
6454
6456
9146
9088
2227
747
1536
2956
9020
916
5047
4571
9473
2574
7760
2532
6876
3493
5091
3780
2111
7062
6313
1886
718
4599
3496
1895
869
5554
9340
4609
1293
2107
971
6247
1779
351
1886
4342
8277
8314
3623
3520
4933
6821
5223
9449
7817
5064
3253
2874
3999
2449
7490
7460
9887
5024
147
8608
8966
5681
9137
8573
6189
2412
2577
2032
8782
307
2788
8638
7690
2680
714
5101
7259
3813
5603
1392
6847
5704
7066
3123
7298
5282
1837
7192
1000
5547
6852
6727
7644
2046
4972
9405
5651
1084
106
9860
790
6606
3753
706
8009
3311
6555
307
5667
8762
5500
5843
613
1169
9365
1425
8808
4471
9200
1734
8679
6322
7628
7543
4918
2402
8513
5780
9526
1063
155
4971
9516
9184
6646
8318
7890
9207
3551
5279
1758
9073
2919
4918
4668
9163
6713
6474
9831
6562
7200
4297
3246
6784
3873
812
5566
1140
8729
1909
2775
4135
2329
1798
3774
6329
1578
5509
2344
8853
4399
8129
2929
9823
822
7248
2197
1757
5324
419
3521
3417
1527
5400
5401
2019
2544
455
9468
9301
6885
9072
9908
1923
7794
3034
883
524
9766
9764
900
1329
2421
5959
7236
4350
3956
5143
3431
5434
9565
7233
4274
4278
7202
2725
5926
7541
5407
3488
1949
3636
2851
7880
1337
2207
4786
125
5823
7256
9977
9816
3881
7762
4126
1046
3239
3234
2919
5270
2070
8399
6011
7632
3719
409
8129
7736
3041
9092
1978
3643
7794
3563
869
7788
9686
6577
5854
7556
6746
8483
2391
3731
9466
1620
5410
4537
2094
3444
9110
6036
8762
7501
934
8031
8395
2724
9901
3904
7796
9038
9569
2466
4580
2478
8172
7356
3597
5468
3982
6479
7773
3626
1231
8270
2478
5387
7412
3377
4644
4562
4512
6333
6773
2490
5446
400
2958
4404
2750
9356
3801
1348
4975
124
2581
3251
1995
1609
3144
9152
5354
3552
7806
4710
1896
1100
5887
2102
2072
102
3073
1525
2049
3525
6377
3484
1923
5040
3909
2217
68
7118
2417
2221
9620
1368
4432
588
6056
7911
2253
9740
8571
3391
1166
6255
4329
4467
4184
4471
7352
8639
1855
4379
2143
8603
2553
779
9268
6163
8371
2793
4450
2439
4260
3269
806
2436
5706
7589
283
6843
6667
8267
3077
2591
570
6275
33
9909
1930
1988
7336
8771
3598
4743
4768
4961
1682
8520
2797
1591
5310
7127
6110
8713
1445
505
2475
2438
4953
3436
1123
6641
2891
3333
49
1383
6683
2273
1304
8160
4272
7766
3086
6462
5828
1077
5391
7107
7408
5975
1491
8610
4368
2314
9292
1094
6765
409
376
6423
101
60
8178
4765
5738
3379
3154
5161
2265
3734
8990
8463
6908
3760
3466
5555
6449
6528
8151
4055
5252
3425
6132
635
7085
6624
5550
3453
6076
5830
4929
5302
9821
3286
5743
8135
7815
2378
2222
1632
4568
6479
8782
1967
352
4813
6303
4681
2843
879
5889
3918
982
7121
3940
9925
2143
6326
531
1502
7719
2454
4616
3929
9726
5679
5899
3272
1668
7530
6257
5157
1716
5537
2469
567
3524
5745
7711
2191
5874
2921
4837
2669
5632
107
8217
7708
6007
5860
4175
1116
7997
5490
469
8058
3262
7825
9061
1223
8504
5157
2491
5497
1095
8709
8773
3679
5738
6532
6707
2550
5715
6136
2044
839
6122
494
7934
5802
1273
219
7679
4251
3549
9198
7917
2546
7669
8852
7048
9770
6708
3897
3390
9678
977
7417
4295
5936
8345
8923
6913
5144
486
6058
6221
5900
4983
8818
5905
6482
5455
8454
7297
8436
760
5287
5961
4882
7794
8586
3933
8132
7560
6279
506
9521
1304
8183
7815
1859
3448
9210
5505
421
1245
5875
9912
3734
9230
7140
1756
999
6753
8
1810
1741
3760
526
9054
1170
2100
5116
6054
5781
4885
4076
3781
4897
7532
1589
2698
453
142
5360
8930
5522
590
9422
5924
962
6629
6097
8867
8604
2891
2352
9084
3022
8849
5734
7061
5235
2516
6871
890
2799
8311
2663
3948
4434
402
4364
6689
2594
8942
4230
1435
8765
1258
8663
500
1900
2503
5261
8244
6976
7713
6385
4272
6541
2009
2793
4356
4166
5249
4847
3643
3505
7145
6338
690
5878
1916
7879
8715
3186
2128
9920
9669
399
7986
4409
8531
2522
3878
2278
6507
9460
4947
7664
2571
1093
543
1501
1588
671
4502
4709
2178
8311
6437
16
8364
3673
886
476
3685
4586
1221
6133
2618
2597
600
8452
4508
8661
987
685
1123
1501
5531
8483
7106
5224
5934
617
4370
6711
3829
4360
4995
7768
3174
1704
2668
3354
654
5851
2624
1036
2508
9589
5673
5728
1852
1742
9765
7777
3604
3548
7270
8495
7736
3062
5037
2856
5018
9343
8342
6784
8833
6154
6711
6531
6530
824
6041
1992
4652
7344
9569
2903
9583
8875
7867
1923
2822
4721
631
7351
3155
5849
869
1658
6082
8146
9933
3385
5438
5748
6843
2084
1899
6704
2637
3446
9326
6145
6732
1372
3898
8946
8495
3758
9842
9796
2113
6248
9730
1509
8940
7460
1346
499
1748
6211
7320
5759
8471
4428
2416
6302
4015
181
5466
8213
9152
3010
4970
8065
1900
3868
4496
996
1964
955
8823
379
180
7705
9010
4504
3785
4197
2816
8272
3600
6338
359
9476
1329
4375
9924
4749
4868
2048
3319
3553
54
7950
9951
2324
3765
6386
3443
1483
9493
3040
276
8411
5094
2034
3940
1402
7506
3905
2281
4908
4935
9420
712
4206
5050
7817
5116
9406
9493
1669
1444
726
4447
2236
4824
6926
8172
2813
8973
7055
2836
1552
6671
5951
5805
3754
6653
895
3095
7853
930
2522
7217
5097
8632
2313
8715
1304
326
5223
9099
4188
5233
2239
4975
1744
9610
9260
2574
5591
8734
7367
3764
2261
7021
5164
4582
6747
7899
4331
5341
7954
5776
9721
9483
4943
5571
3056
5897
8416
9078
7353
6257
7641
5211
9727
9226
9763
6781
6253
7939
6627
8867
1075
3583
2762
1272
302
1924
6601
5890
5617
6224
1205
3999
2210
3191
3584
4494
9042
4267
2572
8261
7597
6809
1155
2397
7090
827
3783
2091
3060
1688
9153
1535
9742
7125
5484
1271
9980
1048
9796
6920
7217
6557
6836
1919
6020
2768
661
6383
7694
9376
6042
1382
7119
9151
4229
4309
7892
388
2370
8061
7232
2603
12
6697
9788
4201
8580
6984
1566
4419
3782
7458
403
4275
7581
1049
5959
1769
8462
7907
4030
9684
1173
116
628
5877
7692
2590
9215
4277
8891
443
4989
2868
1403
8880
9660
9946
3116
9703
1176
7086
4995
6541
5324
9543
1313
2034
7459
5750
506
428
9252
5702
7958
4496
413
4488
8203
1268
3432
3791
862
9816
1003
4821
1367
2494
8398
1784
6012
6082
7279
2427
4314
2388
2471
1803
9695
6262
70
7437
5696
4853
5519
8042
5554
9831
7231
6282
8302
4811
493
576
1291
8286
617
7394
7227
5719
4141
1695
3649
1528
7011
5688
5923
8579
5434
8062
4316
2488
9369
6988
2309
8302
6992
2675
3185
744
7084
7192
6109
7619
9313
8074
1408
7014
6156
7524
405
6471
4384
6903
8471
2575
718
9417
3015
5900
211
3732
4620
8795
4774
6850
8947
2806
4493
6633
2593
5908
1003
4666
5210
5227
3326
9487
6086
1656
9209
4519
4881
5948
6982
7344
9582
1248
6269
7748
7447
2981
8793
269
5723
8228
7445
2843
5948
7855
6395
3280
1073
8893
11
6710
775
9141
4705
4782
6011
7948
1861
7672
5158
196
9541
449
5435
7724
9931
9247
9467
5888
4790
6762
7798
2209
9761
1250
6870
9107
2928
6581
9293
322
3023
9577
3193
2514
4663
8903
5350
1489
9307
7531
7311
8411
8112
5538
3179
7620
7383
2190
41
5470
3956
8375
6349
9762
7897
7032
394
6749
4842
3812
7831
7904
7942
4322
9397
7139
8926
6009
3282
9716
5958
2163
9694
3496
2985
8749
9598
5987
7632
2998
6226
4068
2546
5185
2930
6501
4648
6760
3118
4994
6210
1231
7231
7603
8719
6426
822
4519
5718
305
2415
5259
9259
4565
7870
4642
1269
5516
7128
1827
92
166
9219
3698
2922
5935
7796
9756
6570
6969
4881
3565
4301
9019
5438
1823
8615
3419
8193
6796
3341
4722
980
7300
2514
3823
7620
6975
145
1677
7499
9853
7458
7363
238
4373
602
7360
5771
6836
2955
5882
2803
6146
2510
9741
4927
2474
9340
6239
2252
499
1896
6483
7029
8792
1054
6429
229
7286
450
3194
3970
2438
6564
139
9501
8846
8463
1875
7841
5984
7651
3227
3367
701
8434
1877
8805
9075
2787
4793
6597
9614
8485
9879
6008
5836
7623
2798
3704
567
4393
5649
3879
4552
2352
3744
438
6878
7127
8082
5654
1463
9742
2847
6196
505
9839
6735
3554
1656
9792
9242
8411
2312
6369
2928
4559
7456
2767
8687
8567
4866
5099
6427
1814
6338
2867
3285
8211
7642
955
9774
2625
8206
2388
4625
3506
2561
1406
7131
3512
6332
5225
2721
7621
5509
1257
8190
7307
2142
9577
1634
5466
8754
9505
8032
5711
8450
4240
3869
9632
7234
57
1205
213
7212
2374
801
1587
2755
4710
742
6269
5816
911
7511
4645
2252
3017
8236
3557
5773
5034
7518
6901
6736
5581
2572
6626
389
8716
4523
8421
9800
3455
4994
1682
322
9594
7060
5866
9764
5622
7243
8276
7468
2076
5180
4002
7112
706
2379
2059
6665
8980
1481
2551
7548
6655
6865
1596
6732
14
5200
9166
7887
5570
5051
3305
9651
570
9788
4516
7360
4413
4281
2955
6489
1515
9184
2375
7175
4201
3288
247
1555
2597
5247
5629
216
8772
7711
994
7988
4006
152
8080
5690
4171
224
4546
5203
4135
9473
6743
4358
7738
4395
2737
1475
9739
3996
6234
1758
9764
3288
4195
8639
2875
8539
2470
9099
9431
333
3913
3058
8377
4992
9251
698
9703
4544
5367
7504
9076
2105
3089
3240
3413
9023
4309
2643
754
2730
7887
9417
7717
2522
6190
9715
1678
5726
3541
1069
3381
7033
5173
9640
7358
5989
3648
5107
5463
4601
6352
478
8443
8214
4542
1694
7683
6121
758
6550
7172
1329
7784
1328
5793
6773
2796
3747
5246
668
4884
6444
7672
2527
2128
4665
47
5021
1331
1956
1880
5113
1490
8336
4850
1032
7067
4694
3408
9479
9025
1702
8956
2923
4295
4667
3907
4929
3943
8775
5371
3549
8512
7630
201
225
384
1685
822
9601
6090
7930
4497
5948
1515
4504
1324
9478
8724
8475
8617
2511
3397
1721
1587
9312
4536
8490
5780
1530
6376
6127
488
300
1268
5383
2494
8704
6245
5196
1757
1999
4391
5709
4466
6701
8091
5084
1802
2067
9721
5032
8578
6666
74
206
5776
1360
7592
8776
5592
9852
966
8606
8562
5371
8340
3599
4816
6515
6952
3115
2940
1287
2320
2641
2745
3973
8250
836
4830
6957
596
732
5331
1455
3836
8079
7993
9888
5023
7995
8100
6410
7927
3546
3206
1005
9815
2002
5093
7503
996
8345
3129
7071
9591
7035
7312
4437
5730
5550
3517
6713
4117
1904
4163
8944
3072
1570
8536
4950
2603
5920
1400
52
6806
7980
4897
3515
7977
6205
9101
9200
1815
9807
2074
7670
3809
7115
1590
5043
7488
607
6546
6819
1395
9746
4776
6135
3030
6458
7454
7571
3524
1518
2300
4870
6466
2120
8515
5954
8744
3255
9517
7942
8508
9360
3604
8259
9460
574
2398
5688
5394
3844
2434
6175
6258
8804
1431
4897
2553
9482
2687
7424
6249
5986
1106
7332
7019
997
791
1208
778
3090
375
2708
9216
4453
2345
1767
2106
6678
4250
213
7691
5113
44
7427
740
9999
9865
4480
8093
4637
9116
9081
7896
6786
3385
178
340
9822
3022
4508
1963
7601
6721
8766
3535
3926
1629
5205
6760
6805
2565
3531
6181
721
3791
7656
2698
7258
1577
2792
2986
177
9525
2878
2968
6879
6826
1392
5937
8746
5289
8913
6433
8051
7368
8112
1347
9681
9799
286
8447
6430
6580
7544
1465
5552
2668
5274
8043
3053
4261
7868
4522
213
1439
1817
7505
9645
6191
2733
6232
7527
4356
5920
7515
284
9122
8083
3256
8873
2354
4759
448
2312
5366
1594
5105
3712
5307
660
6578
1225
7446
160
6236
8087
3610
746
1547
3322
6377
992
2760
349
786
1863
348
2726
1938
3999
1798
4279
7782
7682
9984
5126
9509
8830
9147
686
1761
7763
2431
2051
6946
4424
442
1413
8479
7816
791
3360
296
9908
125
6245
9988
9069
2087
6338
3227
3223
4936
1698
3139
5511
1268
5257
6102
3801
1610
4068
1469
4852
9254
3026
6984
656
2456
3654
4491
973
5024
6427
706
4533
9081
5925
1491
7509
3753
1914
9388
4532
7923
1235
7586
8209
8368
3874
6803
369
5373
525
9302
9095
9263
4705
3816
523
4883
8867
1974
1290
8175
7038
9719
1126
5155
2085
6905
8830
2351
9772
8690
4781
3346
7273
9960
3505
1503
8263
9303
2718
1090
3489
1350
8671
901
7408
2006
8886
7991
9828
6709
8135
9912
7898
8289
8226
9600
2847
1811
4945
500
9805
6325
6099
8528
1352
1355
8767
9041
2080
3354
3938
4274
8045
7900
1448
6152
9784
6907
8876
3865
2405
9283
5454
8668
2729
6953
6541
4081
1948
6032
5338
6946
6114
4223
6587
6203
5440
2575
5829
8571
223
4025
673
449
9951
8791
273
5823
5562
3378
4670
3771
7925
309
9422
4490
6951
6962
8153
6531
4903
8848
2833
1361
8944
9135
3788
8761
7155
3424
3537
9746
7919
5962
8930
1228
3110
6607
7503
1962
1392
6818
8780
8506
9656
5315
6705
7121
1976
4544
2725
4985
746
7439
8961
3066
5976
279
1883
363
8356
3458
2585
3787
4281
8007
9117
1202
5996
4376
2556
7345
9156
4498
2509
9049
8583
4046
182
3276
5623
4493
7530
5730
6982
613
1563
5967
4150
605
9316
8684
2471
8403
5741
8501
808
6766
1265
2755
3264
4163
2945
3591
8665
1633
3448
4797
9642
4633
6909
6096
2013
7327
3662
161
5907
885
23
7292
4504
2249
110
1566
5659
8816
715
8617
5537
1168
9620
7919
4205
8893
8764
3305
5450
6451
1064
3784
6243
2762
3125
3647
7385
9177
4346
3196
2184
2093
2493
9756
4699
6361
8427
6764
395
5984
5028
2372
7227
8626
9777
5217
8510
5169
6252
1048
3127
4005
736
6032
7203
4984
4863
9550
2333
11
3065
6619
4906
6352
165
2296
4762
6986
1649
5028
766
2982
7594
6512
8919
3920
8648
8271
5032
5413
37
9928
2487
6096
9030
7415
1464
9525
5580
9311
508
805
9002
2073
8060
4447
3513
1667
5066
5170
8005
4565
4679
6474
3281
122
9121
9474
8239
5250
5187
3983
6592
5490
8334
5332
995
3971
6243
788
67
3825
4088
3506
3184
897
5429
9822
2181
9659
5899
2383
4652
5369
9819
6373
5226
964
439
9802
3813
6717
3209
7922
8139
9684
8788
9834
9166
5203
4634
1555
5618
4027
3445
5375
9357
787
2140
2324
6063
6294
743
7343
3199
9281
4902
1925
412
5556
45
5583
4190
263
6731
3030
4607
9472
1591
5881
2044
9998
203
4383
6968
4136
2896
6580
1497
4184
420
9960
4420
163
4461
7891
9921
4183
9567
2572
3110
6247
7763
2834
7420
8002
1923
4067
9309
9223
985
6341
8196
1295
7344
9624
7050
6065
7727
3456
4649
4244
7734
1741
4278
1734
7543
6472
6791
909
8060
4161
8171
5081
865
1123
1152
641
8934
7021
1952
2677
3617
5261
7205
2226
8671
2448
3052
2759
6527
4407
3368
5765
5881
5586
3075
9751
6190
1086
9847
632
8875
5544
5224
5352
9797
2067
8072
6345
5923
5520
7850
1975
6938
6766
4375
3547
8914
9828
3372
8277
6531
718
7155
3883
3346
9100
945
6226
9557
4740
1831
8589
3313
5946
2290
3766
7623
5249
3414
1830
6169
5229
9740
6541
677
5927
1979
7972
1366
4634
8938
403
1992
49
6878
2618
6430
1097
5982
7308
7951
9175
6134
7997
9683
2870
5227
5671
4189
6613
2984
8328
345
6476
4559
8254
3922
5157
7018
5154
7053
6902
7219
8423
3275
9420
544
2006
3211
9791
2071
5821
2349
9523
6092
3352
2827
2296
6968
4740
8746
6638
4884
1029
1183
9037
9196
8620
7608
3882
8622
4035
4596
5019
3555
9829
3060
7971
6994
8572
4351
9378
2916
1665
2096
3850
1049
7511
569
1574
8052
4193
2454
8275
2280
3549
237
9805
7749
9806
8257
1836
2479
9321
4496
4703
5461
5966
9933
514
9985
1220
803
4018
4308
905
778
1612
1955
5810
1018
8817
7291
2736
6542
6516
7783
6653
9206
7600
9260
2553
7272
8439
3391
5523
4502
1020
8068
8606
8363
2425
8827
3419
1147
4328
2695
747
5993
9633
4800
4044
179
2936
5958
3362
9876
6833
7046
4123
2186
3224
3149
8932
3452
8080
9392
4402
6894
413
4467
2336
9642
3869
1971
7710
1588
4168
3640
6741
7031
1338
8137
4242
1792
2762
7488
99
3973
8226
6659
1343
6533
1739
4041
5281
4957
859
1031
850
5645
9831
1351
26
1408
8716
9373
9680
3365
5524
7320
507
7233
128
4789
4992
6259
7452
2935
2385
6444
3608
5217
6117
2921
298
6205
2758
4987
6008
1879
5140
7647
5377
5978
1718
6537
250
5967
7826
4807
2376
4465
6348
4642
6940
6412
4213
649
9757
9027
226
6020
1257
7102
7645
7709
2192
2918
8162
194
2844
8874
5216
222
1192
179
4924
1515
1824
6287
5380
7037
5829
4113
3118
8101
3484
9469
1804
4745
8872
5802
4355
8853
4176
9808
2355
8784
7003
3
607
3235
6912
2967
4117
1526
7083
3985
6296
6366
7777
2138
7367
202
2518
5844
9501
2815
4200
5411
8776
7711
2129
1482
9189
6251
4505
5481
3462
6140
4605
6036
6815
6331
1064
1385
254
482
8459
854
9483
6349
794
4058
4529
6173
157
5843
3233
4418
7880
7444
348
4600
4473
1940
266
7602
1077
1433
8598
6611
757
8543
4023
9767
6975
2765
719
4995
6760
8585
7679
7838
8088
3206
6396
5845
2786
1077
5627
9685
5991
7223
634
6667
2374
8096
9604
8623
6611
2471
8208
8820
673
1437
2242
1208
6394
2637
4569
3527
9731
5421
3669
2991
6475
4768
4973
5838
861
3929
6298
1593
3077
2797
7125
1574
5541
9000
1810
8786
9000
8899
391
4165
6861
2106
1990
7616
5637
9232
3493
4148
3371
7469
4224
4958
9939
1928
7979
1767
2143
1789
2227
8042
2640
8061
7221
4958
7290
8960
4088
7780
4421
9219
4275
1560
3474
5770
2437
6258
4560
8464
1399
6726
5067
3447
7450
7046
1304
6154
2478
8442
6842
9531
7234
5286
9213
6081
1727
1104
6044
1222
443
3607
5887
9499
3250
6467
9981
2873
776
6254
4757
7458
8100
6482
741
8172
6596
1813
8065
467
7724
2417
316
7
4624
126
3605
6225
2049
3864
4039
2636
5143
9874
5613
4979
3077
590
5629
764
8949
2480
512
4098
6095
3413
5628
5911
5924
5067
2844
7898
1094
2474
9343
4117
3914
6188
2421
647
7367
4101
6702
2979
355
6129
3267
1718
8739
6029
3337
8635
2812
9618
6273
3534
9589
5901
862
7548
1036
2588
6464
3625
9493
8304
3532
741
6221
8016
7436
5729
5529
3022
8795
8172
7449
4232
9158
3028
5667
2534
4800
7318
6293
4931
1949
5165
1008
2479
6506
795
6598
4323
6458
1481
5698
3000
9504
695
6631
6475
2485
8643
6061
7888
2371
6779
5142
839
1326
3113
2115
4195
5166
5527
6631
5566
3047
3096
3031
6305
1129
3828
360
3254
9054
3400
1747
8367
4804
5773
4560
6268
8371
9042
3008
9093
8771
406
6008
7181
8296
8433
4320
4942
8050
1167
7950
9529
4017
6882
829
6079
3286
1012
3163
1695
2452
6882
4268
6199
8269
6071
2097
5216
4379
9059
4933
9913
6093
2937
7638
8391
8551
123
1849
5223
2814
4355
6640
5755
1019
222
1722
6755
7660
9448
7087
3357
7484
6059
756
7784
537
1797
7905
2395
9588
6168
5440
5590
7454
6792
6385
4457
2559
6802
9356
1805
5726
225
8583
5701
7096
1643
4077
3753
5680
9338
5937
6227
8541
7637
4510
9652
321
7715
9737
424
2215
7098
2948
9876
4390
6001
3769
3039
3093
1334
8052
510
4382
9876
9757
7761
5573
3399
7780
1567
9802
6454
6231
1460
4581
8968
2368
569
4452
7777
2273
5980
556
1024
9214
9626
542
5939
4038
8782
5173
2580
9902
9236
7358
2363
9349
580
7880
9334
7263
4466
6476
9302
9713
9008
3552
6304
8533
6185
2204
7292
8971
3727
4674
9577
414
1835
1860
525
284
4152
1913
1885
6170
3617
1625
1336
7502
5399
4516
6521
9379
8145
9664
9341
4438
1476
6447
9184
2174
1305
4461
4637
8544
6923
4367
9674
2251
4000
2324
2932
9059
2567
1691
3070
1293
1757
5592
4181
7951
253
7081
2756
8244
7075
6432
4513
8443
8823
9439
5070
5272
690
1366
1100
5809
8102
3462
2710
3914
3189
5493
6208
9176
6709
9130
3288
7161
7747
568
3981
8167
4825
6050
5494
5602
865
7054
2663
4896
4058
917
5113
8883
183
4960
7365
2886
9871
3051
788
2031
498
1253
5362
4336
9101
1810
8473
8314
1592
8049
4412
8462
2074
2429
1786
8173
6950
2333
5739
9968
4274
7031
4904
4610
3536
7618
3614
4634
9564
1619
6498
486
4565
4673
3778
7476
6703
3757
7970
7717
5798
5075
5463
1165
3039
1480
2035
2532
4180
3537
617
4369
1609
9949
6349
6152
1026
8813
4550
5852
3838
1681
7955
5077
5899
6846
6897
9932
9750
2922
6318
832
8618
1106
6291
7934
8933
8112
1703
3237
3636
8855
4994
5397
6986
4546
1485
9161
8365
3024
9404
8391
9910
5185
970
3388
7351
9328
7737
9325
7732
2786
864
5961
942
9331
7432
7205
86
2476
2537
4328
9873
5744
3988
642
8998
4982
4594
482
9575
216
1304
5850
6922
9773
1307
5892
4055
5579
9574
2832
4352
3353
6198
2034
4005
7476
9137
8737
1112
3992
3128
4922
9095
3931
7626
3584
4951
5904
6090
5820
4743
4822
1893
2279
4118
7979
8555
3850
8353
5992
9504
3121
725
627
3034
761
5647
552
7177
427
1619
5718
5667
2750
8401
4300
801
2445
3608
117
349
2066
2237
9462
5238
5832
2505
9260
2695
1678
3661
8363
7084
3201
1395
6571
4656
9005
3869
8865
5909
8777
9762
4563
6828
3108
1420
8370
64
9135
4854
7704
4195
9989
4691
5358
353
604
2990
539
6481
6224
6470
9672
5522
1470
2332
5894
3300
7876
149
3746
4311
3072
3065
1729
8043
592
4628
3526
5666
6823
2872
4383
6531
8274
6641
8255
2523
9601
1210
2943
445
2382
3555
1733
9853
5294
441
6822
3023
954
5258
880
1144
437
3889
8304
8433
7139
8468
9615
3202
9759
1497
5623
8059
5396
5338
4425
3583
5947
4979
32
6825
6696
9712
3071
7137
7312
5608
37
7690
6066
157
6361
6277
1964
8753
4402
2922
4010
7912
1880
4299
4437
5971
6695
984
8774
8949
2507
6107
6052
928
464
1112
5210
4776
5417
3410
7282
5717
1815
2641
3811
3654
3500
8736
3741
5376
488
5592
1676
3736
1964
4414
1856
1271
9677
6818
7729
9174
3900
4404
743
2918
9250
7479
780
633
3794
8601
9581
9854
9186
500
5329
225
624
4721
5789
6617
6331
9536
555
6774
7105
4145
5225
3670
5259
2595
9389
4708
7153
4140
5861
950
2743
7103
1835
3534
4696
3519
6544
8333
3896
8567
7607
2399
9065
5354
8883
7281
3371
1526
4865
2514
1716
4040
8512
2791
237
5109
2719
6313
1772
7328
2784
7790
2912
2980
865
4079
1519
564
8353
558
6662
2366
7532
7445
5826
1041
4026
3543
2270
2653
5121
3246
6402
5523
2686
2307
6147
3179
2667
3109
1549
1451
923
6016
2222
8736
4280
1436
3487
4633
2881
620
4901
9038
8448
5878
7828
8216
8151
9704
5260
684
5440
5982
9737
1456
3368
5432
3242
2280
4726
48
7543
1963
6136
4545
9600
2408
6984
7002
8773
8465
2040
7041
3955
2873
8922
5335
2046
4215
1408
7598
85
4317
5889
1104
4200
6747
47
1327
1815
550
7301
8310
2812
3893
321
5850
1893
721
4614
6191
4887
2180
8692
1327
3822
1372
53
8916
9998
7711
5736
9786
2052
6397
87
1934
2360
8627
5441
3407
2447
7039
8565
1223
9850
7798
7903
2258
1136
1729
1784
7102
1027
1222
9510
2732
2920
844
4365
9143
2364
1770
6850
3019
4729
2769
6792
8436
1991
1949
7439
2385
6524
2499
3834
9696
7168
8825
8903
7413
9438
505
5603
1716
7695
5430
1535
4391
6978
5503
7554
6986
8793
4008
7590
9787
2208
1996
248
3095
8720
4366
7288
1343
3006
2013
4242
7534
4923
5469
3954
7103
3500
3271
228
6587
4420
2125
8905
2939
7965
7625
4166
6412
4998
3465
4020
6711
5908
7143
4972
4968
471
926
4512
1435
4486
5793
313
3547
8322
1960
2527
3267
2690
2978
5181
7866
1194
5278
2783
2983
380
1792
1390
2426
1634
1831
7554
5479
1764
1790
2660
8262
5470
8396
1943
3503
1829
7222
9124
6159
3894
4583
9822
7658
9087
2450
2453
827
8592
3453
9913
5668
4881
7108
7991
1239
6298
1331
4921
3741
2330
6949
2373
434
7063
413
7660
4601
4739
1235
8736
6957
5726
2969
3986
7777
3183
269
5309
4560
428
8334
727
6113
2424
9304
388
1677
3802
2274
3652
2336
5967
4839
8586
7907
4120
2588
6302
8912
1699
5060
3499
2649
8278
6152
8305
3638
1375
2898
8418
2826
8885
2184
5004
509
372
5979
4637
1778
429
7996
4754
1113
8471
4429
9240
6453
168
4760
775
6201
2987
8656
8934
9337
9088
958
9649
5565
8383
3889
7553
9742
9475
5492
7313
4447
8707
4786
9034
9512
3511
4936
7635
9397
786
20
2874
397
7984
9657
9438
3936
2174
1841
7244
5616
6226
8051
635
4338
1964
3352
1511
5593
2368
663
908
5207
876
2001
5202
4350
9978
4838
665
2225
2376
7850
1192
9690
4958
3294
801
4372
7012
9814
5012
7560
1229
393
2881
3220
9889
542
8895
3873
9
706
5366
6152
3268
9225
5118
7436
6145
7449
7386
6962
5003
5756
5579
5064
5625
7026
5829
141
1533
369
6590
4435
1488
98
521
3828
5727
254
5201
2364
160
4461
77
9441
3524
1385
1518
1448
3721
1447
5635
182
8496
9437
4804
7381
2661
9001
1013
6464
2097
4907
5653
2551
5681
4845
168
5482
9766
7808
1713
7670
3576
4927
9577
6862
9525
3563
9862
5296
3222
5448
3210
6080
3556
4299
1576
4227
7182
6455
56
1422
9699
7798
9734
1651
5056
9103
7062
4435
6047
2080
7129
2094
2045
3041
5780
5076
6928
7593
4575
2537
4152
2010
7780
8084
3384
7435
7720
3551
1233
5417
9527
7345
3578
4848
9466
8800
6375
7437
4210
8520
1240
8550
9207
7420
1866
7122
2016
2397
4258
4233
9718
1174
7500
4957
6417
435
6710
2437
8836
4604
4844
8665
1791
4925
9964
3087
9399
3585
975
5261
8639
5187
2358
4293
6759
5589
3276
3358
6785
6360
5614
698
3976
5770
3729
6303
4915
1697
6514
5189
9136
2809
976
6730
6151
1348
8570
9824
7840
8332
3529
7311
15
4297
2071
4819
9078
9001
1018
3618
4937
6430
29
2016
3344
567
6889
3795
7458
9566
4852
7441
8283
5459
432
7811
2306
3161
580
8649
4346
7618
5638
6395
6003
2119
7139
9411
1370
7857
4034
3643
9940
2810
5245
9799
1338
6431
8758
1741
6965
2880
2560
7242
4565
4606
9165
2932
9875
7943
7380
5411
525
8100
5028
5838
7001
72
360
8222
5126
2212
9174
8522
5706
1489
5280
3292
9686
3943
3774
5457
6506
8235
5480
5635
3849
4833
8861
482
2019
9277
7630
844
2766
3749
9278
2160
6072
9688
6177
754
3284
1837
2045
4602
3758
6039
6993
5561
7505
719
2245
8618
9592
7761
5075
676
4075
8501
6314
410
9058
6997
320
1862
5717
47
1434
8437
4391
7561
2235
88
5935
5299
2942
751
343
5121
6144
6449
9155
7559
4859
9370
2813
7344
5878
7187
1558
5437
8618
1398
4038
5188
4165
4741
8025
7548
4356
184
2701
5349
4569
5234
8288
6250
9283
6640
9073
9678
1538
3709
1001
9265
4957
8239
3510
8369
9800
2267
5318
9466
5002
6052
7468
1280
5057
4356
2996
7023
7332
412
5940
4586
4847
6946
5713
698
4549
4114
7184
7383
6312
8369
4047
3374
4206
3076
2583
3324
9273
3964
2625
4761
2064
6622
3612
1575
4650
8215
8874
9307
7323
8337
2876
8063
1360
2414
4422
854
5397
4921
5374
708
7570
9917
5336
1447
1857
124
7437
479
3848
3480
4941
3161
2415
2085
4450
7062
3881
4915
7873
5443
7852
4002
8037
1422
8659
251
5109
8131
9356
1384
9852
3707
1222
8480
9236
3880
5409
9278
6534
1757
568
9964
7589
6272
9604
598
1416
7020
7528
7556
4112
779
959
5529
9492
9942
43
8736
7152
1595
6698
2139
4808
7395
9335
1258
9173
9439
8434
6789
2566
3542
1054
9256
9295
5073
4528
4938
5017
6436
1594
1473
2945
5208
2923
6685
8443
919
4484
8459
3540
6527
8679
6101
8615
2536
1648
9547
7178
8143
9917
1369
1025
5741
5924
6055
122
1299
2426
6608
6815
5988
2302
1969
8302
9170
3565
5602
857
2581
7201
6945
3192
5742
7023
2099
4004
8983
9158
8631
8053
6318
8164
9729
5807
9609
1728
8312
2923
8631
3546
7405
1144
1126
5520
771
6505
6761
4300
5028
8359
1162
1127
4004
3733
3234
4349
5885
9800
8221
8364
1258
2262
9953
6249
532
2593
9601
2145
7986
2726
2815
6340
1638
4141
1987
185
5770
4675
9420
5932
5885
2347
9427
3052
945
7151
2928
2935
3025
9374
1250
6558
5096
7805
4379
4808
4470
1127
2638
8946
135
847
6142
192
2436
6165
1214
6235
3104
7226
8517
9907
7267
1376
7571
2968
1410
7222
6246
1285
7084
8027
8887
5798
1198
1424
3347
5987
3188
1744
1755
2147
2795
4613
4366
1592
5920
712
1063
2223
6263
9968
8899
5012
2160
4658
9113
9465
6244
5697
7335
9222
8209
7687
7526
4455
7004
5291
8185
9445
8573
1716
9075
6609
8114
151
3362
7028
520
330
3036
2423
3257
2083
1469
1289
7813
2600
652
9458
7966
1442
9332
1855
127
6822
6032
3435
7891
8736
2991
9670
9900
6194
3433
1184
9118
907
6276
4999
4256
8348
2620
7668
4390
4905
1187
4357
6856
1293
7076
3224
3798
5057
2289
5157
8019
1938
6973
7830
803
7002
2976
9972
4724
4184
763
8035
4261
3814
3285
4413
2137
8357
8845
3395
4333
8372
1394
5475
5006
7090
7797
1746
1354
6123
276
6761
9998
583
5545
3770
9130
7133
9521
7757
8359
2346
7984
2984
1690
7395
4335
1618
6544
3264
9775
656
5373
5632
5459
3051
948
6735
4987
3096
1021
2809
5287
6575
2602
9539
4396
4699
1494
4845
1427
3834
7468
6402
1590
6881
8779
670
8470
5297
8064
9579
9375
7747
1673
2592
4880
815
5929
9109
3643
4197
7705
5330
7193
9289
5555
7202
2110
4018
6069
8524
4660
5488
4263
668
4900
7832
2914
4069
1765
1837
7146
3031
7255
5106
3672
5813
9724
8375
8319
4371
3982
8118
9658
42
7347
5455
2158
2315
8283
1958
7173
7586
1044
8914
8601
7812
7180
9991
7802
7638
2953
4380
542
7932
2090
150
764
1421
6893
5927
9874
764
826
4466
4867
5034
7481
8164
1518
1443
5386
5760
9707
5489
5952
4345
4468
5972
8645
3847
3422
7286
9998
2708
9369
7606
4743
3629
3941
4462
3913
8147
5192
9249
862
8617
9967
829
3187
2287
1596
2066
5918
1587
3233
3826
7946
7399
3796
8304
6328
5648
2628
3975
8975
8186
7360
9903
4142
5287
8124
2717
5043
5259
9807
1602
8635
9723
4870
2258
321
9368
182
8848
2397
6345
4400
4416
4032
398
4101
59
2261
5274
8372
4649
9396
6615
8550
5833
9689
2673
7118
5904
7751
4574
1680
4543
592
730
3666
6008
5426
3116
6401
6490
8405
6496
4031
7409
7833
8314
6078
3162
2797
7795
7697
3855
8725
1411
2504
2587
8875
4661
5077
4868
7346
8447
1205
706
6094
3218
1407
8402
9819
3774
7623
2377
5657
3340
6844
148
2788
5128
5859
7018
3501
793
9375
945
1304
7742
6908
810
6140
6764
6819
8678
9145
5022
8832
8521
729
6174
6933
4845
1938
41
5386
9737
5234
5803
4336
5246
7399
8404
9609
7888
5964
1341
9180
4400
4715
8809
4816
9650
9536
1336
9598
3680
5559
2123
8473
8141
3142
8201
5769
1869
8042
3211
7180
1025
8106
8146
536
7556
5189
7049
9265
6924
5932
5328
6643
670
4139
1269
5158
1238
1897
9431
4168
2564
8755
2320
3679
3456
1395
5933
9346
1681
9485
4214
685
2857
2042
7973
8044
4842
6270
5196
5221
6429
1075
9608
4426
3504
2260
5339
11
1944
8464
5673
9261
4630
4100
9067
638
1379
6906
3382
1289
8219
7212
1166
5750
6449
4377
5531
6686
4650
7637
6179
2509
6630
9659
1000
7957
3771
3361
5763
2142
7516
9958
2076
5656
2364
1839
310
9307
8732
8252
4588
7104
6817
6023
6077
546
7900
7754
413
8328
9060
3714
495
9275
6861
2595
366
1538
474
4724
6057
5588
8955
7532
6883
4574
8271
7672
3114
4937
8082
6502
6693
5227
3712
3390
8565
1229
2992
5136
3361
8887
5123
8047
7640
4630
5946
6753
6856
7864
1488
399
4853
619
3318
2808
5268
3674
1035
3965
1410
781
3540
4624
8874
9893
8520
4601
9676
9171
931
3584
8929
6722
3589
7762
2458
4487
3725
1400
3045
5487
2338
2750
7265
1751
1292
4474
1106
3336
8651
6558
9065
6949
4678
7482
1738
6617
3515
7132
3643
5772
1479
6881
3558
8988
1454
1542
6788
1306
8792
1693
6035
3681
9360
1669
9171
7258
4178
4856
8033
5319
8580
1102
6904
1036
4988
8188
7079
5820
4192
9125
2368
1407
2847
5212
8415
7611
6619
4745
1136
2379
8348
4036
5262
2258
9039
2272
574
733
8445
9974
8421
9003
7692
7425
9186
3632
7871
6813
101
2384
6590
8249
4768
5899
4249
5413
6909
4525
4564
4774
6665
2668
2352
2515
2306
3046
2825
9451
3186
5126
941
3681
6438
481
9555
8
8856
1344
5401
2333
9753
4571
1059
2571
3844
9788
7768
653
92
9738
3162
828
6867
1720
6226
3410
8027
26
2551
1665
4555
5818
9811
2175
4619
6332
8558
8216
6029
2510
4346
2889
8994
8896
9379
1175
2027
142
3046
5884
6396
4788
6337
7981
9246
6492
9337
4118
9108
4545
8847
2055
6173
3943
7068
1442
5349
6231
5153
5098
813
3621
3225
4503
8761
2387
6281
3452
4633
742
2297
6269
4965
4584
9750
2403
7822
3069
6928
9462
1061
2913
819
6640
9576
1962
9078
8093
1995
4216
553
8377
1606
8424
6218
5457
7126
7790
788
329
9216
4918
2317
3437
3337
9209
7398
353
9735
821
178
7951
405
1483
9370
3034
1445
6381
1097
9699
951
3710
6231
3792
9814
8679
3596
681
2470
4980
5804
591
2228
5390
7089
4661
8825
4921
7877
663
4061
6337
6655
8953
3316
2102
6004
8482
7074
1219
708
1727
3929
2645
8282
4315
3312
1719
7348
9524
1199
7629
4041
7660
3972
1083
4527
4188
1786
1652
5435
1685
9085
8188
8638
6874
8163
6886
5820
8296
5158
8881
8904
3399
6438
4926
1287
2026
8767
7748
9099
2182
365
1635
2295
5206
9919
2999
825
3722
287
8111
284
7602
4378
1312
9223
2372
2588
7705
8086
4868
124
4331
8901
7194
685
830
1269
9305
2659
6434
709
2048
4802
6556
8095
2927
4921
9373
981
3024
9555
7468
8380
3115
5869
9340
4707
6657
5092
6223
6320
4975
8675
5881
6317
5789
6650
9748
5312
790
626
4800
7312
3649
2176
21
3733
3722
7631
6249
9459
3571
7566
2725
5130
5922
9909
2279
4216
1138
8249
6149
5478
6940
3535
1804
194
7594
694
1201
9540
9858
2630
8515
6886
8085
3004
4030
5381
6361
3048
9127
8768
9873
815
6316
3079
5698
7637
5919
2970
2341
6300
3383
9122
3296
173
5500
3745
9994
4989
9189
8894
2622
1947
3684
5258
8857
5891
8852
7449
8092
2389
2553
2699
4731
1254
4191
5110
7488
3031
3377
7985
9385
6234
1474
8706
8048
8869
1234
1386
9971
2390
5420
988
2360
9593
6355
1986
5412
1312
2612
9690
6457
6495
5031
6236
1879
4766
7984
9081
6471
219
2601
1622
1698
4822
7953
7207
9079
3711
499
2969
4507
6973
4284
210
4546
8929
8998
3579
3089
226
7259
7922
7688
3383
6694
1470
7075
1075
2023
6003
4324
5255
4700
7528
2869
9993
6981
9820
525
1246
2671
5860
4676
3957
6137
6038
7665
9250
7295
6030
9032
5051
4526
5518
8235
1562
6835
9681
7719
4690
2793
5820
9922
4270
6291
7067
6812
3747
9155
216
7988
5330
8797
3045
3102
6576
8286
3404
4327
731
2329
7706
771
1692
2201
9452
5715
334
8934
980
5819
2108
2662
7970
4927
1930
6392
6462
4862
782
8846
1456
1952
547
6663
2792
5288
5110
9593
8029
7562
8023
220
5845
7445
7904
2271
3402
2018
1909
8001
91
7499
2938
7378
7442
6307
4220
2560
2837
1897
5118
9096
5474
6256
911
4410
2132
6347
2350
9895
8124
3468
6920
7411
7778
6233
6800
274
6454
3997
4356
8098
1225
2622
4367
3269
3505
7790
9819
1676
9611
7248
5022
480
9863
7728
8633
5877
9074
8786
6690
5661
2688
3349
4255
8199
4592
4714
7579
7069
5423
7351
1853
9388
4067
7408
4881
5156
1227
4864
9623
5921
5447
9064
3770
3810
3521
9541
3367
8596
2607
3498
9214
4371
6428
769
5110
9192
8902
6584
7284
4068
380
4897
5527
5929
7276
7656
8083
1590
4500
8704
566
1330
3187
5900
2739
9124
5156
9392
5887
344
8293
5333
9846
619
9916
9166
232
7523
2345
2039
8606
546
6214
8765
8953
5015
8286
6577
4426
8220
2801
2934
5352
6118
6956
2273
8418
2241
299
7042
5570
2062
4756
9452
1286
5654
6217
9516
8319
7114
813
481
8466
1181
8406
9760
8355
4648
9195
2883
1745
5836
7648
8529
1189
8207
7929
7932
2382
7664
9627
3929
245
5093
7241
7140
9813
4847
5960
6538
8519
591
4936
9081
7628
4780
3926
4296
8421
8478
2477
4760
8425
2131
8180
4528
3724
3489
7296
3899
1161
1786
2830
4577
6122
6654
9345
9545
3153
1992
2775
9060
9465
3807
3077
3319
5732
8980
7960
407
4349
7648
3473
307
7684
3492
2408
4495
8679
7848
8410
1657
8170
4581
1125
3257
6563
103
3943
6678
5501
7139
7327
8454
5869
8646
1063
8967
9084
5620
8147
5470
8149
7754
8434
5748
2598
868
5645
2019
4634
781
8890
1014
9499
5657
6477
9457
2420
9165
7928
844
7944
2416
8841
9641
1283
961
3053
8094
9701
2494
6308
273
9367
6827
3709
8064
588
4163
6688
9304
2261
6037
3380
4373
6290
1022
9758
3164
1919
3687
7913
8235
3525
1034
3477
7566
3838
4135
1137
7845
1041
4200
1975
8223
8193
8131
2065
112
2993
3786
8629
6684
1913
3483
7925
4419
7462
8237
1987
8042
512
8108
2834
5376
5353
7052
3316
4636
7668
2675
4147
8511
8110
7666
7753
1462
205
357
6195
962
6767
2071
4552
6478
6437
6907
2775
3779
6140
9965
8655
2751
67
2742
2226
7395
315
9563
6344
422
2251
408
495
7384
9938
6384
5884
8642
3878
6105
6150
1836
6975
6829
3482
7739
791
8461
786
4327
1152
1272
4265
9179
1337
5957
1540
4138
4294
3170
4696
6624
5874
8196
1047
9079
6671
9691
5027
8082
4003
1587
2156
5729
400
1704
9503
4106
7867
5003
7934
9678
5798
3094
1065
819
422
1954
902
3597
8727
8381
8850
5197
922
3312
9234
6852
7958
1924
5299
3657
2373
1339
7190
5891
2453
4099
9936
1923
5819
7027
9887
8716
8991
1017
589
2733
9490
2157
7779
8035
2320
1717
3370
3367
8753
2588
1014
1358
3453
2688
8251
4692
5445
4593
3965
5118
4463
9649
6739
5687
1197
8135
8813
9791
7371
9613
3466
998
1212
8526
1620
1715
7657
660
1399
2288
6091
7645
7862
8514
6583
2439
1798
8630
8014
3875
4482
595
471
6567
6647
6945
9513
2584
8240
4687
8431
2281
2153
3909
9928
3131
5276
5020
8932
7382
3223
2650
3789
7975
6278
4077
7847
5006
3455
1426
2549
5955
3244
7573
7561
158
8430
5903
9488
9919
2767
8371
5419
5187
4238
7142
3992
734
1328
1736
8875
3517
6465
3324
5968
755
4200
9353
6436
4981
1619
3149
1476
9772
7529
5486
467
4580
2534
6340
2295
6882
8609
4951
8178
5289
5066
6916
2720
3205
9101
9581
536
5512
1090
1817
7081
7246
6266
9246
3093
762
2733
2301
4305
628
9830
8649
9297
4039
1160
7616
7599
9155
3035
3433
6948
4877
3448
8268
7657
2008
6888
4619
5876
2398
8491
7339
3794
3035
2456
6791
9518
633
3644
2725
8727
2956
236
3383
3788
8362
548
6821
4630
3449
3783
2828
5673
6588
3483
6203
8556
5871
1392
4968
3630
1809
7536
9549
9025
638
3362
5725
6818
129
827
339
6127
5367
3308
2290
9505
3290
2428
3721
9755
5230
7927
5370
6746
783
8592
7609
5724
958
6360
2708
6847
7654
7766
1437
7442
148
8224
9529
5994
4062
7744
925
8766
738
8712
6025
6269
8539
7752
4600
6707
6075
4215
4721
9975
8069
1064
6310
3377
6237
7887
9186
8696
8670
2773
5157
2945
8756
3387
2476
853
6676
5716
8001
8729
4616
3982
3076
3544
9344
425
6654
8790
7104
5413
2187
6618
1936
4438
9127
8917
1198
2166
7223
2002
6954
5635
3433
9912
8476
4651
2240
7892
1854
9581
1884
3912
4787
1521
8102
7263
7884
6076
2081
6058
6661
5908
8334
1503
5669
3836
2674
9421
4617
3957
9755
9721
718
7374
1374
8303
7080
5795
2189
6818
1242
1379
8004
2471
3804
2941
1849
8133
8468
144
7454
9800
25
526
5428
5069
8058
9606
6277
3870
8339
3006
8310
1523
5780
5065
3431
649
4794
4487
8884
462
462
8814
2118
2534
6175
7184
9124
6294
6235
9796
7087
6809
5169
4765
5241
6083
2646
2490
6846
8343
489
4131
5240
6207
284
2866
2555
7254
6055
5652
2268
3969
7003
7878
4492
8178
3725
92
8536
2095
5925
5201
2387
9255
1591
8660
2291
627
8540
6149
5747
4821
121
7816
9995
9482
6928
804
7400
3575
8030
3554
7883
6948
8708
7350
8295
4526
1911
7713
7477
8337
6352
2289
6557
7998
2411
4972
472
5378
368
654
8572
3178
6174
8199
8785
6520
5315
6938
7205
5292
2778
7330
7664
2584
1787
8732
3452
4810
2671
9922
9427
1158
7838
8170
7139
2172
7996
5257
2024
4399
3821
1002
863
3545
437
9315
3145
1863
8468
4834
9341
680
5537
6800
8222
3001
5801
9592
1
8518
2997
4228
4764
1684
4013
5386
5114
2066
8640
5994
8931
2309
4528
8854
3836
5449
5475
1055
4812
487
9306
8683
3689
6505
4437
6790
2665
6873
1792
6341
2018
4371
6863
5673
9607
9397
3308
4301
2706
3165
2117
2702
3587
6724
3921
3866
607
3447
9818
5900
1857
9544
4143
1812
3122
8735
6961
4399
7179
8263
3215
6264
9887
1600
1838
7092
3347
5496
3886
6709
4897
1570
5355
3755
2549
5171
2019
6123
9006
4372
3645
8985
2013
3258
5533
974
351
5720
4935
9160
9938
7203
4167
7288
4155
4371
8666
9857
2858
4684
5602
9522
6932
4506
934
9294
6924
3309
6591
4681
7131
317
1516
8941
7704
26
7308
882
4497
9288
1871
8260
2268
9557
8561
3534
5594
1985
4569
3901
2921
8501
844
9162
5854
8617
8627
3409
1835
237
8078
2143
7679
1410
2694
2937
1806
2612
6966
1076
6176
4558
719
9581
5850
4686
4729
9202
4780
2182
7212
4618
8619
3127
3060
3546
198
2218
460
3869
6129
8566
9089
5666
9548
5823
9248
5005
5662
1525
5206
7487
303
5225
7761
47
7868
1569
9082
785
8886
7972
550
2180
9028
5056
3363
7885
4962
4531
8440
9939
9542
149
8613
73
4865
896
162
5600
7991
8684
1642
3215
7857
4145
9808
6073
6428
8541
725
2236
8866
3158
7443
7205
9942
949
601
7576
6792
2524
7263
9618
4099
6247
3114
9060
4232
8301
6555
7102
1528
8480
7230
9188
1262
436
5990
5472
4129
6412
3864
6986
3830
8078
8656
678
4980
4431
5484
4565
776
8056
7157
535
8339
8585
8323
4356
6462
7765
5362
5793
394
9059
2766
5521
8165
6168
6316
5421
6016
7327
1680
1947
8151
4112
4247
1422
5830
2864
1802
9593
3033
6862
1675
3399
1332
6894
8409
4680
3068
6132
4247
6925
951
5749
4804
4153
3704
9048
31
8803
5160
7795
9495
4773
2136
4948
7390
6650
5176
1846
9778
2567
8345
7000
5756
6565
8962
2680
9714
2267
3867
3817
4321
4425
1642
5086
9777
8816
1520
9119
9820
5203
8980
9853
6769
7644
8634
769
9144
741
2162
1571
8848
670
2322
7280
2780
5002
3263
2579
328
7358
9276
6374
473
8247
2509
617
8705
7962
3978
805
4297
5706
1240
7004
5115
2500
8685
8712
9259
4695
2499
6912
2480
9904
3032
1881
6119
4043
1967
9595
983
5855
9480
3594
296
8985
6851
8464
1513
105
4598
2734
2575
2424
506
6957
5749
1511
1509
5030
5371
1328
7121
6288
6501
7737
12
7105
7483
9947
359
5609
3490
2662
2195
2059
2988
5701
6438
8123
3543
6387
3107
4497
8771
2265
4221
4014
1868
1030
6195
9121
8760
3891
6212
8049
32
230
9291
9351
9949
5885
4979
6413
9934
4331
3575
7062
2251
4774
6202
2413
3556
9882
8408
6972
2924
7815
3200
4156
6660
6896
8613
5577
2630
5714
7416
7843
6707
3001
4059
171
5981
1623
8037
6939
8463
1927
5755
8901
3943
6378
8806
5428
5618
7497
1527
790
3647
876
9711
5850
2456
3648
7007
3021
2192
1288
560
8303
6052
5712
6956
6529
2256
9701
8502
7266
7013
8598
4404
2498
893
3847
6080
3942
3585
4474
9551
4823
3854
682
7680
3870
6495
9221
4151
7779
8295
9774
1226
2741
944
6146
5841
1693
419
6664
4431
7065
9460
6509
919
3758
1794
5734
8687
7069
8955
7072
4714
2773
3876
608
3123
6888
2338
6029
5402
2706
7970
3411
9819
5804
2799
5467
1653
4903
7858
2803
3019
8691
112
322
3008
5508
1929
1576
7503
1019
7436
4294
4402
8595
2568
8
98
2159
3925
8221
6670
3782
2597
8764
3894
1232
9540
2410
1870
8069
1671
6943
1690
1271
6179
84
279
1893
2152
9185
1224
9736
9069
6148
4035
7944
7085
4495
1287
1858
3298
695
7695
7177
6932
4706
6448
4160
1182
9189
8868
7782
8601
2140
1852
4140
9285
2548
9621
3368
1212
7403
6689
152
3162
2388
9425
1691
1834
8530
9622
8242
1789
2795
4094
3189
8874
4872
9
835
8929
7152
7808
7885
4034
8614
376
7597
7771
6316
1287
1349
8796
2096
4608
4833
9276
3701
9357
9082
3097
2301
5731
1496
4012
8644
6385
7967
5690
551
1062
7644
111
1635
4486
1807
2846
9179
2299
7946
2169
1163
8767
382
2164
6508
3691
9452
4436
2013
7320
5440
8161
5271
7220
2575
1443
7067
5031
1017
7143
6435
4107
3207
6156
1056
4659
7261
6819
9560
1289
7399
75
8117
4825
2408
7517
5758
2237
1940
3755
4414
9616
9578
2994
4557
7915
4340
8147
1669
8345
8273
4370
8600
2643
1979
8978
430
3041
9263
2173
2156
2698
5015
4201
8311
5583
5416
8612
917
5010
2817
3722
4978
7517
5245
3930
6640
997
7757
9775
8538
6649
4815
7345
6734
1057
5957
1629
1749
1299
4423
2368
4152
1707
7458
8223
3054
2237
410
6673
8091
5054
7167
2879
9878
2745
860
1111
8016
8997
9613
1572
8698
4347
1215
3381
9668
6458
901
8290
3549
6975
5801
1883
8173
5603
5031
1325
6078
5050
2274
3810
7324
9797
2499
2896
4509
7302
318
5693
1559
7264
4596
7358
2560
5833
5124
157
9879
6561
2390
1770
7438
152
5764
1909
2127
8871
9515
8243
7867
3735
2854
1599
8141
6313
8717
8762
2184
8248
8570
7409
7833
8437
8855
8350
9645
7307
7079
6327
492
7988
5770
2467
1821
3381
3752
4465
304
60
9175
3773
8448
3861
6646
2026
1689
7339
674
6441
894
4996
7939
6868
10
9463
5492
2503
2782
4446
3095
2890
4448
1533
8865
4747
4006
8563
6596
4045
6739
8826
8392
3342
5234
6445
3681
3669
3200
1781
1140
6490
1824
1982
342
6713
3330
7758
8418
390
2049
4313
8559
108
8870
6533
9491
3947
992
8431
8570
8938
5097
1512
3701
8848
6878
9616
5900
9586
5110
1479
9994
428
6952
1753
5249
2637
2689
1057
6060
7979
6749
5506
3366
5030
2962
1611
9247
8596
2137
3418
6356
3944
2836
3658
1464
61
3878
4153
8236
844
1642
4221
7414
1871
9208
4998
2401
4199
5158
5648
8663
5650
706
7482
4729
6237
7668
7819
5922
8363
7095
1266
2673
6789
5465
7508
9527
9444
3070
3872
4121
1610
9805
2250
8313
9398
7303
1701
9610
6254
6464
3487
3115
9247
1062
6128
978
5238
8334
1756
314
8230
6412
4815
3009
7004
896
3550
1478
2868
4310
776
5817
922
6301
8687
2756
8004
2312
1836
171
6717
7606
3197
5300
3482
7212
3968
2529
5496
4158
5517
4761
5061
1568
4993
7475
2287
2626
8107
5196
618
7396
9542
1858
6916
6077
5257
86
8928
3064
8110
5994
9988
8303
5723
4905
9981
7006
6380
7799
6397
4634
3518
8582
119
9424
4206
5793
7567
7798
962
700
634
6563
1756
2221
2315
4853
1268
4380
5539
252
6986
8706
2514
7996
2150
8941
1715
2428
7604
7432
8150
9239
5692
2610
7025
4562
2574
9497
5292
1958
9832
9372
8624
5892
4388
7261
7328
2632
9178
5588
2597
9956
9262
9937
2184
4373
7845
620
683
4102
153
6180
6852
8688
5071
4911
4801
625
4930
6473
7823
3646
109
55
4803
3255
6544
9380
6148
5551
7905
524
6624
7624
1510
4073
2048
3531
9883
9048
1074
5658
1989
3556
4335
3734
5780
1671
4679
7396
5495
9345
9763
4833
3153
983
8752
3235
665
3895
1182
9212
6466
244
869
4946
6026
5994
2526
281
6777
2596
4432
6276
1479
6908
4547
361
8617
3305
6599
899
6652
9715
2899
983
7021
563
6949
2857
3409
1170
4395
2939
9899
1613
4958
3334
4157
8667
6121
623
1035
4811
9365
7381
8479
4358
9147
4638
1496
9195
7365
1568
5395
9510
4190
3105
6137
9762
9232
6849
