0	1
2,738924734444473	1,6402756127255955
2,5127982545232967	3,697889653729889
2,7711984704206856	2,3557728392430017
1,8237119029767537	4,291157299447247
1,337946700159814	3,6941098726700834
3,4282757641972665	2,741740467608425
3,358309243905476	4,034647547430962
1,9770762773832768	2,481039070696684
0,7826668414499818	2,101712738764153
1,1667571392327052	2,527438025746661
2,3612205502191315	1,0345627997223925
2,8021387776417326	1,354110417434383
3,051366806890404	3,1299151623899184
3,335238232480118	4,029814822594217
3,3884939261934335	1,8124221620653875
0,3810408776373899	2,6581474791053137
2,722538983226696	3,360953795738124
1,8051918768541781	3,346478189504902
2,2117670932240547	2,0045336704700842
1,5726079193467148	4,696548835811512
1,0953559569609308	3,346886538425186
3,0050209069176894	1,5057057076499794
3,5523424918244126	4,091379239796543
2,82534223866844	1,198468296844587
1,5462067064386131	4,608841451175975
0,7424834309889057	2,0040972150052747
2,2457766974218787	4,868339710111215
3,3525266176220603	3,4296636064680976
3,9959847212956667	3,011133155747961
1,4360534374914984	4,5919369014229865
0,1681104494710488	3,0588721563924297
2,9349211849415475	3,5656676139714576
3,5759504196656886	2,104570520772606
2,7267983104593423	3,6358439951824004
0,14537733991872037	3,704446427106589
1,9696974346892726	1,475603498831492
0,23381099256468585	2,284229621603677
3,3315016494334477	1,5229921050190212
0,9576177099381158	3,575082793797869
3,3618089699592053	3,6272218641801848
2,1182592637370306	2,5415432382255876
1,2311971234386287	3,915556153997076
2,6165107832136	4,686880734105535
1,835021189629684	1,0447553790624677
0,6743838527504218	1,7370431025750723
2,175865750934403	2,7865726659446874
0,3550786850494341	2,0573147882686578
3,0451292553701936	2,6053929070102795
0,49326663961121375	3,6845669469435265
3,1040440029513334	3,6040407044255227
1,1563313651255953	3,954175309497353
2,3656017797309166	2,536176270166029
2,326454321130138	1,4409980792581507
2,6112702676300956	2,9015733911850803
3,0703954930917767	2,7073393650613293
2,575957739564785	1,703861998366368
1,10280699124257	2,4903153815024757
3,537962037042581	2,811824697063292
3,717759602994657	3,8185825346396918
1,5020149719699118	1,708067235920728
2,263182627415543	1,8167088669124511
1,701840008585264	1,8486884348372816
2,949918061560038	2,7401746519066985
1,3960787093734437	2,397299964501175
0,5406255107078108	3,9841239078861506
2,0063167193749583	4,438459303295039
2,264689124799776	4,553775768144792
1,503758874175075	1,971876283709082
3,0480641329821445	1,9752318438165675
2,767234067664708	2,2328866838196064
1,9312896720621642	2,083646561209899
2,761298920891284	2,241119176291503
2,704484283165548	4,581729689446504
3,494703448252961	1,8532651653966896
0,24071534992858123	3,0072753430700794
0,06923565418010402	2,861359920555894
1,2748474541918187	2,8442649663596375
1,340421996813419	2,404233858146101
1,0275779304926622	2,0366521193279157
3,279701056511268	3,8557482800912144
2,702216944543187	1,4616793881744943
1,0334845921398426	1,9866727840504783
0,1135234882657783	3,2532054705473263
1,679982884947553	2,2395891707124056
2,341759249245495	2,150458848234587
0,48939307574096413	4,159082570280111
3,0980514419201053	2,1505485841316516
1,380480278521824	1,149525413059072
2,8081446170199063	4,402764187375501
3,786613118057696	2,8967128643036744
1,7937755080585132	3,557554767296632
2,0494183483164345	2,4391443595711433
1,105711913109634	2,5158062707643705
0,6117494137311545	3,2317834702626644
1,0465454940972363	2,9744788420984833
1,902416952160071	4,82282643540478
2,090348844012797	4,693582836991317
0,8655338291277663	4,348357957617992
0,23460493331106003	3,356765339584682
2,4166021679419423	3,2698325904640524
3,367807136885584	3,084889180760063
3,508278498939716	3,9407589498600504
1,592998987101461	4,212854442436017
2,258656058525993	4,584901176229119
1,8877718992209382	4,598731099299702
2,108218164761546	1,6080346832581458
2,922463100407591	1,6369049184701894
1,8559201927688054	4,0853095826222185
3,3145704592620913	3,177355098889697
1,2417897017875397	2,309932518916942
1,6660033022624252	1,2151044990411461
1,237333091271854	3,056317494218783
3,183848504918589	3,04401885498939
0,745559177367644	1,9903259685081442
2,4082700284886833	3,2188438011162024
0,390243157166986	2,0665592991598554
2,6438305779170364	2,340387453536706
2,9305077434422615	4,484246011988698
1,6716501227791976	3,750147756694868
0,525861638847906	2,1236926063924813
1,7082310017122113	2,5904863143768897
0,6826856614924748	1,6710603284375174
0,6231015521319303	2,040842351890653
1,9971966135571346	4,7203132206977125
1,4198536681968785	2,5169863041112923
0,8503509160806217	1,375751010303944
0,9287221087756843	3,7563438207411415
2,1407385163525676	2,4258044187531556
2,0156556612541543	2,983492915024741
2,056751644232409	3,320570318880466
1,167323276062299	2,837292645466494
2,172045453100164	4,702478292859681
0,41174089891851917	2,9902678528277935
0,8278881545475745	2,257807192073172
1,6014452270058435	1,578541948938314
1,0171690332396632	2,9104734469094873
2,112539549077793	2,307154426038464
1,0480146839301847	1,2840637920543108
1,4001421222604606	2,8711891839785166
0,8820225995270583	2,3949026091777186
1,6122974331801898	3,2359143990825014
0,23743196711766323	3,9447316394473813
1,6688458954921936	3,5635406168438117
0,5637653486759286	2,5768419872915196
1,3116182669391105	4,247540043844936
2,353992658532209	4,593943592331061
2,5165596431626236	3,504011219250622
2,734249515087953	3,3897810077965556
0,09307537375494701	3,45440531442508
3,592602483758275	3,86820527232063
2,979577386162221	1,9043703148825086
1,2468024059258949	1,2772061027058645
2,917900752977804	4,0430557875628
3,118834901706328	1,58335247263464
3,643921851424507	3,77972229658447
0,7399087444060777	4,006489769962425
2,0477496586164494	4,0307256936163505
3,088882989651447	4,071143744838689
3,706751253924642	2,244788507821889
1,1859881953743177	3,6668136462702994
2,310419895276011	2,365627586719112
3,7977079263164226	2,225418588856308
1,7672981460953492	4,694083130285062
2,642250315900088	1,2833748979872113
0,5848696595704814	4,036969690553427
1,503592307458585	1,8343502012791872
2,137129921713879	4,372254777750422
1,5417542494152894	3,060141925704237
1,9039851249721234	3,0594220136410755
2,4278406739341456	3,0282096511698935
2,802895116633519	4,828365512699605
0,9304436683669186	2,7531891534231283
3,9197547887937882	3,423183180334343
0,2468341019968774	2,997804980005275
1,6607240922614586	4,079922631097611
0,6992303546756937	3,450015849469318
3,9333890183583264	2,936053474152323
2,33566343799945	4,914060803666987
3,3022882534396834	3,2660139917057824
2,4992119414113025	4,48439491842629
2,046739385284038	3,44087468542679
0,16187547661841606	3,516670424095304
2,10041880276787	1,2721290504162432
1,9312205522484123	2,894529233161692
2,079496212782559	3,466393981276587
1,3985317455883115	3,121265242371852
3,309262915125306	1,9618607322238428
3,737465592582483	2,312550351345799
1,6031559164429865	3,6594022247266937
2,5046759820153937	2,8630884163991355
1,7250088655461147	1,9739480037165673
1,615589298407296	3,223532724830397
1,7701441461919227	1,1394485015920568
1,3999383768453215	4,2858711728438434
2,138292938077015	2,6826998717250343
3,474289611495541	3,1064212749824973
2,80733161381269	2,887289008287681
0,7673435977076799	3,056870640455854
0,5010104396475916	3,2524302421320717
2,88635295630933	2,9928884638577773
1,9691914046185026	3,5732431966793285
1,5581807531636622	4,345175100340068
2,095112475900171	1,8662042220683865
0,48749767682755407	1,766647005901599
2,2515200903306205	3,1377722313710894
0,13145466748795132	2,905646176559217
3,8792968978888442	2,4088246130569524
1,9443308502598027	3,8815371697635324
1,0456353256448314	4,384218963361159
3,8516697397467983	2,6115510838554954
3,1911076593874528	3,5581899701482977
2,912399117614534	4,468188199224855
2,4388611697213047	2,3048832174239933
2,9748256411082417	1,9168067748356243
0,95330841619974	1,368450267356139
0,565091126758009	2,5679712100467165
2,0012936747169414	3,965550038091657
0,9891226986263015	3,999479039165268
2,673211892067322	4,243950938552005
0,39111505670390123	2,7356981414171786
3,332053383458131	4,286661504456713
3,6213802726811046	2,8122246981490915
2,9579246303206332	3,6682719625573412
1,3616784222780869	1,6555693942005707
3,19848668147261	3,6023628967396055
2,2459689480081884	1,0923262180533193
0,8459422379122088	1,7896783108124286
3,4216777328424888	2,7802733363592544
2,113085506733423	4,500585038425332
1,082607569333653	4,05937113654683
0,5603228635763278	2,6796258204890377
3,2224761727489746	2,804401810953072
1,2773961317860274	2,2365127351125142
1,9389504835918836	3,710647804895802
2,178190941618174	1,6931064421666768
3,3861335483835964	1,6753590395569056
2,3247255714994024	4,423246612511004
0,7307636219924156	3,495635933527864
3,5325543764952876	3,2167494405698642
3,480349923188384	3,9151077438685213
3,151049123349684	2,141048804200931
1,7968582723844948	2,923909810245205
0,6517854247112735	3,160834516018675
2,034284561134674	4,861428380895893
2,6695105148439664	3,5220197070592305
0,9951559745410214	3,7227029891961196
3,8467669594680096	2,716459231344828
0,39413703950879975	2,6952650400029725
3,005327377205102	2,8151398853401957
1,4910656031576706	3,7479186564700244
3,4416721521551437	2,132618130016132
0,6001259807975106	1,7351089755084437
1,688009917797421	3,15745082346331
2,116797218529151	1,6569129174925576
3,0533788506310424	3,719044338517814
2,804091108101421	2,0738324973895432
3,2651552682419442	2,251638924764168
0,7336331763957336	1,7399294323292
1,047800837367151	3,6364808079027906
2,8364131544180395	1,5090289730437698
3,931359853214058	2,6590396300610855
1,387228616471128	2,6272897963693134
1,295619417536673	1,1297780984982093
1,2662604629023122	3,500836227507677
0,743186102491066	4,353679033197475
2,5384489986372873	4,510322598945195
0,19617855121713146	2,2559431732765436
3,1207693232329152	4,441547341800085
1,7423083922177016	4,10175374313311
0,7743483313559782	2,96660909319902
2,742496136860945	3,333185309421398
2,23301960506884	3,2914417525623416
3,307023227526421	1,7465963440843517
2,94938311114483	3,027994884880516
2,5220120842050266	1,1071615128425762
1,1810460999566792	3,5581838430160295
1,1762872299314413	1,9221238805693643
1,6307052125977237	3,6363799514631667
2,403824147092467	4,299747811748803
2,839868970523533	1,365142273322692
2,7930784492336618	3,5141909082598195
3,320612556266264	3,448738444877458
2,1597010878076706	3,1036483612553654
3,6166919670403654	2,721431791013033
1,3694863351361755	2,738136741780674
2,672981411312213	3,5382269509521507
1,20160545465591	3,3913461894836585
0,6883273114501696	3,6758702411949846
3,8178903893685323	2,8216792175693324
2,589931171708205	4,793634359507788
1,0636256755082103	4,484681356361701
1,587176203302205	1,6694571411704804
2,7427962783925564	3,7869865469353816
2,0875245448145567	4,222532927005227
0,7842897960811508	3,064389015602766
2,1347252896420112	3,545413983996977
2,613237881547607	3,5177686114430435
2,995868885378009	2,1869020720879915
2,07096110008368	4,3854161537570455
0,5961500217022409	2,0557753253351585
2,5063206029275564	2,8300936050717738
1,9044892843676167	3,551038918664908
2,1450641882005583	2,807609530490079
1,768173980227069	3,605739085649966
2,128452161462293	1,5029786957839382
3,6948784328740123	2,351530057861874
1,8875883955397845	3,6219661159000966
2,4062908896539263	1,4483521178208725
3,232259183596783	2,1944198800922523
3,7258027335711725	3,971964930365788
3,6732661104019457	3,6130782163555915
3,359997923294771	3,9895269281538583
1,270653637865073	1,427469345532267
2,987722672191249	3,3779075171651844
0,24573269643683582	2,615476165664474
3,442459441316581	2,9191844357973777
2,16880712619718	1,24069910215969
1,0501579739221523	3,381084296463535
2,0287942750557493	2,396124551195859
2,863107439364953	4,141261450693065
3,1318108660699293	3,306314984556302
1,9393285614351272	2,770785751723329
2,0153476974427686	3,8253642774877648
1,9969550967757232	3,967954503762817
2,6117712627907435	2,7217918564890344
1,1728746241071026	4,299630015700074
1,6229224217196583	3,8752937125003406
3,7535134406986153	3,562700133773227
2,5366943648139935	4,159423566231782
3,0871314953876707	1,8830368978381198
3,5913024587870135	3,6566741686540003
3,741013677797498	3,7626561186423535
1,2102123344213587	1,1805793046489688
2,9936334085420597	2,039315459045574
3,787906405092909	3,3874667788704964
2,8138656640922717	2,710459603040187
2,9933792130194794	1,9594789006467865
2,993385647647493	2,573394269147033
1,6029816459413024	3,4682748223827424
2,6534720919833665	3,5534790610771863
1,9458922292835161	2,5687043196397834
2,9725740792232163	2,114212495672228
3,00918897112947	4,724187511015032
0,8472680867617843	3,967720663683685
3,171984380387115	2,871517103535079
2,412737032482674	3,7420575369036384
0,3864762005453808	3,254753599343656
1,4654957868673113	2,8961398389189377
0,7111526679745348	3,3547225283554742
3,2780405401892017	3,563840074641113
3,0223971179715283	2,5881326115217003
2,868089250277146	1,9733807711451505
3,6269316196553563	3,7878291486248967
1,5391074440624912	1,3989305795353935
3,0673343638709882	3,9779472664855584
0,09295416597785189	3,0280694999138538
1,4066454744879247	2,0336749541720036
2,8916375783430093	3,4308362960096996
1,939594103035208	4,613294149592074
2,786387841821379	3,9240985998337354
2,1746615838609524	3,3771818962231284
1,4067526067748992	2,9744572839301187
3,491808968543867	2,768226614870977
0,6806094420543756	1,6249946391248813
1,8174666102413113	3,656234575829382
2,7509634895171198	1,9683622297304115
0,44996975977252207	1,9930060840524275
2,709199194969523	3,532729670580498
3,129893379032512	2,092716496299569
1,8049424669821799	1,4416926729122592
2,2033661236947606	2,480902821172458
1,5275430295520156	4,389369204647442
2,2259443191541908	3,4128469547227915
1,9812097907566624	2,5915328088962135
3,7770314868127706	3,6539961636994898
1,0255855169731505	1,5818522445122067
0,823347818606081	1,9581885575195097
3,634807084645492	2,8978596283806497
1,5677201337337374	4,3895905130665955
1,5641577262402917	1,8839114077260883
2,434822741356285	4,201560786315117
0,1935501610446586	3,680556229724675
1,3682904506472262	2,091228173486587
1,6428569125428825	1,8066890798187258
2,167132960646606	1,14680860426802
1,275859163526722	1,285093517584013
1,5715238310605786	4,029416440595353
2,0324601836299063	1,5522575148027413
3,2492440903317563	3,7292825822051294
2,328102774550607	2,511724665220766
3,1940932896040413	1,9048779820400086
1,3861580778168623	3,250081999659142
1,8899273343536729	3,0590589488383535
3,588706961286418	3,7814880145317646
1,1027008403893457	3,0468373027632563
1,8473823220375543	2,862217865049738
1,6192459652521456	3,4052310821499274
3,3558623607644273	2,6647968223062466
3,0283379092765665	3,0879150266273716
0,6857786303858511	3,931302892482843
2,579620816478668	3,0895265189842394
1,468934175823084	1,2139796870492692
0,11777497644851409	2,618116296208558
3,4481502928504	2,7407221768636845
1,04584767410289	4,315604851461105
2,956883283701717	4,564196047053406
1,3976784625418501	2,713827041240249
1,3134921457444642	2,3491488036306105
1,0947571516576495	3,6577774251426276
3,3388949852954397	3,0042032782999954
2,851925001993318	1,4426665233029559
2,7967053846006964	4,567451752759934
0,8935679210808027	2,8946892695149327
3,563180096771031	3,8984407600021718
0,8741093141411014	3,4895576359829437
1,0201092772098541	1,6332480594380872
1,726137885071637	2,5566657720653105
1,7621712018678672	4,141583290402287
2,0275531226283987	2,2366652209213096
3,2497592406087743	4,192029206125332
2,6731734561924414	4,792385394806236
3,3124892667641186	3,5778699291548826
3,999035904910507	2,9521351615344376
3,1008683619917026	2,767415290180703
0,5580114618237018	4,037258528152375
3,3712942199745344	4,049980070005899
3,066102616748866	2,8623991001234526
3,6634200840566544	3,556588790817675
1,9475398511595732	4,2123917962393245
3,682142964768043	2,107581022492408
1,9523180965947666	4,973485932542419
1,488922454404746	4,736256527621699
2,1106576380155553	2,4391718083543195
2,2530744155639604	4,960832283518169
1,907077924484117	2,5794831604754638
0,8860118742909588	3,362516068011642
2,6129002911306207	1,1495757367406896
2,7856232921807185	2,943412454289947
1,1426551656386912	4,780448343103924
0,5939707659473232	3,642803969032875
1,6856248580266397	4,211267586972155
0,5293232555860401	1,6775500606638551
3,6955862636221823	2,52887445204439
3,20727785213534	2,272746174277019
1,1291642824649193	1,861948508270757
0,9786917283621197	4,150993790204183
1,394381351383219	3,582507903574498
3,3665771542260003	1,7075040078977135
1,4603545972577	1,1136170587368037
0,29200348746115123	3,8549027069083204
3,1311774683088567	1,4784855019211718
2,499824716855533	1,285619054714152
3,3876752388744493	1,7927697519807888
3,2666530275729526	4,055568045940514
0,8887685991786605	3,8354916072895184
1,0440064864319027	2,462944074621646
2,098773018725787	1,396636982049507
0,827474091439999	2,6897496732480777
1,8552732965381877	1,8890357179378485
0,6543930681607131	2,9023266292054855
3,4165120154841917	3,157603649977645
1,7884495490804229	3,575352103025113
1,5006093577890278	3,5174903100628994
1,593086104696655	3,932863748016106
2,073611875005568	4,111496410427717
1,0483248734492228	4,752338851259152
3,070056260228993	3,0867394452333023
1,5326023747989623	4,629289603132218
2,0828757621509197	2,9789348198259296
1,6784618315975024	2,9402345562925096
2,028799334770551	3,7087622649950522
1,729403810435549	2,9210694206758605
1,2151400300452198	4,552601233578412
2,221099255196818	3,7331293995916086
1,874004322908355	4,663814757349893
1,1020300529005043	1,5400246885830675
3,3814578030151674	4,156300095607782
0,2659737275894323	2,2784971288243048
0,5649072125544168	4,091512336787783
1,3808358375301126	1,947536697565548
2,673587782231306	2,178797360999588
2,015928377312936	2,9683403853491783
1,8252779134385033	3,660338012678606
0,6099990185696131	4,034526120194268
2,1020392587627756	2,0206320586650053
2,8987975566450115	4,436061632194627
3,3202993432352326	2,200513643594403
0,2500610402713326	2,785586456663434
3,348761217290588	3,287997767700186
3,291413644048248	4,312178873759259
0,23611354112918614	2,262216558750355
1,7277059623568296	1,5832952586939326
0,9945082712710929	2,166023631621399
0,7309564575124099	1,5155729041479342
0,4752416559803796	2,565347792098552
0,34021852725767077	3,5609489262228693
3,363397328776739	2,2980469884253383
0,9816062004717208	2,471856515959704
0,8638242336936606	2,0843551782661054
2,192713990002761	1,0460803028201522
2,9166461667066095	3,2498850153491805
2,4636753575912627	3,7866395751406636
0,7500074953981697	4,0016882567063465
0,5601759296403794	1,7330924918400388
0,738814861610094	3,8066545992246716
1,1192661528789962	3,8285533091815123
1,4000526977867946	2,877631866045592
1,7982905576192425	1,282988229680256
0,17056947520286947	3,358323766318948
1,5727992524417762	3,9932079690452147
2,5534058695795676	4,889631020986942
1,9292083145268575	3,8214366239301323
2,6688758733989393	3,6737453056264435
1,5462379154848818	4,454974114581279
1,543843244226321	3,7261664354276673
2,907099042330808	2,347821741571796
1,2194449114698873	4,444897541580767
2,1273256074722906	2,5955480120518413
3,3545015804853024	4,0033496890474485
2,5909713159295524	3,043684521272222
1,4479004929964472	1,6245215436495046
2,8653769574341394	3,591286749923196
1,853479703219685	2,003866097379242
2,621356079147779	3,362468812361861
1,706199141851375	4,814392023046392
0,961809392347664	4,142532816166711
1,5375801331774965	1,7570035083752082
0,9889785356154546	3,1020833250941133
2,1102444132985547	3,4689443985047497
2,765371465379446	4,100841432903033
2,157069265163674	3,455174004465574
3,112470752776088	3,6350458985022174
0,15501460963825409	3,0709193298248496
2,307537442515167	4,582685431962412
0,9366579783868503	2,960485266710542
1,6432231644316113	4,871568444969756
3,4318234462174315	4,357331088315025
2,9398124187766457	3,7203227802993837
2,2773109062444115	3,4079571399536697
3,5869458731794794	3,4949726016256157
1,5054841892499402	2,012117931972886
3,8213860426552886	3,796876819644095
0,742113196304917	1,7866568344720344
2,0823439833628736	4,189721690422388
3,959837385321761	3,050853925391247
2,6744191065268508	1,717184517362706
2,611437696954047	1,440401079131691
1,755760174919965	4,133824040223612
1,742489276240807	1,779677818353287
3,5280375428370245	2,3257522265162462
1,6117300599635782	4,7820096272546335
0,42146999641279503	3,004682859636504
2,1998612444853425	3,3005495411614687
3,204957494833605	2,526797195974101
3,4765316712387575	2,3128138228168575
2,523312792899173	3,7463758225176598
2,151579593266212	3,330679703549694
1,9237185327875392	1,3304791355846024
1,3986403903078082	4,042460836530393
3,7580363355485966	3,8739485832261487
0,8024720098365823	2,0373795431681105
1,114903460166229	1,2183414402741077
3,2763206385125834	2,648528075214984
3,3671424238002516	4,3856922631578925
3,362412358755266	3,9421422213007724
1,1598433132748567	1,509311253539608
1,002825211908604	2,4807566332147366
2,3923545492319724	4,769163339129335
3,1687204278953436	3,7509352578874635
3,4413479868777865	2,437241892686467
3,2235986575807063	1,527140982526614
1,8260938428583602	4,065894092894497
3,4070922242319073	4,196245686014955
0,09685389240599807	3,132324426784957
2,4382616440573135	1,4619696279126508
2,719335400882451	4,636724480322494
3,4664094034198243	4,037301525637402
1,093545860519309	4,18859530181342
1,7333817971866903	1,1744148727976849
3,3213939390140244	2,3649503008946153
1,0503393185448617	1,784973487198127
1,0762234352460456	4,074385536281738
2,365698169106546	3,8290855499863943
0,36414460307547647	2,428467930544928
1,278145142552305	1,9215421439140463
3,4446388380874167	3,2598957324593223
1,4769103467014195	3,3491033129985106
3,0777783829557928	1,7228542250412613
1,1524362634615648	4,545312648026387
0,7390749300883235	1,811644867821699
3,691111835819261	3,528920134694058
2,5439269075811195	3,7224731477825777
1,16686211147917	4,2787557699604015
0,4363077173746539	3,2322180123446165
3,1609889016204713	4,322897104722804
1,6621017901516084	1,9899537125228168
1,219992443216459	4,531388144579707
0,9182471738388382	1,8663534788390426
2,561444343038485	4,102913947250157
3,3452377108349407	3,339037215539536
0,703863059740774	3,9628452324869072
0,8772095395724167	3,2812763803613256
2,974136197570025	4,424113299878136
1,8485359971893138	3,16126184414306
2,8014548269179875	3,2702188811321764
2,3544183137931567	1,4004124874856807
2,079266503008605	1,593853247317471
1,9860220452384876	2,70505374888593
3,1744513400798247	1,731531433562562
2,247660432580086	3,232765238342785
2,2929509432645565	1,328624746313914
2,172755752512329	1,1644554008145442
1,972676683902395	4,979923432580404
2,618413428181322	4,702898798370651
2,862617756493388	4,307665715238269
1,5059889843397303	3,831703074923668
2,5079458803079535	1,1530027056776693
3,242013008801794	2,103732099285104
2,4402340637932176	1,7669330570188297
1,529232712656639	1,927419510620723
2,425165596316281	4,142169740521439
1,3259863392730353	3,173999399671892
2,7123822607378703	2,2216787190939966
1,0329727972941432	1,7572734718652494
1,0804128949854364	4,525457129662046
2,080717802246719	2,294663074085385
0,8061973276349892	3,263393623776888
0,31333330966544737	3,1901622055477876
3,8559364198924015	3,1617661306308946
3,0604775031868785	2,4871133053529313
1,3258762716449755	1,766688023139989
1,1042393656998448	4,610308272410954
3,8981169660825445	3,3965124609085784
2,9153802342240134	2,184182749454115
1,8018818949876156	4,283170427845542
1,2624933997389385	2,70603628009329
1,4571759317752564	3,0167168909156614
1,8417613662812151	2,7796687631639516
1,419118762019489	2,1887770318264055
0,4860556712653086	2,405207547891217
0,7982036327435247	3,7422482345281654
1,0860994152094563	2,6364473113133644
1,251021246464032	2,922884883219165
1,2494078174602805	4,36619277208032
2,2697257181213604	1,7225102464539694
3,0780154747388524	1,8122179713515
0,509384716947759	4,288475541686336
3,0806712831093606	2,509290791975495
0,3934524516425111	3,9500140867702065
1,1284984075942281	4,216559853968648
0,4579017877796028	2,6440622905334825
1,5666480442332085	2,010238485593346
2,185287105852269	3,2248891049015
2,374117194407664	4,645521301178155
1,373463479195833	3,611434079575743
1,3696534138618361	1,4861172263435811
3,2083307077808083	4,307122299383872
1,640732736597916	4,12382712440909
1,0194024368437704	4,73914436218244
0,8224499445875368	1,8926468744257685
1,4425873727787706	2,996684208325378
2,0494818408765427	4,678752505867773
1,3362257998808187	4,517388182366095
3,766266888430801	2,8448570805445197
1,5899359419354546	1,583707985819474
2,0265312048343254	4,005359690350547
0,22705680303523712	2,835042725725077
0,7031341287060722	4,193927882721377
1,0765554465799048	2,1180073606998455
0,26873625923137756	2,5712168563513953
2,5879204241727556	1,4988217893400784
2,832167937605872	1,5295223675052363
0,387594525860568	2,4733609812570334
1,101171210251096	2,5035434841455353
3,015606526844334	2,135789042530626
2,2288571380138404	3,594047925081138
3,1831497180896973	3,4407762652076848
2,7600018011191416	2,2384483235802266
2,0434306754160296	3,8016005953222596
2,5689108584463827	3,7761443401080483
3,2940112161870703	3,4122621357301917
2,2145868761572007	3,8421550352122775
2,0184871597389358	1,8511238977264646
1,4245087558596485	3,8879507470340706
1,3858868789211503	3,7646747638821134
3,538947423725782	2,3409244262553677
2,237581773399055	3,4722738418021133
0,4069583784205424	3,1463815200326084
2,710075670187046	1,7871746216539992
0,7435103248060893	4,076134300975279
0,7145058515642817	3,149945362827982
1,2436378358821871	4,371048814423612
3,1038477249789826	3,214725021461262
1,3864804856240098	2,92100836227339
3,8270379878348786	2,1886905074684853
3,82313862825466	3,1030252474332247
1,988862175476963	2,978398516326835
0,2691831917155021	2,203662015612997
2,2813543366105207	4,313846065142147
0,1792723129896494	2,4697825535471405
3,632375918038582	3,2977087250725856
3,916379069005186	3,4818492461316786
3,1552725631237966	1,610661111585077
0,8256452387975017	2,011122273462517
3,2905483718990043	2,3638051423916395
0,01346601091477262	2,9597993750031852
1,5247563094201373	3,6692928196222048
2,443259594893379	4,828771936712396
1,6628841045833158	1,196008175408162
3,3247151893354423	3,948537151087416
0,3639277517868198	4,025702634643546
2,6922730407241726	4,624464603237729
0,6292344969044295	2,780478008268609
0,8942756973501171	4,000808056047182
0,9851260263195072	1,6255876732488699
1,5173225508078163	4,885467993164648
1,933576685343371	2,762348028743011
1,1745437396308032	3,2277389394987055
0,7651277809886889	3,8306692489894756
1,52298754528533	4,89490230902562
3,293617702942212	3,425725703935788
0,8400555297414747	2,527637383023901
0,995134698126676	2,8038452903562265
3,5958418648609323	2,5140531912379767
3,3490283057957795	2,6157795566352364
0,5616678629609255	2,8289253969802735
3,7453618128138646	3,2406930817702593
2,550236770575202	1,6973502678361785
3,7318632826364118	2,2519404761641706
1,1783552279142375	1,6452614594739081
3,0939396377129933	4,541899156505711
2,73640289809506	2,182142833064493
3,2348770630977897	2,4070160048170957
2,3309314219672905	1,2759362806626369
0,3680147589410152	4,073067462977405
2,891024128574521	4,742270772426098
0,7386379169745461	4,008705985259439
1,1008215530287324	4,145336594506826
3,2926634808600355	1,8581728970192513
1,560377077808438	3,0434848068481206
0,4439156260525925	1,8813034612531752
3,7155511932193663	2,86317037026638
1,6759797763302775	4,479936889720044
1,0878731352407425	1,4845269960657177
2,957201810281781	3,270968967605142
0,18775153285062296	2,5226126962735966
1,6952552433623365	3,6802711955074643
1,0440272432423878	2,072051825291314
2,8046838386762154	2,082944464965439
1,605895285692875	1,0494833524893632
2,2595023672515278	4,6056352842452375
3,7255802635512976	2,1247561178485017
2,715451447808717	2,348975298931525
3,796793904955155	2,3616114617511816
1,065643011706937	4,474619216853683
2,5199438352885233	1,735116018109566
0,9492739750525034	2,28153957050786
0,34189758695418826	4,051013914053549
3,7701009250326383	2,2272937624722857
0,3931632050775342	1,9568169661589219
0,8952187475564481	2,4252589272402085
3,023316043608948	2,252422552829722
0,8060236173031772	2,3833245218958536
2,248360041551672	4,531567754402252
2,49526393340415	1,5836713766968675
2,02320071046514	3,8007700855371365
0,33761153003302224	4,090911204071534
1,9548908091074744	3,339811327347851
1,1595561756239872	1,5658308900219724
2,0961070737393404	2,5901441591672314
3,195955265379591	3,7251803293297896
0,8373963430086184	1,5841309866569062
1,1412650392611892	2,667315988318271
3,6685142569600786	2,8200951780078527
0,24888900404362757	2,7606365302654723
2,1676654251363754	1,467194839700692
3,4795068161757596	2,7984198436395156
3,886529323335896	2,881253629540457
2,3301725171700634	2,054472588427912
0,736009756559447	2,207477404807844
3,1823210242977975	4,3132501300141755
2,2012126446916223	4,629615898078069
2,3936106414170144	1,2413446895805718
0,4858060901905856	2,3174013864173335
3,1371823300774304	2,7675808729656084
2,7438606421473564	1,9936171099324476
0,8328157967700422	4,004830581277976
2,275889952362216	3,3756653335869022
1,1386247790591197	3,6489995914134687
1,8703452817448996	2,157057397412676
0,4773297750370995	2,8988987754367748
2,1614664047877663	4,059408060388364
1,381131245953533	4,737751037413883
1,6131789575380946	3,50708653012027
2,9289454279417257	1,74757792623055
3,5816236730134183	3,6612853999866064
1,8029311906124408	1,26995634168513
3,6774345645958264	2,8654745122519074
2,4666233775089004	4,17081981983895
3,044161623818586	2,093463165363024
1,1197048023603795	3,525366317766728
0,8175623539184478	4,256722660754535
2,8176352531258884	2,733431866506816
0,9659165835560681	2,6462467434809516
1,401426724111439	2,0812465718782818
1,1472068145389862	4,44132509742641
0,6829145873024185	3,2708261710439412
2,617564365363503	4,8169844756303135
1,1997200066105798	4,108158705032119
0,7546600895149584	4,4970504755743335
1,9860070962839482	3,6680998874484767
0,7733586316931684	4,335423617649772
1,615051550808972	1,4688014228141668
3,6456440598360462	2,0917130058423687
0,5045379877184153	3,0281862595644773
1,331567583087756	1,8719439078973006
3,718505165697775	2,2459707751662625
2,8056809410996295	4,431325882821162
2,9053870843111573	2,097844894245558
2,549745815886232	2,6122819550660017
2,185593123068837	1,8378198828384587
2,146906963867712	4,197706020658402
1,2555639163884007	4,533243791564561
1,3791194986919084	3,5606339146271315
1,583286499282187	3,4023880330824987
2,512442243485376	4,524553470379747
1,8343303244991802	4,805162356150874
2,810217935985927	2,476771171226913
0,43836146935847187	2,8902170760625223
3,3682524653174415	3,693964934384842
2,872632708225267	2,3077867885428014
3,1694068397834068	2,9807763797329563
1,3263254915495484	4,256043256579019
2,7578437376179585	1,6544006321939995
0,8124773470116771	3,7417045814514185
0,3683036295816915	2,5467729401853005
3,7330112667548505	3,085499135606951
2,3741692064718087	1,2472785389675498
1,3812955918042198	3,068305050241441
2,639349685211452	1,961069472924604
0,9752265170301619	1,9453464760347796
2,971556362537684	1,303576313400125
1,1624733006324068	2,8874460786032055
3,768082284585467	3,777184234042622
0,7355470830385304	3,577189966190887
1,2802558979904486	2,2528628836227123
3,328057709303843	3,0011970155402534
2,410999511979506	4,095043599660221
1,7688932640836308	3,3782517160800007
3,1922936310972343	4,234063759064096
0,4223957435659029	3,696862461469797
2,266216115278336	1,256884876683734
0,22682175482171685	2,752599802835869
2,2751054441544665	2,005788203642334
1,8781773606992513	3,214570451876055
2,7425487743897454	3,945442278961485
3,483285346957818	3,2292918444373164
2,4969517490134794	4,0996538888355065
0,9651263974342557	3,4502587239068396
1,251540479898428	3,96630392089712
1,9329685756808899	1,3526719385134782
1,9428760720233011	3,1522121165253427
3,3129411678295995	2,901596257014721
1,6610791567832093	3,0544339015470587
0,798546935351516	2,8453553520364068
3,8659995504046583	3,6756015331239866
0,7480681014776789	4,249456456987955
1,5507953757368211	4,298867855159905
2,7046205977868847	2,6232623798271937
2,1460833044467265	1,811637592167078
2,1079243156724883	3,4350740354053806
0,1672149774667786	2,3607105687503416
0,2953004076185186	4,020765303099115
3,6122968506075974	2,9239822136947575
0,8995279674619401	2,896147550909452
2,829223326539206	3,040254381320556
1,6199048251250179	2,1985366494310505
1,032431877485716	1,3519087248002646
1,0393531521966755	4,4593307031226495
3,3722571981837506	1,942143081091982
2,2114444250136773	3,9992009117995053
2,7871225924576577	2,075487918626397
0,7363738317589517	2,8808837018445765
0,6486101811203673	3,4397765134703007
0,995526168898395	4,49515299402968
3,9303351597434415	3,3150545965651843
3,407769173806787	2,356424335282661
1,440603627454992	2,1916242749359447
1,8195686563887092	2,5081150643740053
3,301275816392299	3,486063879441497
0,493760196128884	3,640878997449132
1,4793197956416608	4,724943797632028
3,7719847749262816	2,2231325546454315
2,411490592876751	2,376948067883592
2,3669543403287405	2,381758943401247
1,1306913624624895	3,7987979800548386
2,5900612515092187	4,17419106105181
1,5413676284255557	3,6687261970611766
1,1316137293089634	2,265814827428164
0,7282593700272932	3,0494282551140426
2,9639922095861593	4,398293665509503
0,5550616868173288	3,9306989403988517
1,748935088831733	4,832264938157766
2,609796909592979	2,2939880353479283
1,8310904247486623	1,8395837435107982
3,7820990393048817	3,1629566978333314
0,17729206195329095	3,3055359522020216
0,4354712028315644	3,8824689730510924
3,104092249882889	1,6566463355769636
1,5103323977200556	1,5057258803778484
0,39108785998175555	3,638238028480923
2,4320442295981035	3,269088607983483
2,890339415565846	1,2363441011874379
0,68670748588048	2,903822452952817
1,532080194095092	3,5405806599321226
2,500708826895315	1,1592192770436105
2,497060027368129	3,8678877722328147
0,7560229132855909	3,470082874749438
1,3221652719723238	3,2852563638115795
0,7164618934222902	1,9236857414201556
3,642411130148695	2,208361526926738
0,6419010259816336	1,5927831894192919
1,8059318115256588	4,35718327723229
0,2718629276687825	3,315939977625002
0,4168265191180953	2,3768506849620863
3,498960343740519	2,2426667706421397
0,5084624757407463	1,6721941540054022
1,3021511186395434	4,742374064101558
0,30629214715383424	3,7082876976411736
2,4305877603769583	1,4068868760477014
1,1325941572062277	4,409086898127278
3,4920862985717864	3,0211110237847656
0,5199400453871501	2,8104023029671166
1,8969315520650776	4,7932804474711705
2,8300514274544213	4,059438568282529
3,3938443727136436	2,9506382149596853
0,5792402245978561	3,7842620135179907
0,24258883843316736	2,322048984055971
2,5208972990573733	1,394608215122867
3,5346008752187594	2,931127643084193
3,69013835581352	2,6968715320550007
1,3184091731998653	2,184951504493127
2,774032429120467	2,686856330445739
0,830069020460622	4,01271085291008
1,9483604803209071	4,741349461404196
3,3645019803458633	3,756855184858052
3,243609456952674	3,428741107609576
1,7519322015591878	4,673182011711391
2,2642649479055748	4,0119528353500105
1,8554701025108504	4,832764792777397
2,0971470054823413	1,600785450815502
1,3072599096800446	3,519143322649584
2,691172974485819	4,852023120434209
1,3168722784918492	1,9988984935210639
2,2043113519948028	2,612840851579674
0,8276011090262387	4,240280732099864
0,8513148171173184	3,4023260360225596
3,8333583902103276	3,395065346331827
1,7085036839167094	4,314438506517231
1,8137305899479175	1,4794968748021042
2,991647441449761	1,8611144436880414
1,8422005698794262	4,358314939494525
2,5626540963577433	3,5958536790708386
1,0305237119291824	1,505260363437893
0,458797502544259	2,302469006540084
3,7698773444899123	2,92546847350661
3,141998949690801	4,544939111566667
0,7298823978807933	2,2256214205842966
0,4097288850111216	3,218385801306674
3,163761663389848	4,623663136837633
0,8093610586649196	3,496383122064202
0,8596869374634302	1,4466845571316507
2,9095129055475	1,5075541511639208
2,803564029918661	4,144949785332418
0,7220441174117935	3,7982374985272482
0,8097210203114849	2,904355412677456
1,6444946920643582	4,040276414320322
1,6247067475082444	1,9261686764321153
1,1459893651215625	2,6322271846348873
1,4947775196519824	2,098574905130816
2,2428645279505903	1,2365106839450444
0,25644514709768984	3,4457932390610386
2,533689937030008	4,06469540278473
0,5546324462311996	3,949482734374845
3,027623778037318	3,864328883287894
3,8475326179396703	2,559132068222693
2,355797687863832	4,35717022190391
3,1155798294966797	2,4290289473869104
3,6728197658909694	2,1879445438960916
1,51723552833851	4,593199173845176
0,6552856402310769	3,5279106241216955
0,995615407591701	2,2631048991560516
2,315682481016643	3,388783966719166
1,6176235601681523	2,965514808061511
3,135260320536783	2,5630656623182446
3,646162330163367	3,0101771546393072
1,0816596134119236	1,4938136618715998
2,580731369809913	4,250634667689386
2,7516079980075547	4,03382602467736
1,7565887777095015	3,7339902998272247
0,5105419938764761	0,4880538631222149
-0,9360307717892256	3,3744777854923056
4,792552523283812	2,7099857663969136
3,6783880428345155	5,349306353715052
2,8365174675225635	5,66031103232364
1,4996487235758273	0,09156066436168553
3,5296374612098305	5,2705360905316345
-0,7174546528868957	2,8591112522552127
-0,7624096034731354	2,7634112716302393
-0,8103327072714999	3,869590606023676
3,564549429455115	5,552271627943522
1,4176824316112389	5,915893409318608
4,266202837537426	1,2393946597323295
-0,7001278805032594	2,1146066565159956
4,778208203770162	2,908977752910591
4,423812905385253	4,648664292960068
3,574684439529884	0,7267929946054865
0,9628847763648578	5,756623069140852
-0,6949241122915701	1,9059374866945984
-0,03239009986074448	1,0035523567748215
1,2387550716970812	5,891857873521314
4,465582233523954	4,701794111501702
3,341644993791156	5,375892755529429
-0,19222963860132314	4,829510473562907
4,690105049318436	3,807203951239045
2,686317241397873	5,627355395701221
4,880668223470309	2,2912076982815712
1,1315447248875277	5,73489456444905
0,11697676704088922	0,7767187126640942
4,666651155940606	2,075593915797675
3,3466027037847477	5,521489610529208
4,585640472021727	1,6559674713080084
4,1903674066850805	1,2413356365180903
2,3831264771679415	5,774687638061055
-0,4659039096287474	1,5079951880513156
2,487413990803171	0,1374539279113467
3,6838136939638746	5,255722790171401
1,5318436316504047	0,12844639489904797
2,216393638326608	5,725477610398408
4,775589509716915	3,2700031262867326
3,095185662850559	5,477989432990267
4,810436579537772	2,026164629725311
4,82878289092349	3,0531133630721667
-0,7659785216953967	2,833928979435446
4,663764489725695	4,316440473821817
-0,586006014152618	2,078098704497654
1,4897854369834245	0,17598474915259787
2,9983333713713476	0,2425522117156098
-0,7631017102014446	1,8933499670277227
4,563261544566059	4,492388518854394
-0,7504377474198769	3,326399181170397
4,06730144010653	5,164941305267673
-0,6011625440641373	2,2598510971231627
4,740803322483085	2,8775633950205766
1,6570741585238127	5,720256435846979
1,1313147368561158	0,15917445155570276
1,0416027374278392	5,5297503075460135
3,848470581628648	5,333400417603994
3,9579198692315574	4,9952358993140855
0,7290072416822504	5,587547645170768
-0,5927320113507686	2,121088325747269
1,6690594045892908	5,9354798403073055
4,698232201592653	2,590215276832222
1,1186723199794393	0,13764992433363066
-0,3175182450506009	1,2355874290359212
3,8516423649525757	0,7482424968706285
4,8012126790328695	2,258510804263226
1,0669272531936183	0,2121463044458043
4,20294410491716	4,603078173187649
0,004540589589967947	0,7725438459054828
2,7974654656763236	5,84673871664722
4,4933519833220785	4,09797330228652
1,0503272500477854	5,649537290550976
4,701539107213712	1,7331026165524295
4,402382071749539	4,545110392404157
0,8442601807062486	0,3810160408141532
-0,648486019292648	2,300617269312675
-0,05856058129563779	4,960246673515231
4,347599532482597	4,413140083900628
3,9643413079761674	0,9197761270043094
-0,5775834959933244	1,8678760696233256
0,8347326507261932	5,625685322241309
-0,7726320690785742	3,3049811576500305
4,918237401027351	3,4439619562296016
3,685204599873588	5,352472476180431
3,1251733054284445	5,763758531977804
4,946611707660759	3,541606733585164
4,541021669829499	1,7676574570407417
4,69262283263357	3,336074175540302
1,651622031144893	5,812035184227291
4,6243527992739635	2,234997096195907
1,4124509018654052	0,15299174872192856
0,9732367965839139	0,4421046807565929
-0,6868731765624556	4,218861457518514
-0,7707772107393032	4,072879025791365
1,8136691477918099	0,14804480568784584
1,3664819090334053	5,7698797665713695
1,8328901737031287	5,917210478788063
2,3518692403542394	5,680735553050608
-0,02214423062699744	0,9568790216981147
2,826574176241405	5,788275263697536
-0,3381191987766665	4,687891952981742
1,7610245056402376	0,04211012221320143
1,1183099764835758	0,38599675429237923
4,777007845360772	3,119246449660185
3,518671831835862	0,6960330805703623
4,535498947635547	1,9993698028898486
4,777137091681313	4,102451884005082
4,479202406962025	4,3701998757016565
0,5094321586078627	0,6074207761489796
1,1681602815125642	0,25614686908203854
-0,5529440458121164	4,133590324917565
2,6386570805924254	5,875823633406099
0,31313441331093883	5,182963862646112
4,407028472758821	4,394346686224097
-0,5178484318087966	1,779738610810967
3,277228656867158	0,5709889186030166
4,112584811441909	4,804151731142987
3,8498001154034105	5,305896451027024
2,7505753576371754	5,887077604730317
1,53594135551507	0,3318935262039453
-0,07080226219341057	4,8022705677290904
4,831547794189698	3,626875698974662
1,0201629403987225	0,3368937894077746
-0,7040599198508994	2,945206157030042
4,31422222800831	1,4393391448865989
4,803959307335917	3,083060526526167
0,6754679911720689	0,5815746016948848
4,627895699592601	3,7103176355087366
0,5747498449364334	5,571809301412278
4,916510790909658	3,6361175275955357
4,010448368676267	0,9664188451775217
4,901896387975198	3,7264734905765486
1,0148345389213755	0,4283076029722719
1,8258089051807418	5,852566565624686
4,766439581279991	2,7021926334703004
3,5562559600262738	5,4517913519375245
1,0065917850202621	5,722280549724989
3,3243619009283614	5,518301049878616
-0,875520213494164	2,4627199547914924
-0,540040070003807	1,6401391347169585
2,6651378297043986	5,700929827736731
2,959598768455196	0,19390408736122122
2,890206131479539	0,2723185845344762
4,14211434032458	4,809208635975252
1,4371441677060173	5,730039056936461
-0,8904400034660225	2,9958727382185675
2,5783338039820696	5,799783180737582
4,153758634598079	4,9484137826414205
1,2269717372980065	0,20487699977015428
2,280505317803728	5,7274209398199005
0,3680934650447938	0,5064432648353043
-0,8996326305234326	2,9056701295270266
4,858171214426007	2,5113136010676174
3,7196343296658174	5,096286917135645
4,02403015166572	1,2090137318209848
-0,8207505653634222	3,48117120506695
0,9045837233393546	5,4859376033047464
-0,9075095804763924	2,69379907781623
-0,7651752432732639	4,069359891619757
1,6785372089808133	0,25559489081241216
4,741549359280109	2,0475577381632295
-0,9657108229014062	3,034584099257948
0,007408838690465824	4,938316535223435
4,547294731506854	4,374768003036855
2,371357792644721	5,85181970958503
1,6828526493123526	0,22354603081285918
-0,7743470169965878	2,83107650540306
1,2374881740858465	0,19924840887003237
0,6953094838208118	5,43150132920976
-0,7614697924871154	2,8971637464070272
4,451409857381623	4,19886166429057
-0,29687443010945325	4,441712206801195
2,493651379882477	5,6760182808690125
3,6901408363820525	5,379713462497994
4,952973852097042	2,6404134955871137
2,944477561698151	5,538390396701711
4,278482108004134	4,621740231637128
4,364448818374738	1,523922706548815
0,32410254073536193	0,5397464351942953
2,8274480201659844	0,3809684050269757
4,80199786080771	1,993975967705294
3,9734201705741814	0,8620063121058235
2,3125081878386435	0,1615486770601211
-0,8131292985437049	2,702559498533734
4,356381173675103	1,2178144029597222
4,35953328538387	1,6367491169338155
1,4908438591928994	0,18843909349341548
2,576485746968661	0,29273496718743486
-0,6070276467382572	4,205044252713662
4,423162251337385	4,6967363438562915
4,96446152496618	3,1776392301772063
4,747800167978404	2,2948456277989955
-0,7284490746350585	3,7951473396757716
2,2056524856339017	0,24793165117309401
0,046047149564801604	0,917343487011161
4,777583109794304	2,9200374174386323
-0,828930281562104	2,528308803713842
4,759620924327145	2,6029888782058257
3,712681514691961	0,7115395515864003
-0,6316765865495109	2,0052316949039004
3,3010720870306782	0,37967510237263014
1,821510036871865	5,974335919693372
2,4971209605050735	0,25629841407559883
3,873448293082954	5,157116678765595
4,761295680213203	2,04510290722209
3,925611284825794	1,0303323124274062
4,600851033267549	1,8753219083476727
-0,8914104697494705	3,1502276330004246
1,9586264175888966	0,1603668629830448
1,199823667878532	0,35516770487300153
0,3567331303553549	5,384046302873999
3,6844017784003844	5,1180427177788825
2,0793054805207722	0,2049966600354396
4,296804854040362	4,440921271837791
-0,5533047073987953	1,8596731155609731
3,8067071089692175	0,659973470067813
4,5515773918985065	1,831637597428548
4,565234805612035	4,290297200841492
4,769782783280071	2,514070258632538
-0,43983141285328964	1,354939032531319
1,6024279516475413	5,8632213463553775
-0,5287425238396506	1,9993337154091044
1,4314366454710867	5,864879303354581
3,3136439678928262	5,614803996373881
3,6382124952419637	0,5170558002145356
4,62382025999487	1,932624184303887
0,2061572550579016	5,049041831381278
-0,4079041167947892	1,7139391309346046
0,15348981065085354	5,270497362488603
0,3728223019310628	5,348714765369261
0,9265823939976168	5,794239516581903
1,5160468068421937	5,66334920751324
4,505330843743822	1,556536198097439
-0,744402239438946	2,119032873109506
1,9714680051886788	0,2900609639511851
2,6985412479442097	0,36965319255360285
-0,040152098871325315	1,0237470515562224
3,1668478241796603	0,3999350845393903
-0,6386994110251232	1,8781154583461144
1,003557989883604	0,29696119775188956
2,2160167545985496	5,88545924603732
2,0811499008975534	5,840601610895782
1,44558594455886	5,942749174634045
3,6073756476018843	0,77927115240557
-0,9261647436662619	2,8911403083885445
-0,6502337741588113	3,942670115262683
0,18485626725523696	0,6383229289171424
4,487947652521665	1,7967225328229415
3,457774310214759	5,594925763483637
-0,6643888760760399	3,4766086720946685
0,3340563529277043	5,198094326858348
4,380672107201299	1,5947867114318341
3,725940315762692	5,2379453640135765
3,311253416063516	5,425965371522323
2,9338932839634904	0,43030686672605656
4,551337349309533	4,193662859620487
4,6380434170933835	2,2102166797094793
1,433780573258383	0,2984607500730534
2,0449664468633086	5,759754805157987
-0,3394657661775704	4,6505927474463835
-0,7326875223550524	4,035769766030125
-0,2235975252536404	4,766410667423253
2,696913825933522	0,2405772061928566
-0,5667469976667032	1,5561831362998126
4,787645598838184	1,9573808876029193
4,789870845311068	3,7022238204570788
1,5031730787887498	0,09347521350585142
0,5046444109775201	5,513837814695863
0,42865263411217347	0,6545837341200063
0,6767389391615852	0,3848016879952292
3,321193930137097	5,516644745477396
-0,7306514332477336	1,9217008815277872
4,0134576386106815	1,1123553370087063
0,049566496311029606	5,095040117493838
4,141514720642175	4,793130373948325
1,484236493916402	5,762218152587718
4,781519301090968	2,0376279396583366
-0,02882789487904036	5,097257125009455
4,883233409433382	3,5739856028900023
4,081936616043578	5,103308580291403
-0,8502848613210792	3,8417613947961873
2,5841376426462466	5,794028103739603
4,033673122688617	4,901754555664405
1,0289022590866304	5,595882139458583
4,364961811646412	1,3623212197342285
3,3768956179235774	0,6650823436936761
-0,8336354567646973	3,4480317088113766
-0,2139677381393459	1,1782821075696757
4,7564541232762085	3,351399135332901
-0,8808430199858956	2,180025085317695
-0,6364421034540237	4,089785810778876
4,888028376806654	2,3229409900203164
4,487366799250267	4,482157086864644
4,4498178919345115	1,847742450067524
2,8018469372572143	5,746540267189615
0,2814788131099406	5,388072895804566
-0,5097154151044929	4,52953279270597
1,0017770856860966	5,672384546429731
4,182383601293328	4,687838862252781
0,2622427973357093	5,419693816179674
3,3775891917770893	0,5083819951494286
-0,8009554175297939	3,3429046872629917
3,5465031128311546	5,487865045406803
4,674770078750047	2,1013152560770716
2,3866353011230586	0,19873730412958412
1,3009394612102763	5,665933874678983
2,7402036044216205	5,626286021181302
1,2334740138150735	0,3692828722703747
2,2554457678717617	5,872469386832028
3,114193598650976	5,459426696171086
3,702740764329762	5,245172599017716
3,357262428873282	5,512160086337046
3,9129026838021774	0,8160928240560241
-0,39760951650583687	1,348675662905282
2,687978215278121	0,31010288179447487
4,149039188872633	1,193603877980379
-0,1631155381640359	4,909885290057717
0,03300990991200181	0,9719986195525561
3,4215067769267336	5,456781239310702
3,5090040335358745	0,5751338154665437
4,105096372803688	1,3076224261175253
0,5463377899570618	5,572522863815261
-0,455809508825217	4,504503854072571
4,057436440886947	1,0778406043155975
0,24252279102709662	5,293799242341952
1,548384502062694	0,29428739739431053
-0,686822542145189	2,0672671755549548
-0,32191114314439107	4,771353786978106
3,1377773461142153	5,677228925278172
4,240927055220189	1,0703735797516158
2,073674894140548	0,28605466245663624
3,019532397148076	5,771422898619175
4,334847984462351	1,6118862479587412
-0,11707686789686411	1,2477496475738827
3,4665780369063928	5,440489895809475
0,2702605908772795	5,387587078156926
4,727721606145713	2,0049437928057228
-0,2928217556015422	1,404215768569519
2,444911583055013	0,22292785565875706
4,652020139824818	1,8616606957788784
3,309347716077629	5,391600170926198
-0,002591307025985312	4,995023261889605
4,314749347648088	1,221161144321117
3,9358300841224096	0,8099422712709097
0,8276005539579308	5,668895186750942
4,93795304219983	2,403480586529492
3,4904712955356256	0,5734244335723098
0,2904146147958704	5,328053837569234
4,621079398609634	1,6129605788796966
2,4041760168345494	0,19559901991584372
4,62660097073811	1,5957783699576387
4,933231903360808	3,171306401843408
-0,9055067433386625	3,170114010316426
4,224134978170437	1,3967842466642817
4,806789310408455	2,9213319756662846
4,248891932495346	1,205910824828656
0,4195299220645261	5,431567644433461
2,838564536560489	5,74770494591195
-0,7338375737450509	1,8863209357518556
-0,49515201874069126	4,429611646966827
4,83010195429885	2,0199312278780033
0,7854238977942789	0,5459445259783151
4,312677988791567	1,5566970021653463
3,469317735969537	0,6999097505148439
1,101922047379372	0,44124159869617463
4,662701357990737	2,3434649703951878
3,0460276027673094	0,4332063545602458
1,579461967736873	0,19714719322097807
1,319617232862646	5,618534752878847
-0,49380290884544165	4,281888383621618
-0,8314909837384987	2,5518917366498477
-0,9131957089312155	3,3614774189307006
3,961254479489874	1,1188576504785903
2,2615258464609034	5,927006426357099
4,089464737298831	0,8726829293572655
3,7439578753986984	0,578512019038333
1,060140680319704	0,46202297786691604
4,8108712469701915	3,983120087762093
1,9131026018843245	5,820972715840083
-0,27011409400076936	1,0746507514603603
3,114191263939526	0,2498881947219722
1,0952957936181122	5,6379471969571
-0,9024044511263019	2,75950268284097
4,039029731897115	5,002652562502754
-0,2146660904815323	4,632239401381813
-0,5315718638853202	1,678189381915018
0,9931715117549893	5,790788845339529
0,39797040132602945	5,252616191177759
-0,8379477947982137	2,6282984505243445
2,935168832034919	0,33615149506712694
4,958170197209785	3,0717360588423923
0,538379427669448	5,339788910341047
2,058892408935369	5,840352221280963
-0,6763876270475193	2,1598511283177864
0,5773355855942457	0,485850842646089
4,776382215007532	3,990036779558193
4,823605061464155	2,553437298279857
2,824884478971098	0,17466614686247572
0,6920372952766591	0,6058145765924432
-0,21723085058992986	4,999265413042461
2,2398669061283702	5,91396441336775
-0,8091610384153483	3,010887976386395
2,3186505196585623	5,900630871142316
1,3123028564118677	0,2694647410602382
0,03060515030309885	5,181072749174241
4,101366101516799	4,933472612633996
-0,8193035591876936	3,6952135369019996
2,376535855349391	5,897996303327659
0,679272612517478	5,594869643470135
-0,7592983454527	3,279385657038626
4,052675423852145	0,8160002352209919
0,263721192016237	5,1881137888696
-0,9384015391529843	3,5873259330689846
1,663471021762347	0,21379072390253784
-0,03527258412232914	4,799964133976054
3,923736334033838	5,221723524011149
3,5112360803211744	0,7599734756782697
4,8134244934984745	2,249466555965807
-0,7403868980645276	3,32415962495953
1,512219635384207	5,953756666850774
3,920359726957689	5,225755678571982
0,35968773569034673	5,281254967186793
-0,04059352971534613	5,15687248886727
2,1544522199934413	0,09867651989191906
-0,2873288651697865	1,4428927135282552
1,3023971302994197	0,25291242767639943
-0,3053231801979326	1,529146153592254
-0,716901577875515	2,4030883538280245
4,9141743847436725	3,623780658835492
-0,26973032571219857	1,2839539433307188
4,454556412428815	4,3421492560579775
4,385923861777932	1,5721561445051306
1,6649639537707102	5,718088537384931
1,192918171737498	5,6120602386001295
-0,40317146677999327	4,416387189327467
3,8993547178392305	1,0410791903021541
3,4645293218910753	0,7186790026972627
4,785933274030014	1,9906675190545664
-0,25614633938963927	1,2155163502455313
1,8483121754738272	0,2191488646771389
4,753223132184145	3,661043852061634
4,30587077446836	4,430466984909595
4,7536191025806875	3,7538217778291223
2,550703473245176	5,672826345958166
0,4085491419361271	0,6093443235044185
2,6693006834602864	5,619758945717134
0,06090489718502856	1,1039135520475158
0,20287562085516853	5,322543138809335
3,1978995369921908	0,43423265576733394
1,7442144436326954	0,14507371005168457
0,4491482491362828	0,5131535861780447
3,936158673060651	1,069108612398227
1,195690300114999	0,3109242121529414
1,319715043707634	5,7827065300955915
-0,3696807866732601	1,2414521721429685
2,493848540446443	5,895553472744178
3,833948416234143	5,03916097051345
3,6848859776544787	5,432859113967951
0,08370628336564878	5,048100772618104
-0,8407759331629712	2,103419702214454
4,8444398611399215	3,7055323218417953
2,5788844318037407	5,735580235297537
-0,5769956995717402	1,4967366497304675
-0,8987918925338234	3,1852471258032318
-0,32029724303832685	4,72470259054756
0,3287921527536406	5,2500650135559574
-0,5948465518180988	1,7420511744107858
-0,4833821856078542	4,606137511773795
3,7552935438590254	5,27475529833554
0,8704315295996998	5,745490270666174
-0,04907610104698934	1,1648415006376263
-0,2783605998433707	4,488023856510041
1,1065798902884216	0,2535038119324451
1,662375965139555	5,804307828386788
-0,9323150456988292	2,5206886656558067
-0,5135738775557912	1,677609300101961
-0,9159755974199872	2,3690139625792437
-0,5812087582261385	4,266508102244862
2,1011006120200215	5,809038188427287
3,9516195428761582	0,9051404354708112
1,7046263380545768	0,3002918235718046
2,605168333793141	0,17167272357027352
0,26253015473879104	0,5608318111162607
1,8312894960220543	5,740222228353818
-0,45070119794587793	4,292195827108168
4,100763909340804	4,777180584548458
3,4540176442038324	5,312915084528843
3,43378028618821	0,3833363675549539
0,7611319463060047	5,473682338190615
-0,7017025027676476	2,961866237711001
4,72027472265467	2,1557905910849815
0,08199075004124134	1,044807808763366
3,5673752937524754	0,5867486073752457
4,15760375354264	4,911793095250477
3,6360523681617565	5,252658976830364
-0,6583845392872201	2,0584769274543007
2,7596476307923163	5,73489839203236
1,963445641159289	0,2743031588616498
0,7782737412733018	0,45510683963260856
-0,6256745486099939	2,0715257155522604
4,536789211554445	4,497999948481972
3,5767224072407378	0,5879138846940632
4,736966827427025	2,6180748308644586
2,0467682527778446	5,901999619930452
4,86210306368688	2,739589133092184
3,5174898531084535	0,5533358102800312
4,739069528570714	3,3004479795449453
2,0806148917787954	5,927453107248605
4,761105673952834	2,5407547641275383
0,45250155517570834	0,5295774526447024
-0,10695157931764365	0,9613922321995889
4,73674004376441	3,2105047490399383
4,486929640241094	1,3285382416093705
1,934803104004262	0,008720757662788792
3,814117932728138	0,8552114809466849
-0,7765071966032733	3,437921109976282
2,3885076251253685	0,15015715812013042
-0,8719445930180676	3,1101814748599645
3,492600666584976	0,6967093579418635
2,618115157171344	0,17817320936527237
4,775208705622834	2,1869618636524217
1,3908172144293003	0,2554489077613957
4,3931512861027375	4,527125954573574
-0,6463337740479598	2,3693446848827717
-0,7171509641316911	2,268120620139815
3,9053636211084495	0,8769628932550084
-0,8968025181375228	2,93287843308189
4,526757097274682	4,47238593499593
4,578266153732184	4,017030360267388
4,3796075801837375	4,332373774526871
3,7379604322420446	0,5590024203448927
1,050997184745691	5,647427012483177
4,668515471907725	3,8131849582159787
-0,9005264229335581	3,6216368677675774
3,580689935116884	5,201484147301035
2,990468763791353	5,532695201916027
-0,7758211053963953	2,97928432812545
-0,30984383802573134	4,832502862958898
0,26790653279609966	0,7460752996646822
4,107908190857044	4,859452001394532
-0,9192562831195676	3,0805244956073436
3,97768486425799	5,076739774513392
-0,8625118767649065	3,5522778224660594
-0,4941927002463906	4,110940051383662
4,741726359949148	2,030003304923139
2,1979571281783645	5,984337269004785
2,4913099973376416	0,04959810200863002
-0,06644490715272822	1,0187810508187785
4,5130408983330925	4,078847865745551
0,6465487300942017	5,669463627523049
-0,6842810787444202	2,2589094086847785
0,5959310215931346	5,437679647643398
0,9524140719269165	5,724476676416775
3,1658244034837493	5,687255030776432
3,5281338476236557	0,4964893386635234
2,805821142630497	0,16954754223375623
4,568211664040938	1,5762359256273644
0,3345157565313561	5,248564550797948
0,389712766171213	5,269339382716165
4,448864181040044	1,668956409316317
1,5583860864575256	0,14669461620779778
4,147902536973229	1,2197525741306898
4,781684387687527	2,799659285159826
0,1286902153788969	4,9616716525206765
1,3606956594092812	5,731999238634094
-0,7024373708601725	3,2538158230318084
0,06049887509559437	4,901249079162077
-0,3417083784452788	1,5143408415117976
4,958055656085779	2,963045921422282
3,5962845500798193	0,5595025413753194
4,5723782256159735	2,0020605900194504
0,17406548053009763	0,6795016012232509
0,09933781675518527	5,287823927292556
2,4735983411779614	0,22582633928627383
4,50352788160013	1,5603423964013658
-0,6146224498408999	4,010266507494158
4,096378660151561	1,2025963648473867
2,8764582678477435	5,569429295688289
-0,8774405855328444	2,85856213665571
-0,2009128251614869	4,665136763620838
3,1101887178230188	0,5103822859062914
1,3687757075197045	5,911630793405628
-0,7871590292248642	2,8132084829589976
4,519814994019288	1,8822247330128314
0,32675058418961056	5,356078559536833
1,5296075032532637	0,18494560854586828
2,810440071504568	0,294346862152032
1,2806855842805953	5,674503874924248
2,1565976009240297	0,040781758919985034
-0,8515670478605291	3,668363947598018
-0,7943098788530873	3,7656208244757177
0,6220154729736167	0,5681069353720831
1,2911561131726832	0,22376031975018984
4,863613213380556	2,294244808796536
4,047156038737462	1,2286940038011138
-0,6980765150994483	3,695638798618212
4,893945120434712	3,310508782219004
3,432655986460781	5,5936475202242795
3,5555274551792255	0,5140922642287884
-0,42612235946841803	4,70141575956366
4,714491985105338	3,099917124877935
2,2410378003707225	0,05948391432205513
4,906458322660077	2,4881069561665092
4,495534982839903	1,623623762810856
4,594224601945188	4,50279448463384
1,7874418090310487	5,793077971727094
4,972655612721466	3,2776436482650424
-0,5309242653424855	4,394561439051026
4,621681730688098	3,8602045385338375
0,15546311486556297	5,153803943329908
1,3805500064914857	5,756212532630579
4,762150695743978	1,8788826581725515
4,625035550938537	2,315618703274966
3,4969148225167093	0,6012080567795977
-0,41464525044316414	4,436778117567832
3,0397819285819985	0,4808421048717708
-0,6127251591554201	1,9979620846234718
-0,5871446669402838	1,8785872209345658
0,9169552295520615	0,49948703202114064
4,76149016389129	3,3016359823072916
3,3007151158109997	5,407596331015162
1,5717903715703423	5,769077182917103
4,528378221977029	2,0479388209045974
-0,35888189366384493	4,610667881673837
-0,7615412201905096	3,039418518997592
4,710900058871837	3,631484349277251
-0,13123567427904703	4,788770101693378
3,768606596453795	5,199773361512827
2,8224285596111875	0,32204704359616665
1,1724335081522486	5,659916564689107
4,821448981589903	3,136970511129093
3,6168260337840703	0,5710304805068174
1,9796749863404655	0,05320039827944889
2,2206243242066948	0,05344331063330765
-0,9598524778306903	3,3794958457837576
4,46705348253853	1,6499715451921513
4,629810600554219	2,0705021958063314
-0,3996694228683162	1,4031333685571197
0,5432123087449707	0,7047992795082139
3,127445321831371	5,567433259406055
4,196735018447821	1,2640534623998176
4,49337032208701	1,6777471075642023
3,601413633575757	0,6926835673007443
3,6251239529644135	0,6182186667655558
0,5399663201213007	0,4585709883753384
4,874896790934507	3,1305664088377836
1,6876258067253007	0,2951301573922338
2,4499215770010254	0,2789679793799924
4,879383100942565	2,4028648291830224
3,019896268347213	5,71913092844424
2,35337616318631	5,7444181716537095
3,9455540429734004	5,276687578371134
3,6127588643928625	0,49028456092913464
-0,5563862806804476	4,424818965348466
4,0136952793192755	0,8143001080120595
4,2574567726716825	1,4897343873959887
1,4871153522336336	0,181830871738363
2,028692302475442	0,10984068748392728
0,8375332724874658	0,26915438492387356
3,3597188153392725	0,4436838813541346
3,251236003396744	0,4683985046940786
3,843831228158561	5,2126688373903605
-0,7260232015784909	3,809331779399171
2,7860071127243264	5,764561099601865
2,873641143283299	5,55921645640421
0,810720517107208	5,560035524468367
2,5734107624558407	0,10221814202204671
3,5463747395206617	0,7686326718606078
-0,8857048580046145	3,47369881705186
4,652607579079147	3,5825903214485852
1,1119005406177143	5,648754874379678
-0,6866088676975552	3,5913838231549944
-0,16510638297654712	1,229524891080835
0,5366836349912387	0,5591459563023653
4,690374975176633	4,082584930248617
0,8082724902660476	5,71580413865849
2,69511056723703	5,717149574880019
4,592374836738534	1,7635776623139947
4,5697186585518885	3,933659910209191
0,6213653088922175	0,3817356955690254
4,7967037900084755	3,018391916224153
4,472257447875764	1,6511784706825332
-0,7175552784528261	2,8493598561602815
-0,6402231585551661	1,8472786931456184
1,7608576530984121	5,8576124990132
-0,8008311114778683	2,058083575494673
4,964557188065786	3,1408846301292552
-0,8582926090731808	3,849835293379116
1,2418652874611156	5,613747351614622
4,378577548199813	1,405916265270429
0,7142815773041746	0,5557469656749836
3,733399291154724	5,113298079196507
-0,3514433251828293	1,590098915293511
3,5232713789583503	0,4646264882528146
4,324955734790224	4,757676846754458
4,4369644246179565	1,7250498731100852
1,7891438339166836	5,9833628976427775
0,5156801712597181	0,40459754268061143
4,9326763744359425	2,5400051607732914
2,499261964510492	5,692755059079412
0,24019629559860167	0,6824463675841246
4,145569584176364	1,0375612599140742
4,395394625393202	1,4946811796215769
-0,862332370998554	2,2804102307064804
4,765694744310718	2,8293023403735895
3,2818904954376498	5,610389705563103
-0,1309668396741599	1,162893152306889
4,451971239858987	1,6273104215664036
2,18544504543135	5,818618806109688
4,158860387345282	1,2282666842453944
3,3704392196444646	5,59932626048441
3,976102357674297	0,7867202509951041
-0,49868885438401955	4,224944302482159
4,6282576124330275	1,610721383597762
-0,24464870501493285	4,514182420623244
3,7527203120393287	5,156480151233124
3,0237105881477713	0,28669750819644113
-0,10672842831626816	4,780167741508606
-0,2697951401157317	1,0567346988059936
1,1810206571679889	5,605981533547352
3,42004473545504	5,347631057488778
-0,7333085325472402	2,9694860603155004
4,462469742016951	4,1532424984013545
-0,815833248229128	3,7577693156804877
1,4449202206272846	5,8490185324798745
1,2271132952075772	0,15632418124061642
-0,07666934554947247	1,1868368476716191
4,626578387856515	2,261248408571935
1,8887062909718892	5,760558219609765
2,8906005318696786	0,27446343780887617
-0,8461801568926863	2,4009249433300424
-0,8891506184369771	3,7114647798978306
-0,8178849138495714	2,1359980599956376
0,04548462026859368	5,046292174451894
1,5632724197443042	0,11991616481121214
3,5406542939346393	0,700931786678118
0,057009522857710326	4,880326758084362
2,9614081298518435	5,827759477362571
2,869197185614881	0,35921481201959127
4,988840615036953	3,1958971645422416
-0,1403425827074143	4,758674069014275
-0,7920711335051585	3,8288032193870034
2,6579747210281073	0,26095789484415555
2,624169167521047	0,3006608669667301
4,660807063590828	3,692280313039128
2,4990545937549893	0,11853688507783211
1,2682777943829735	0,16942983472001316
4,644375482410204	3,7351694454101416
4,765751160568557	2,8817822989367716
4,790043311013976	3,4034603101818925
-0,02673023450530909	1,0800784077769945
-0,834577870992872	3,548465023455039
0,10508833645688398	0,9510964022839783
-0,8162255910878216	3,588905870768073
4,018624243990004	5,054369639991923
3,228236281525572	5,491768504593725
4,457153227061799	4,304203668041071
-0,819853377700575	2,9068898320262773
3,0020333026920873	5,608061746446561
3,2800542442921996	0,46856025171967364
-0,14871581228974495	1,2664305425897022
0,7745599102012439	5,717791937196354
3,7722199089654946	0,9176057720204693
2,9893237133172064	5,78140378411764
1,107739118958664	5,683143812487411
0,018032457446097716	4,957144056787671
-0,8605936483220065	3,6239192719478286
1,8144759898568326	0,21535242911267716
4,337535164979007	1,351481798848743
2,1311588362598815	5,893848138161728
-0,4749288365952955	4,350983818126605
3,7768665682107345	5,162739649561004
-0,7879978531562579	3,0871730186777397
-0,088315957922255	4,946081633835432
1,5419369989678773	0,2911816875189137
4,407602962497413	1,550911827959627
-0,6054364140599935	1,9211890347291662
4,321323582167989	4,550857016923151
-0,7051373677666968	3,4166251743839187
2,3575114295444672	0,19203294950015248
4,610080345660787	2,254371567319787
4,073535319090526	0,8330101008954243
0,4429777099120642	0,5413183430704027
3,277428717867057	0,46620276486123124
0,4001272040771262	5,512153964579783
1,7207581374565843	0,09829110537211205
2,4110560563241146	5,954021209875268
-0,03241713590197426	5,133099600608265
4,517504117756019	4,321677261050011
4,028399349230494	4,892801671435819
-0,2825306018863021	4,826386220040654
-0,8067969123992276	4,040697055430136
1,9395486407272682	0,14718335687771322
1,9070116396633277	5,726100135736262
1,6724420429528688	5,725271158413838
0,1625352475864077	5,1266206951621776
3,650961707963149	0,6068594699687475
4,439304396627873	4,262669718136665
3,62204962140017	5,3236336371784425
-0,9658964406329624	3,002236549161489
-0,18955087541532345	4,962697925073193
4,668728473557158	4,201069117996592
4,72339121139704	1,9205059690225534
-0,5871644304409354	4,282860169321796
1,9833310751879352	5,781128163778637
4,82501881820564	2,8160858986844595
4,804713914861891	2,9263247240531367
3,363066019547375	5,485923861457549
0,5486169814048478	0,37471476018337757
3,9815210258197165	4,951558343881285
4,82024169394032	2,904077358777141
4,573339702906571	1,723533246210043
1,712528061843266	5,781699369506813
4,703937803884435	2,0151639945205453
4,397797359828797	1,6632896601491478
2,435320695665723	0,04162952356395566
2,551109252398034	5,682147898293416
4,825788266031871	3,132255525142169
1,006678016815762	5,619932731563553
3,6859282946465894	5,242046040027932
0,5926641732459705	0,5297227401636664
1,5896886015193579	5,9191793575965965
0,4964818091651939	5,270315229926995
4,891643790884548	3,419538366619091
4,578093581794545	4,271008014421504
-0,58263967878452	4,234663399128367
4,631119742026635	2,2031118328724633
-0,6574953244210144	3,536470533955301
4,635665362426981	1,74748899691351
3,816459710126083	0,6848973964800074
-0,7143338842992479	3,7442666736233132
-0,33418571696642996	4,388965075579665
4,809768691075121	3,508602294061446
4,418381186275903	1,5592242481203602
-0,6885767823349433	2,520475682798373
-0,06786323614816059	1,1458687051542298
3,8424908808942586	5,05070193995456
2,896345139657822	0,20763512038450038
1,761194334754595	5,848761223707589
4,8291695846641804	3,644236226877939
-0,6923044058865364	3,4465018036240993
1,4651574393835498	0,13850062341301284
4,005646658155973	0,8111727491137759
4,604504691263466	3,908787781057696
-0,8119431566675126	2,5198786496068823
0,44002622682137504	0,45926077077174376
0,08981534359880206	0,9075188048571463
0,13118599843177048	5,127075636645783
4,639023449534704	3,7411051933769546
-0,7425457757823626	3,3085975846716993
4,707502639948013	3,7512506656433113
0,6837971238476444	5,678295853568409
2,1769245595001845	0,3007108837628203
-0,29344214406847335	4,433200905727018
3,758213261605326	5,11670972820548
0,9312874473881079	5,674940074077689
3,343682749468985	0,49837760552714006
4,732951673174496	2,4622480765394053
2,156673472037228	5,794479088543334
4,471135891247518	4,430368360120731
3,067483180112311	0,1982454013352446
0,5893608204039975	0,6590778920014793
1,1972463214163733	5,581147964218205
0,14918249234641268	0,8437703680261177
-0,24029802020606317	1,4009809168989449
4,811006149370554	3,208012579458232
-0,7912647537595969	3,1104006353527214
0,764962682555365	0,4298772706270273
2,6429221113838173	5,880011089361114
2,4095700206718123	5,966077774509015
2,7103135338028888	5,771882811574393
4,791195839610378	3,002251145600121
1,9233659643982766	5,7336126212642515
-0,6431399759943677	2,435886912348325
0,07282136240381831	5,110459740039726
-0,7233446106680792	1,8442237916312505
-0,29524694261959317	4,632036447216718
4,337268991674611	1,427590958855882
2,5559444019194464	5,888958169778338
0,8847578421620053	5,782570165543469
4,921017135948218	3,4464546137058005
0,9553269219185134	0,32139504707809063
3,0120328871270625	0,48519919233468833
2,295631859446641	5,734478030621704
3,226049795412748	0,5792302770249123
1,981691389001286	5,844674888312442
1,484327341477929	0,24779396279734112
3,85879619525181	0,826679350161446
-0,5980579741473333	1,9952297282734193
4,732787000282039	3,5291864785868756
2,217318911850938	0,052289292032414725
4,693897291743874	4,09377810458342
0,2650911581432893	0,7597006703556772
4,237060416956782	1,3310743349093699
2,5505963356157975	0,2671195371055761
4,235403208775782	1,1844227605765292
0,6403217355104405	5,649548816821417
3,7272454393032266	0,5518999286987958
4,510464400742524	4,307347183295774
4,5978715132556225	2,1712363714651155
4,9156692175723276	3,6880987121265947
4,5458893606487685	2,0804602254511804
0,8422766185189439	5,460264291856879
3,3008180665415834	0,5027475338935279
3,436389059825984	0,5317874017425166
4,787943667706441	1,9644155202507685
0,3265402105498951	5,266137600522633
3,447942636354405	0,5115387162682352
3,2106799756804447	5,583915263946864
-0,02280976610540364	4,908134427365873
3,8144727777788487	0,6744929402643352
-0,09676903804663928	4,793432826720647
3,1658685907004305	5,741623452491631
0,9222339112269218	5,584463839172152
4,155777393822258	5,050272720416131
-0,9183599161627045	2,661088181551638
0,4136005777033662	0,6977407675202025
4,857431079489723	2,2846702002559933
4,609131371034588	1,9774832774078377
1,9298394252108064	5,868013903388658
-0,1900866491546056	4,714927699460822
0,08972408609974258	0,7693648405900291
-0,8984067463489107	3,553149469290719
0,3385856548084294	5,221034796081181
2,4275564095350606	5,722708404661996
3,0033430308287827	0,28944878463122103
1,0674793558286169	0,2009918871771017
3,0039621614848326	5,679858414252587
3,1788830183955277	5,454474821974134
3,844783251457436	5,10095256212833
-0,35863642148038055	4,851853967672939
4,812430727279592	2,143953937250793
4,153626741900387	4,6689927445843935
-0,5107313838980496	1,630112969737932
3,150640615833984	5,765692346901753
2,8623940194162696	5,594972937944561
0,8246591333657594	5,748124664714119
3,7513657815759984	5,123316674290253
3,850744383614124	5,224596907681592
4,766852346734382	3,6647943000243943
3,4383192445359088	0,5925833498864974
0,6891918017818532	5,598889367371986
4,96472819608884	3,232671520988413
4,864499741215105	3,2619416970727695
2,302826604655586	0,1934969923468901
4,968956018616623	3,0072480643723654
4,760786878091412	2,357684176279145
0,4380853074408848	5,312150369456207
4,8741891568629825	3,2857833490648725
2,818924112593308	0,4212876699137267
4,700451733628195	3,9852396242934462
0,1165951655358608	0,9920832020943555
1,5053055683983882	5,908474572266275
4,253779224893029	1,0716725597188792
3,6037730419967335	5,309159823050402
4,73982091466552	3,7590812216949705
-0,7268389276718286	3,1866851351434824
0,2567656249743864	0,8422115317834913
2,128821336246667	5,917925637741295
1,6368456232369715	5,812780087387787
0,15167034691518144	5,340462979130054
2,3306241595308155	0,1900883862641991
-0,3543089289232384	4,334540849811492
4,729764379284098	1,7721187017046998
4,587875899806656	4,369730196004782
-0,7204117765545659	2,5221932057738976
-0,7010793365512624	2,0934200736717874
2,8429169181541036	5,865135810180877
-0,45264308920245133	1,7904994270027539
2,897968312982815	0,33496710061784407
-0,802786272708329	3,5945007112667433
1,2084690203199928	5,754897714715611
3,0226119718293716	5,5928570369736175
3,23816511513447	0,5097355678856061
4,134739634540093	4,844951080224026
3,139607998193969	0,24697941622732245
4,553681241838481	4,228024298599653
-0,7109755667341258	2,879720031914618
-0,2575140191380454	4,67918122725051
-0,7442406790019529	2,0432053887892376
0,7406416009195429	0,48209008283551613
2,4379743786518233	0,09321892960399314
-0,026236376499571445	4,7939420200796174
-0,5084099942745697	4,230726311141865
4,1961255327045475	4,927744272823507
-0,6535845504209594	4,045366109978896
3,4377844081833846	5,544202628417354
2,315905482969911	0,3161221019062199
4,699390759685002	4,244237526694335
4,062027461548096	5,074749910921654
-0,6923765280685452	3,2101129397980186
4,0268123093487285	1,1567139845983332
2,713403764107695	0,23958154905553508
2,605198525516648	0,2514237332889624
1,2941369556494204	0,13900993818000407
0,3684292190296272	0,6803945866814214
2,223608510852666	0,20627882956917887
1,1580938987047538	0,2971295543707444
3,4355039269556507	5,383054885704286
