655 115
17
384
145
130
119
76
764
57
351
621
461
284
49
626
221
21
20
52
116
124
263
313
18
292
83
371
337
364
284
219
117
234
306
147
419
450
8
393
417
86
362
221
179
147
84
115
495
395
177
57
52
199
54
188
438
181
314
140
83
27
378
240
578
68
477
198
709
287
155
716
326
321
458
795
190
681
103
365
40
28
343
121
400
153
45
442
124
448
56
199
147
237
330
432
191
88
194
186
720
348
141
695
484
354
336
41
316
330
92
278
378
130
680
241
521
143
478
332
579
290
117
355
171
436
398
402
33
122
425
21
417
166
210
272
38
113
472
487
295
453
372
166
113
340
260
207
457
473
773
239
78
140
76
131
386
292
280
139
387
304
224
464
303
209
190
117
83
265
257
51
391
29
731
61
83
326
86
667
353
221
310
37
202
200
310
598
709
133
288
445
487
10
353
614
63
354
458
279
389
141
398
333
179
62
155
227
85
237
6
493
374
453
373
139
261
395
96
264
83
59
450
325
157
435
528
264
316
106
83
196
395
87
281
493
403
745
276
752
528
311
170
255
628
62
480
190
454
430
418
162
83
34
128
454
295
489
45
48
379
253
422
40
394
502
397
69
70
648
248
489
286
89
140
275
451
315
221
498
113
480
281
391
585
358
107
370
164
209
348
337
196
229
465
269
236
66
131
120
618
178
15
306
288
122
306
117
590
41
367
328
35
122
39
468
679
445
174
41
268
126
147
347
253
114
546
72
375
483
456
297
300
247
129
406
247
418
213
102
53
54
342
225
186
221
215
244
447
378
32
349
339
559
55
36
211
377
83
414
446
60
132
103
102
279
234
76
221
98
147
241
132
452
83
43
231
418
446
443
286
55
30
338
281
433
12
52
479
390
439
126
90
743
253
251
114
447
210
467
35
758
199
6
204
140
734
574
406
237
151
221
361
495
379
406
289
343
372
254
84
102
156
116
536
34
301
381
282
551
387
165
34
30
304
667
262
475
441
276
85
34
496
265
696
440
100
40
309
39
350
446
739
211
66
487
460
296
131
301
309
25
322
46
219
341
303
294
272
166
483
138
109
347
371
165
127
755
207
72
348
335
158
239
166
480
389
484
42
9
521
323
293
56
83
652
114
264
140
72
482
183
456
40
455
130
194
150
85
229
431
283
616
159
318
418
339
275
9
346
775
288
158
482
344
58
485
454
73
140
64
460
59
385
288
84
144
149
83
112
520
180
109
776
329
441
140
263
255
133
468
469
438
751
52
329
221
429
146
27
6
175
399
71
331
139
642
384
231
287
366
223
292
9
671
43
488
457
784
467
81
284
23
432
194
575
287
80
225
70
26
162
191
465
482
636
716
25
465
188
112
354
132
346
57
83
404
291
746
452
213
322
388
84
478
481
126
447
88
414
420
95
456
216
17
96
382
478
175
405
481
215
415
347
447
381
420
132
141
86
408
364
60
200
544
550
444
245
118
788
423
475
240
184
161
425
412
83
121
119
17
342
103
83
173
147
447
40
500
400
147
184
333
265
209
352
436
279
174
485
19
64
454
138
83
302
497
140
24
60
310
227
181
378
407
165
228
315
266
64
202
465
300
102
135
27
367
228
5
271
478
417
280
356
373
83
384
382
348
83
191
225
40
490
345
476
174
324
165
344
439
68
373
272
158
83
163
83
214
172
211
361
156
288
70
103
220
345
486
199
351
388
467
94
320
296
159
212
285
431
5
160
151
112
225
407
301
315
340
169
83
83
