82935
91907
76156
92469
259
9262
11318
60615
99903
67088
42963
7977
73944
9211
93224
75978
60775
61454
4657
26386
36346
49079
54413
47367
73966
17765
82214
67296
6681
96520
22839
99665
35480
75190
54663
99006
255
2918
75612
51141
55810
88727
61271
87731
96792
453
97151
67182
16816
87579
52751
35603
71750
62028
81115
96997
6797
24038
66312
79413
44505
85120
41262
99054
66786
88291
78085
12303
45432
8647
36092
50600
76033
40181
78858
66164
96438
18221
64576
65913
10095
20594
29055
45181
14086
99506
17971
6813
50390
43902
46731
54903
78382
3692
57241
86610
61777
90116
20216
54602
64333
95648
317
80251
27699
10308
10919
82421
34255
94840
40893
24864
25330
18545
9040
55997
23696
87875
17112
29380
90059
52755
69858
57896
39619
74964
24961
83128
27154
1467
90029
28636
20009
47515
37505
54491
51273
95147
24867
59226
8309
24034
72706
14938
51271
16544
14691
40222
71129
46284
4529
45703
72828
69020
27423
38829
49255
22391
89233
78530
60088
42791
70599
99981
98432
35091
62451
39473
2607
17926
84283
23049
14860
87695
35193
66687
58595
38410
52478
48762
80632
77815
59830
75295
94597
85449
83467
65532
6413
7493
81699
54287
28637
18736
70285
1250
19073
7927
6856
7121
51602
55563
26910
64955
26354
87618
92201
2862
49345
16213
95709
68646
88777
58338
24736
37165
88147
50611
58656
70206
63384
90710
7800
26160
62153
59986
28141
14191
39402
83770
59608
87414
65763
77586
60912
90391
26489
22
87409
7268
44344
50093
17658
337
65798
80325
30867
602
6242
28414
11273
95960
91514
60025
32113
40403
45820
61321
73276
95326
37503
68103
161
71549
48783
94683
7773
73853
69667
18378
62972
27737
40235
20587
35313
75134
52176
52191
20582
46443
98532
21573
70174
57752
84159
59129
55699
49850
25313
56395
7095
42797
67845
11500
81775
63289
10064
38693
22945
16608
81707
5704
97365
57947
81157
88526
55651
47125
75144
20196
87288
52321
12576
32921
19324
20318
23451
25491
94581
75589
10992
89633
43099
11824
58504
98602
34992
36324
7810
10921
89050
95961
31964
76961
22805
23171
53684
30035
76759
59050
22500
40452
65877
17988
89242
98687
78983
27841
59412
86561
71339
92474
57495
43610
44693
23010
97924
19003
39660
84354
71414
87354
51655
64524
68586
71432
42963
22069
29548
1764
43212
16223
43235
30309
47099
55708
39544
38500
67483
51061
44780
22555
81447
8275
66123
26797
41202
69849
3935
39744
79931
70722
68938
45343
14328
46315
9094
68955
98246
19000
3720
84345
18751
27925
71182
533
87308
16442
18473
11966
40323
73092
95046
89565
11073
59318
47549
26137
40224
82621
70106
98531
77917
91096
83630
68115
90012
98542
74156
24578
67184
15328
72082
60802
91202
41562
91789
20353
70149
15680
95421
98167
27786
63521
61256
90915
77605
60654
26895
96026
24587
52897
1913
80465
33843
7637
82214
69129
46064
22032
34675
48016
84666
81075
71200
45915
64411
83278
53127
52918
58699
62707
40735
58433
92933
30097
36286
97880
94722
59681
74864
53877
33460
48514
67795
16420
40919
92444
67131
30278
3315
63817
80993
21994
62440
62731
38419
22434
56969
20493
59566
11870
35454
23418
70907
55637
21367
75376
48676
30259
97951
3615
96755
8438
65429
38244
85452
6237
19386
79210
10981
86787
79904
21744
98243
34117
80096
5067
56146
56708
42542
65439
18798
59326
68157
63654
60098
92714
79917
6965
2765
65958
54150
3248
9589
65593
51807
36853
40796
31716
26364
36743
93185
22458
60321
18659
73040
76457
44628
87982
14334
50208
58276
96538
76414
41000
89864
43674
86722
83513
94982
57865
85731
29985
87006
20188
75816
69057
9096
85991
98378
34134
70644
36307
85065
2924
20703
49704
44035
76722
44610
87140
91996
43939
97637
32550
35229
44989
10160
8355
69249
19869
95485
99536
61817
8487
82709
18321
22479
79028
61874
63593
71988
40651
83204
31688
3811
6789
73139
28918
33803
86864
91603
3840
10748
37265
30562
46083
44662
88489
43397
20162
27696
82477
66354
90036
2050
36615
79838
59857
33655
53083
67466
59683
37857
52248
28329
92122
61598
96472
2173
51105
54695
10544
20240
21144
60539
84643
23688
65088
16054
3519
19494
9482
41879
83920
47916
8704
58614
55279
1518
29963
54601
29149
11681
14940
75861
16772
51807
59865
78770
78543
94505
9897
48674
47259
43090
24438
36093
3638
47853
36723
42627
45536
25546
62371
98319
40590
60097
53872
30498
399
31602
18712
10539
73998
99932
3980
8028
4859
5058
44487
50562
13751
3209
81264
52747
19333
4045
81924
96136
32157
73450
77684
70671
71345
41823
88415
43926
14834
92761
99023
9458
67081
61924
20965
39354
96140
48037
31635
71454
50173
90174
73617
24175
38067
8840
12830
33645
92710
68494
4331
65079
24910
29436
97080
18038
89086
51707
16236
18680
20224
66847
63023
91222
36970
23767
14302
86997
48778
42532
87484
17443
83395
74969
69146
36822
94452
4532
27291
63636
43705
28675
46272
19618
72169
66616
25085
43826
53066
89671
82390
20972
19848
65450
39255
51561
72517
33038
62114
6058
77378
74524
94495
43336
42979
13551
97543
45496
68814
56753
90890
1942
40876
18839
37446
37458
42380
80404
43546
75339
73931
25232
24661
28790
78683
47685
39002
7559
8883
29627
45840
95797
43381
47764
13828
43522
71691
97229
845
43135
89534
74391
3527
5458
91716
59855
49273
40128
20238
47830
34764
21805
56418
91277
17713
95964
99564
99983
37377
53339
47974
89089
78877
1360
54257
31080
25273
4713
70402
4716
91662
3095
18357
49478
20205
41894
36900
71605
22695
70685
29028
14738
93141
63736
93114
82455
9922
73031
51596
88689
34108
43547
69534
5918
35419
6874
20711
99008
3822
98681
96090
27329
50765
3226
83309
44342
67357
87184
41867
26075
17652
58105
45668
39582
35678
38299
58973
50396
92541
88439
84808
42335
66815
3407
43726
76631
92587
91418
69375
4915
38894
8594
76508
13431
11735
9045
92740
31427
15158
44171
50590
89741
1296
21538
63041
85688
45588
18839
1858
39923
54724
86686
43899
79027
25877
81041
73821
15098
64535
83926
15099
88461
6630
6209
97372
46726
13132
54132
5438
24852
79598
13242
87239
99957
6257
97648
89514
41277
86706
29521
90147
61443
39090
68714
5560
83454
84603
17992
33730
95588
52522
8894
65953
72770
8923
74504
84646
79729
4493
44766
21930
81987
24804
25416
26982
66848
90643
58134
5664
86918
79638
45823
19669
40126
59942
69929
175
20555
17952
11547
38082
4294
26283
61028
78766
75958
45972
23697
78261
14842
20603
43830
23480
75540
38319
89398
34237
4501
39727
94224
56122
51754
32940
31935
35355
59680
26565
51447
53692
78834
31936
2892
53717
92476
48973
27817
21714
99347
17723
80464
62733
68992
48904
67750
78634
52516
56735
3062
94012
90178
89266
19955
86196
89230
95404
39643
53716
91567
6791
11111
86411
93986
89084
9438
99673
65974
63207
69257
45110
65291
17151
92842
11557
13857
14889
75865
45559
14329
68016
96291
92000
18153
63852
71431
5600
46429
21618
60757
7290
64854
21031
34516
80786
66700
74171
63617
23114
12368
24832
10777
67640
11226
90526
73624
32604
17942
24616
36532
3040
89180
8555
10014
61505
86494
40349
47697
59259
28213
53964
80917
98487
28892
61442
47730
26763
78927
94044
46440
79026
44457
27512
77825
33493
39569
52095
2765
13760
33879
65404
89433
36671
27779
99385
30974
58094
91780
2664
41647
56543
48678
46055
84191
64977
11604
62531
47337
53793
71093
70790
69296
9177
89814
8615
99319
49607
77262
19645
95863
70698
96836
63124
12486
66657
65180
72061
21290
40145
66254
92493
1844
50553
36002
2210
81910
90115
7261
32557
44934
27693
7802
76332
69240
36562
79373
61538
16858
16036
93323
68834
68692
30605
80615
94524
92116
27290
13738
37492
49546
8713
88763
39931
94626
57047
73678
88434
7712
95342
67824
46769
23802
11775
20023
9797
29295
50429
51831
63138
82460
6483
63987
16681
23128
17943
80163
97719
27340
71399
28181
68640
74156
68393
56348
77625
92199
88373
93378
99743
25555
47788
95047
97460
56089
39316
83979
98665
34503
74072
72982
64668
1478
47909
75305
69293
2875
18329
24433
90398
65880
70188
2064
78545
62746
76294
91323
25509
6400
75108
70923
55903
20299
42945
57270
72091
41997
62101
36862
96256
61051
23365
49447
25133
40065
28347
48109
41385
80427
91783
53183
37139
52312
22876
18391
74274
35066
129
48813
79670
78170
39575
75142
68748
25762
52121
32824
73608
87298
21718
35575
48361
34800
11187
31477
94125
43663
68114
66989
54448
64332
60707
65328
66919
10088
62550
21133
30678
34211
21068
12841
74847
15965
41413
25820
59776
76995
53676
57427
40599
38241
61114
24104
90202
20649
35412
85066
40495
83467
89702
34971
10419
88756
23276
3659
28596
39520
20594
27150
88778
71666
839
54035
1902
76326
80162
62956
60393
78974
59036
91456
72587
14513
62905
57746
95201
71072
62861
80361
90979
46802
27276
29025
44380
44921
3449
22508
23924
80620
38038
12891
53249
43797
67318
75427
40359
24676
97205
44037
13812
38239
88680
14949
17067
15322
30722
22976
1063
26165
41739
98970
26033
20503
92767
8482
31590
43577
22413
11552
49070
56990
90397
6541
61747
40446
73105
66021
76566
84374
633
97134
76502
59710
14929
8803
74499
75346
59168
60498
66700
13538
62284
20701
96192
36070
20744
8986
69479
54095
11117
70809
49929
40183
89128
3356
60556
25682
38797
62393
74103
10060
5009
82224
2432
47240
80960
37259
51189
88060
6070
57448
68135
74213
81532
9631
64123
97978
27147
40476
23213
96668
69244
133
9577
36791
78029
59440
28044
90197
40044
96217
9380
46826
5145
39796
89332
98624
34637
60308
10885
75685
42751
37855
13514
79735
96852
43317
86527
34414
75316
59193
58972
22558
73653
84979
36365
84246
76458
49629
10544
74973
67882
19565
48300
32625
62890
97829
22177
87870
94343
71163
61865
18851
29713
87217
53456
45642
4342
14191
64395
72968
51142
46005
84783
25281
90731
81415
61618
40525
32024
56711
54410
63625
41553
33836
36089
21311
68616
47648
20367
32320
36442
86098
71194
51280
49683
82362
50283
75006
38112
2842
56122
25780
22806
21228
62884
91692
6642
3677
9791
39169
77876
46407
78094
44350
55799
81685
36038
90448
65972
5510
86070
20179
58921
35188
70686
45529
96343
2874
8049
6699
43940
80416
97907
67471
82686
21392
44585
53674
65746
39413
24712
88794
5623
11417
50626
92209
71217
37177
59825
98072
84069
18803
21676
45417
36956
32773
83567
83429
99864
82027
97178
57727
80663
86082
68498
27511
77557
77154
66443
58501
40072
12731
21100
16553
77704
53338
12817
49903
4526
4138
42020
5351
86592
724
56347
48438
57871
53224
72864
85215
88983
17656
59815
80167
31486
43898
88516
79974
4078
3009
66092
58314
3804
98795
42155
90289
32006
75651
27062
10696
63076
47327
56382
36178
41978
27279
61620
90977
89019
55833
96438
93733
67212
51388
87848
10144
67244
58517
70231
89853
37772
83409
34364
28314
86283
64941
32519
1779
77199
24998
52144
61101
3413
5722
45812
94679
82514
20927
86058
90115
76841
78545
52429
70670
11281
44503
75980
79666
4819
77055
18988
69431
93123
93829
21710
16119
40728
50240
53984
65583
24359
29528
3249
4211
81600
6775
13102
574
52246
69909
45468
61551
98313
25983
39823
9617
66922
10255
17305
50117
27052
35895
77468
86502
42576
10333
58326
90517
29567
64902
42441
59991
40326
88825
49591
27651
22072
66931
65263
449
35478
88786
20230
24280
70276
44713
70190
95885
88548
70812
89178
70562
85187
96451
77377
30025
86348
18652
51795
35063
19354
76878
44957
98971
48054
95806
60709
349
50718
88435
38645
39772
15241
92350
89449
69854
63411
79215
70571
38708
29515
28178
88073
1079
97654
29365
49066
72744
40396
46410
32011
89613
65467
96010
96443
9017
72619
21922
60112
4377
43098
75814
56905
96799
83991
73896
65500
9042
18440
58853
89744
96459
79932
12558
27919
41809
79815
802
51833
65847
2097
81767
85063
73491
79886
61693
21819
38977
79687
37210
43326
60416
61782
71086
81573
19615
7063
15070
43373
44090
7216
20733
75816
35898
17579
51691
72898
46080
51522
11920
93843
99476
71332
57830
35739
27134
37974
15742
26583
72092
16987
26922
14717
36088
38989
22896
82401
61202
35702
35986
87938
76411
32591
38179
88490
82398
62656
30172
70187
25949
18945
76726
91936
84702
56401
19667
40397
59398
54573
81574
55090
92452
91608
9360
8224
72482
69399
12507
97122
12485
90989
49807
24884
29073
48071
70382
44216
45931
225
43091
32917
682
70059
10359
36526
22821
71854
2479
21592
20937
9173
68728
6474
33848
28755
1201
84105
2676
33203
96554
33563
82716
51328
67591
17722
81152
91010
99458
38224
11609
53513
18162
66937
45342
31147
5811
28433
15128
71212
66199
19223
34799
3026
54614
98595
15415
74208
96426
16326
45169
37477
26945
3262
5856
50745
88412
39623
4739
3375
88250
99497
528
98535
90515
6199
17758
58027
21127
69174
97768
35582
71447
47287
18485
89349
64283
64162
96373
40523
27608
89852
43224
65408
54477
79740
66464
62197
2459
88998
16833
5776
62480
86167
61302
66647
62181
57507
96799
78687
11238
89737
96818
8652
56806
26354
55446
5572
22114
23342
79344
2579
16646
55911
39205
9923
31673
92130
41053
45215
53906
41827
26530
75070
67321
72696
63914
54100
89947
70186
64223
37253
59671
13187
6341
38982
81388
48151
63166
2494
7959
46640
74168
63509
42206
78517
92103
32085
31391
94695
58772
7295
18598
91879
40666
24879
42820
63920
85979
16700
91543
55587
26814
32581
8294
43586
63514
97520
55878
90248
38361
62373
16340
32498
39685
47864
27391
3845
945
57713
5663
11847
11085
96819
94783
72156
81091
96655
62625
54516
94881
64738
70310
76419
9999
83675
27030
76503
87503
9573
39923
57590
29332
21138
56007
48714
23984
85749
19469
31748
77261
79357
33050
78122
43661
25898
38324
28786
11307
14510
38919
13457
28774
64005
41253
84877
8205
3386
38259
44564
771
32346
35790
46711
80110
3196
67714
58172
72529
1073
45024
2250
35785
8078
76913
53454
90831
32706
72530
51505
32526
11109
88122
95475
97045
4476
51928
61697
58764
32208
2873
70733
61846
97134
36690
77772
50462
93049
77577
54053
11118
72243
32495
1569
79167
95490
4432
80116
72785
49117
50485
24258
97945
48393
98787
58432
29463
51018
64471
90032
14536
77925
40353
20878
25346
3067
44721
36485
74206
3920
86656
14752
33826
21435
62070
84329
69313
84568
46779
48084
935
32791
54179
90443
9466
5048
22911
81067
69464
96430
19133
93574
90193
18563
30769
17589
57154
92644
45245
74433
67922
40388
87793
1126
22691
94057
44791
58706
81763
54944
27684
50563
53589
38136
41150
62978
67313
86799
81280
8096
23347
73666
17543
88577
74416
60361
23212
35572
38483
29358
38105
96362
64849
5717
38443
35841
96750
68177
83161
25919
65170
19114
41700
70633
91420
16634
42251
47193
86018
42316
38831
39555
81020
87821
12061
59888
85493
27927
81294
24910
79809
93050
23559
52591
73775
66301
14328
16675
87347
95418
81800
66082
21132
35289
78165
92840
32594
54875
87680
66902
77911
46307
37284
90943
65953
38517
22570
30990
85163
52198
56366
83178
31155
73717
55295
82385
9971
17042
78542
47524
61231
34941
51967
68842
63901
74107
67023
37824
70287
26281
36316
35158
61104
75975
21980
1099
13019
89836
57021
4038
16362
46713
31384
50311
2243
11838
7955
52215
6032
18918
48023
98096
16652
10386
99894
6132
68542
85547
66992
53567
40106
86071
41155
838
27328
89494
63763
75369
22078
66260
61248
90053
84479
95181
10872
5147
21691
39151
68518
15957
14951
21580
11297
5525
14225
34882
19130
40611
92844
36781
85428
53569
14897
34847
66099
77344
12955
87130
52560
75464
45682
21876
40784
85972
79648
41282
86131
83768
67524
62714
67718
73388
78007
8168
36765
96459
66477
2490
64173
91376
45899
56034
96794
5731
97195
85838
39101
79429
66352
59678
49578
97809
50203
6611
91240
62510
17685
44092
14829
83452
65038
17114
929
2202
4503
25883
45821
26562
60691
65911
45937
29596
55000
41674
98324
38519
79896
84776
45109
54348
29115
31672
5843
58290
87797
58764
25521
9491
98347
65522
35037
65720
42249
16010
97207
16259
88434
21472
72367
32832
65291
27787
8723
22669
71648
83460
73077
13651
41988
29515
23825
18887
42822
4101
77866
47771
86030
2854
25336
33793
52498
9952
8493
58821
43731
60057
19476
65350
99764
70203
93797
13256
15805
97380
44717
91718
6511
96423
11569
78609
56616
89743
87322
27485
29811
24313
92025
4623
58282
66235
53628
14377
80025
16626
51089
82697
54799
71410
77106
93041
69852
21663
97471
81720
50179
93398
1312
94300
73048
59589
76994
69962
51029
11081
23341
33689
34107
60642
25136
48213
5503
98718
94881
55474
96811
48946
51807
51047
44881
93639
10021
20837
18424
64873
2876
96054
62027
29008
65858
73904
2203
2833
39027
10598
38341
93727
18948
76396
9003
25212
25694
95287
23314
16971
27456
27893
81358
72191
26542
77276
63795
83659
20192
27748
34582
42025
55737
44709
58219
36856
20626
93817
46572
77534
30031
30844
18159
8520
13622
86287
78512
44317
82975
61802
80072
69117
37199
20983
19329
7713
26080
80912
22534
20172
39935
66691
80575
66209
36102
62781
27913
47676
70285
45445
22325
12850
22752
45261
58373
5281
62628
59878
61419
68873
42674
38835
27971
76906
71829
18863
37090
35727
59597
73890
43651
17628
59536
81668
70786
51136
41155
40341
92673
23793
38408
35696
10874
73982
47016
18807
98941
79636
96713
53881
99045
14213
67846
83181
59307
81784
31384
81752
78886
11058
43941
89547
11852
60683
25074
68766
44497
96139
68506
39858
25371
39359
63044
73104
92142
78637
88457
46065
33355
91357
88074
49828
25819
76522
7266
67465
61863
60664
64990
37663
8357
80179
65138
11773
2892
21349
6131
3351
55645
63391
60437
38023
2988
91171
1876
63737
55753
93182
96829
3345
83867
42673
56987
60967
5506
45592
5557
47526
32273
60758
97867
1218
54588
82246
51265
55517
84006
73098
11723
24163
12724
54718
4304
99969
43817
21655
25421
55921
74172
23959
85053
70286
99609
19731
88601
88320
63809
94654
30728
79359
82579
48341
7163
45019
67958
57679
40969
13858
38613
88169
88294
91490
76411
29867
47860
27740
79550
92512
80850
66921
34606
26968
50531
88895
45618
13594
81338
9111
77079
99236
77571
44274
19517
67096
80209
71489
26131
89418
44446
55204
98638
44105
78070
47514
82997
41525
38022
88623
9498
66706
90921
69807
54978
59009
64216
16438
6428
69995
9021
86718
63861
39202
84433
21764
57182
71681
95593
65066
5691
34652
55619
29373
130
30408
80318
68895
33533
68200
92745
56550
53165
32199
63056
88265
2539
42278
15021
48771
66729
42468
49865
73853
57521
85223
8082
64528
27977
67679
93458
54436
24778
4596
20459
2142
92192
8386
8579
21975
16631
78383
55915
25169
72233
72690
66889
5325
36048
80807
29088
4219
81454
67691
31260
25616
56380
80915
22354
4671
87213
90542
49865
56478
56841
84277
32320
63445
45045
86791
12653
25211
29959
65190
55517
82530
34399
39319
83757
66694
13066
45540
95719
84291
16394
206
20792
48914
8900
30284
72992
50979
23100
32604
30581
89259
25707
88620
92368
3173
36244
86213
72795
81411
11067
16766
60246
94552
50298
48997
13511
80966
77442
85560
91765
6472
23884
36694
83849
3670
34036
6877
45162
58097
93339
79389
77558
20640
92816
67816
6583
12832
85639
66452
34952
66584
791
38557
29430
95655
41680
74211
55778
11964
97775
50430
59889
43118
5607
13840
98543
91734
7181
57306
32961
55554
96264
32233
55386
30835
26611
99584
99775
45308
133
25246
87118
67534
5382
51001
86310
23983
83367
30516
29304
14185
49084
22925
73463
52648
85415
3073
64523
23476
36544
34552
42107
55440
46779
77547
85910
60756
92484
89572
82616
55697
98499
70778
5866
47840
58497
61510
97977
3017
54380
31691
17009
19965
25709
46762
26106
22997
62931
18153
94427
25488
64439
60700
50161
23850
35022
95065
50542
45914
36377
5238
88663
18971
37168
34051
37962
12034
26690
12214
43808
80312
76137
4324
42754
1715
34905
3992
77542
7451
42153
55698
31117
85931
54043
59958
16398
34561
25319
69362
32657
25746
83078
67961
28812
49448
27
95303
62889
80359
24809
63339
86565
43689
28597
93979
34375
1106
37026
83864
62445
43422
58938
17258
28233
34255
67642
9131
54435
97782
87011
27058
62758
961
23307
14384
63246
38652
82193
47288
92904
67300
91315
71661
57900
45322
63580
51135
35954
55828
79050
8260
33433
15443
2266
29431
76377
93303
93389
54032
78221
9895
35976
2442
64151
87568
30534
79302
8163
45499
54592
66565
50205
14795
91433
26941
11833
25415
2510
59597
60946
91839
65413
29558
33175
56130
14332
43892
23204
24214
76144
21710
99025
92650
58047
48136
96050
15021
11913
79997
45952
61935
36906
96643
42858
57116
92935
79091
85689
75959
992
56907
1590
83632
94198
52335
22300
1926
97889
21970
2278
80192
20193
94844
96025
71757
31551
57617
67698
71637
15723
86683
11576
69434
68004
37660
32212
5502
45898
612
83471
99711
81039
38990
9629
78686
33575
25989
22575
21916
45815
399
41035
72537
51926
45199
34952
84392
35948
19768
99154
93143
52265
37515
7437
38316
36201
84126
66752
9282
81856
27733
47360
40360
52062
72540
72580
58184
37955
85765
46422
9651
36023
17467
5561
11745
91605
21124
18371
44872
64801
64836
68860
48255
35916
75901
29002
39
7277
56786
92793
59032
7645
71635
51687
95600
90947
70625
87738
91020
62862
25161
81355
49746
74688
28899
11708
98282
99758
31289
64632
96881
89319
91927
69347
42563
95107
9853
88858
52152
15348
15384
82828
301
27929
35396
24304
98363
80518
56004
29200
3433
95381
90017
43722
99717
67571
58796
10095
82881
73607
42945
35411
67122
25593
5118
80952
14690
50223
6304
64664
71221
29176
90118
85387
76880
79398
44426
71854
32518
60124
72914
87396
99634
14966
84751
30738
2742
32981
12785
91076
98925
44674
59533
59756
56836
18313
14714
43077
68305
14335
54576
8915
19825
49160
47884
92878
11592
36675
10083
20561
13508
56891
50026
91498
43306
14159
2717
16270
50405
35432
42135
4543
21021
48348
67184
28829
7361
61516
17576
49159
19357
84399
21301
28055
98644
32450
51705
19514
10729
3368
47073
19373
98833
10730
64997
71740
22039
67330
51317
37289
46243
40924
92665
48073
22290
35692
70932
22342
16049
7092
27872
50888
36567
6458
23691
21373
64787
57331
59795
24511
17648
85895
25075
28229
62767
50707
9307
20460
17946
30028
91501
71813
45309
2064
87977
40527
10654
60258
98740
48189
78192
32275
86151
60176
38768
12140
62701
72469
36889
40849
11698
52882
45916
37536
83545
32569
69206
77991
37
95805
98509
93232
96817
72809
17848
4306
34774
12397
55963
55442
10596
98429
50756
39162
79957
96557
34580
40083
66372
52809
16229
83238
49674
82140
95985
63564
64526
53598
96626
30437
85879
48729
52522
7308
76974
7675
39641
8004
90803
59105
52038
46231
50272
17822
70084
40742
28362
47786
89752
74577
67563
59724
31210
87744
49433
89705
17749
76719
47426
81725
84022
37701
16391
92912
72176
28578
45349
55002
77319
45924
41925
6103
3326
89248
70682
89671
73369
79297
54638
50008
46641
3403
54894
432
45259
23349
76195
41398
5687
62528
85334
37681
8807
27053
32000
10759
29504
47166
27128
71422
56465
63353
86867
8750
50393
69648
37391
17268
58865
32373
69961
65022
45526
63136
48561
48405
10122
16159
87052
65070
75409
86958
76504
397
68900
89982
49167
36698
59834
6326
94988
32377
44429
45606
23932
97211
59488
12940
96861
74181
38999
23154
49445
50556
50249
89823
50641
78947
63818
69596
77443
28072
41616
72853
23338
2265
94344
70292
45104
24638
44588
49778
21823
31447
7161
76751
72663
65338
52860
23805
70531
94703
22097
62011
51913
67623
40774
31377
65713
34940
59769
78819
33937
54421
81791
73114
95298
40064
62857
59606
94142
68746
71238
75278
9707
18247
99438
44861
53899
9305
93802
95081
54858
13399
25887
56631
81041
20739
28528
36467
29893
87533
59457
39050
15805
48567
34458
6186
23064
12397
51933
71097
12292
11408
23026
54627
95075
62126
54621
75708
64486
19020
30064
9785
67183
2779
79997
83970
7289
5952
95058
89427
60503
26977
94294
42513
92677
46213
41616
90001
53845
23635
45571
74000
20202
19000
38962
40223
76610
46094
64403
32160
5506
49113
60570
41961
68050
57325
2160
32129
62614
59046
15389
89455
52006
89261
19525
93530
43715
66325
85071
75027
21162
16909
23396
41378
15349
3035
55369
90171
76464
2826
14346
56308
36147
77092
64151
71618
57990
35029
49740
29853
61844
24377
29468
75330
11194
81073
40059
78463
19772
31094
71336
2334
826
61875
62064
62097
22689
81883
61856
99682
92358
20082
86934
3976
44508
37354
20612
33262
22496
57654
19136
83262
18691
66232
12237
45001
34323
54609
74779
34448
57962
79557
45549
40716
22877
11414
76750
15485
70175
44229
93604
55342
6241
97890
69818
39634
52712
67553
4426
6247
11806
28888
84641
20976
55039
324
50908
91017
17282
65324
47413
2790
63625
251
15448
22823
75017
85987
860
89665
72829
44670
14663
25397
7660
36533
60533
35556
4097
38699
60404
25973
57358
5086
11410
83529
61339
38663
88634
19350
42911
79460
23784
85734
64140
69764
85359
98082
89458
40254
9516
31116
52386
93148
69087
62569
61199
28092
54910
49697
78090
48422
81132
80918
94887
30427
70747
18670
91247
17017
57137
67936
90415
49088
86856
41472
51307
28402
30782
22463
7521
98805
44174
3787
78046
65296
21287
19779
7128
7833
27419
72473
13650
1866
74582
81399
96700
24289
71683
79122
73135
65218
4376
345
9514
48711
91494
87531
4949
16395
21582
16037
27456
78053
55812
66400
91121
23907
24118
8941
58975
17844
9961
49917
16539
86770
35031
52646
20719
69645
64200
65832
12127
79743
34602
66432
3375
25706
45331
32611
91323
77249
39176
31337
56410
98225
37098
79513
95234
68179
61333
80201
92520
12402
22559
2306
53632
21072
40715
8041
46739
68403
56118
76020
97884
35661
94347
73103
92700
66100
37092
81093
75915
38845
76002
41679
60051
31052
18435
72549
44062
42094
29467
65225
25523
63463
29495
5202
7501
16370
51007
41843
40434
19540
10882
68727
64942
97234
47375
98049
98974
66860
39890
23844
35690
70339
54453
56713
66475
23856
3908
55205
60217
46292
70797
99104
26656
47214
36051
18277
31476
52540
39887
84691
50427
39672
28156
84877
39757
22655
94194
42663
56823
56329
84705
49129
41365
29975
93554
99231
17195
63627
36137
5673
8271
31345
8469
98699
32898
10659
19859
81821
49009
73298
33752
62845
22989
35952
78838
90112
44838
79800
21513
56933
58344
57385
21035
58778
60656
81759
90065
52803
42234
1088
55120
20529
47412
50465
44237
24393
67926
75289
39834
18217
2940
72996
53324
84618
92674
17566
16366
77515
41861
80774
35891
39093
5732
91257
25480
86216
64144
14624
8326
6711
48591
93064
79468
41220
79898
99589
30671
59061
70920
6367
71502
29497
18637
30051
15525
84441
52189
23058
66924
64559
46637
5302
84316
60305
47221
8320
40137
7274
9624
42929
52970
371
96486
54675
7479
88328
11394
36654
17849
67233
26674
14616
34707
12630
60469
91638
549
48463
24833
53951
3970
96034
66441
79181
53592
95773
59250
68536
91543
98592
92564
84442
59076
20414
21845
78325
37014
98919
93309
22399
55519
46766
82690
84315
36961
92842
32514
3615
35928
40742
57554
40021
84385
93242
79072
98774
96181
44394
66366
21094
14616
77200
94248
12501
52400
52906
30136
13301
18798
86322
38963
95353
34560
66753
95979
17953
94907
78667
13851
11819
50873
65436
29250
71483
31322
80317
44994
65618
25922
99857
42674
77212
66789
73412
68032
28954
37324
73190
92952
4089
65672
55488
66274
55859
47673
8180
37335
65954
54502
15236
32117
57753
58740
51648
16406
45725
1063
10187
69368
69608
28586
38606
37646
41620
55431
94942
91553
19072
17873
49879
92501
97510
79362
1286
68878
92097
95284
92071
74129
85824
94426
83012
50349
28477
13996
90008
736
59371
44965
86743
35922
27090
77647
32409
53715
33865
1772
30627
62285
703
35759
20495
15607
11539
34081
17590
40607
95066
59519
27560
5479
80264
32006
23410
24980
27203
51663
97269
12365
57822
46392
54404
9242
15679
46305
11867
16726
85246
7019
33767
74420
74886
77235
57719
7517
29696
73390
69920
48764
49206
20492
15721
14165
22872
9867
82172
34673
98073
45253
94865
27658
43330
41463
5723
89328
97210
4311
38884
80918
3141
37025
45753
56465
22907
13098
77782
9498
36686
15016
85247
44133
65981
44686
84652
59536
79011
2114
11412
83626
11025
95069
55658
7807
52597
18624
38226
73413
16445
42633
81358
76460
44586
32953
80597
42841
87729
5139
93238
66846
84688
29876
60088
28994
80671
28580
82100
68720
80031
7532
88188
13957
74793
17348
62532
7733
20048
70744
57287
88941
77973
75360
12372
39703
31701
63592
1529
97768
39372
72815
28955
1648
86306
93083
72987
51815
76750
40645
84704
12542
54090
44837
46651
75748
62491
82690
35447
44971
76638
1623
18798
21810
26832
13022
60565
28300
8399
38134
82715
77862
70798
28154
8156
11233
31769
29216
29567
29269
10969
92362
40096
26706
65633
84813
5753
20644
44661
60841
11573
24323
54377
60280
984
89007
87307
91182
88151
2788
65120
33500
5614
260
41570
13493
83547
60541
53930
34702
95364
42531
11885
96862
91257
57956
52744
68181
75929
47077
3392
27753
13053
55987
39656
72393
48278
35627
51669
79042
79386
55964
41037
44113
2678
52621
72090
43401
37092
77349
28001
89887
51323
11675
30815
50132
57736
9296
96311
91208
62324
37544
17487
184
57271
58364
50409
74591
46153
78697
41439
22685
89385
6351
81795
2715
95330
34124
13943
56946
8982
55790
11310
67185
29080
63842
56483
76412
92957
84011
66853
41409
80859
72340
29763
39612
6694
436
79129
36524
26192
99
74499
68101
55580
1990
87636
23215
10636
76683
3269
75397
14915
29910
38310
11451
83289
95141
97015
15683
8035
68271
99806
93499
73096
73846
64523
49725
97056
10239
52921
23612
22711
549
17598
97534
74407
72712
50038
55694
77360
10522
3070
34452
97970
35176
95027
56493
66004
79932
23977
43048
4280
57089
81144
65486
46902
76326
96677
90877
30079
61463
77349
44881
87729
3133
96865
5711
99071
44957
89533
97033
95266
11678
10085
32111
92111
19489
12184
53590
19691
23384
31748
76178
2382
84517
67940
22741
14330
43880
71951
35625
69033
26720
32995
27067
88301
62506
26909
79626
50230
69776
4701
84837
72180
4601
96003
53280
14729
79367
94874
73207
31701
75547
77361
51728
62253
95939
68009
32698
27151
72251
87481
85447
39552
25226
48007
6516
63770
91401
83567
76075
6971
64531
57744
14741
57723
14884
95700
77221
28806
99895
53324
39553
90035
81963
10271
75197
70255
22218
57234
36834
53095
21278
27601
80485
95544
47130
96797
72990
63946
13086
76582
70827
35253
15858
94860
37616
91337
68583
57999
9906
843
57871
3220
32540
13504
28367
33420
19193
7915
77413
55690
13802
54945
87692
55736
92730
72997
91498
67857
70890
18521
79426
89012
12458
7138
75638
53012
61749
9637
41648
10489
3336
45702
97586
357
94577
48578
5139
52337
57799
99828
94423
72255
37779
82665
60974
70598
17295
33045
49354
85147
56225
87598
59845
43983
73573
52573
96720
10586
68757
90188
23956
14504
53409
32094
80614
32285
70728
46518
57659
65256
48652
23669
31804
54745
78721
91498
16809
59268
32985
95694
75767
54714
73803
35011
53091
23897
96231
56555
39213
2405
47938
62476
67061
86099
14029
17680
99855
40757
76709
30394
94422
65842
75908
70991
62513
91114
89410
28756
74615
2565
52270
1422
56890
58925
17452
1557
71255
96089
53967
45947
73927
99377
50425
71845
87806
37994
68306
23776
98507
98426
73897
1200
3314
81838
86147
57153
80089
71962
4561
72883
91324
77767
36379
92970
62508
97424
65557
7940
91644
53817
29370
35232
86181
26549
96177
75193
40027
33529
27642
64083
17903
25629
8470
92850
62361
21648
94462
32171
15028
39750
17892
54744
27752
31230
93199
56520
39923
37833
28796
37777
56366
51733
18406
81046
49541
35837
84926
70401
66712
5094
25152
80761
14112
58391
86027
82111
74898
91483
21824
34714
61858
7061
82130
22883
48469
19282
72392
75593
16113
19631
21153
91892
44903
68637
86050
61890
87914
6169
10962
59215
27948
70187
79369
49542
15117
97251
43728
5278
97924
14492
31820
57712
66584
31438
13595
34882
15887
7131
21716
82548
14776
14892
6939
63839
71349
77366
57173
81512
48864
27685
18001
79963
36104
79389
12208
29064
99101
61951
33274
55813
44405
30817
75995
76777
33537
87251
36923
288
63322
73725
37951
28357
96587
41710
99625
90662
82311
41992
51322
35597
58560
52976
42290
70294
1194
98281
81068
80580
19143
42342
9252
5442
12378
67514
79318
6888
58190
32832
57276
20139
86414
36549
3986
7617
68595
26120
61881
65882
58613
88922
34241
99936
46355
6474
91892
32314
33733
28844
19760
63554
98131
69704
81474
6464
50335
26961
85823
57782
21417
74138
12933
49408
16293
98301
50630
94462
97240
38849
85698
99846
8149
88453
95073
16187
62976
90776
84332
27441
83676
13071
36584
88580
17488
9676
67891
7015
31434
71639
30635
83156
53397
92977
62211
93158
36150
12087
32947
36041
45442
74313
4832
53256
36590
37645
6999
23311
73674
10821
83623
79335
32136
13209
95401
74929
10957
31600
396
198
1491
85120
28878
77743
89752
5202
98326
79902
56025
62211
51486
91546
49004
20516
28770
82563
79322
14835
86034
67644
94675
84085
76072
13446
93539
40462
64771
77313
65875
66008
13223
51400
3853
86995
40171
45348
93153
56898
44138
78262
80043
27376
89475
42875
45832
30079
92574
47489
81857
60989
99929
52851
28386
89943
86836
44813
86987
50923
73487
26020
50940
2764
80581
23546
95322
30024
64023
66025
51590
24261
36808
75535
69886
84058
72018
48424
52319
73620
62986
62175
20417
48265
37057
34657
42849
97917
32954
75035
67805
11555
60556
56024
68662
56184
72466
42246
99161
22761
10084
94196
82357
3229
95954
11905
70615
56061
49596
87834
16150
61614
41923
25943
19064
70995
96205
40290
92413
17938
94101
20312
40279
85960
25316
96535
68923
47465
4120
13052
42966
12867
12810
69215
54280
70677
7487
93714
52563
20992
44166
31910
35961
27545
67358
28815
79445
47107
69392
10278
96175
28340
26694
8156
97231
57432
23379
25967
10680
84320
59584
86415
29372
97441
17948
34715
26025
70940
10650
16285
9988
85729
15609
34257
67144
32669
54883
62444
93869
73678
68625
72454
61399
86364
72005
12027
85587
6915
63177
14738
81022
52499
72397
45214
64629
81564
79695
41195
71096
40495
89755
14796
90026
10677
20381
83390
42
310
76478
4712
58607
80397
88244
47513
98233
45842
57759
68129
87222
37193
73610
84660
82939
41051
86907
47499
99285
73591
5412
44628
10904
72218
85782
85292
64251
24996
57248
26833
89960
81560
21021
81317
51105
33068
14285
94823
73195
59260
15547
1681
11965
43280
73558
23276
43454
64927
49027
26617
34638
82662
87317
26231
27897
54510
5530
383
10177
69091
71120
93388
3750
90518
99329
39802
81696
77968
31288
60634
62708
27392
5864
21504
16473
40989
97403
50522
50540
85793
88404
51773
5658
92738
60850
4835
22976
16475
89469
2190
38990
81691
99748
99329
6457
54893
921
38968
18409
82428
87785
32154
49259
69971
16950
90655
22805
79756
1919
36146
6921
32352
10620
1380
33119
78477
3171
55444
4336
83571
40070
33275
75141
66043
86789
77465
51029
38983
36437
92935
14928
24858
59620
89556
4797
29203
12476
91328
86902
8112
46861
15616
54082
66118
14684
28084
35943
69220
58535
7474
68618
56988
62156
16396
58657
19607
88087
43846
18895
37311
79946
69449
51083
45068
2260
10845
90919
11253
69580
42470
84417
73889
10019
19542
16268
11936
83698
43235
35601
61824
66063
47471
91646
68051
75266
77375
41565
44892
21184
4658
80493
35746
835
93567
23883
40446
35158
340
24135
56715
8377
99069
27279
93728
47182
80697
68058
60067
94535
49691
5244
94322
9816
23065
11597
65101
85394
43885
80813
245
90283
22798
18527
76387
76560
819
99680
36916
78839
61790
12911
18421
22819
49305
24115
17485
69216
90766
75886
63741
25266
41936
33305
31857
18991
68290
16703
9839
53317
50444
26056
75875
75117
75207
34866
46391
46556
6830
19788
76108
68476
82798
23355
48348
15462
22721
85348
53257
94993
93574
33346
55871
21665
80868
42049
67258
79501
20576
69751
95175
9790
64618
23109
76744
56152
51312
32133
22542
6525
5576
33718
75011
7589
88491
93435
35927
771
80980
38702
14021
38140
81531
77000
91830
38659
11251
77059
1134
13043
60264
38079
14399
95527
15474
95209
70512
7666
57955
67247
28192
66374
44968
35692
77008
56812
51711
10036
82673
88847
17388
51957
33923
16357
48397
40657
84302
5008
73724
8459
17665
66331
62198
73519
53417
18370
53061
69752
18869
69448
64240
63358
95436
38810
93523
87984
60189
15550
83529
80319
28819
17142
800
71018
90703
7530
57951
46313
30680
19622
26784
94218
47105
2610
34069
80625
2806
25399
38221
19893
66499
95045
84450
34972
93382
4744
98990
18250
78785
86601
9769
57192
97940
7041
63602
160
4926
73015
51705
95435
91111
86494
98297
17256
14056
44762
39313
45901
33941
65142
58369
8264
33066
74585
38403
53051
59527
44369
74642
3890
42848
59592
90254
69976
20022
75007
18143
12910
95051
73566
9002
82155
65407
69315
46405
67582
12285
29221
70848
64193
90234
84649
54761
74507
74914
84778
79812
58888
68130
37586
86432
89236
7624
36741
90965
83538
70039
74094
90337
82446
91808
41959
76629
64914
34562
50014
22669
45502
82925
93944
9738
62645
86911
31856
37361
96738
6448
83917
22520
44758
49906
48387
38349
42046
94402
28210
28171
98254
25809
72607
54443
87493
6987
91639
74500
60542
46721
23657
27399
92064
67261
44703
81889
57042
68755
10597
416
17561
61557
77082
4632
10804
16012
79884
32945
39268
29435
13530
48388
54972
2290
6033
52243
14884
50613
14054
87688
47907
1624
65240
78812
44419
28249
2824
75602
81813
73993
4179
55532
9916
67359
6742
83077
62128
87006
83040
59053
16183
46671
29664
24799
38810
16623
34647
65017
9174
7388
72000
92790
29066
16842
89725
73006
55375
87105
79664
84670
41107
9235
56727
93204
23085
46187
2414
94802
36111
18175
62860
62677
1876
92983
87205
71244
12582
34920
4688
56385
33054
22058
3785
90148
41065
14564
16681
37374
35472
771
96667
26430
81088
83483
65578
33305
49877
18588
64872
2594
94469
16143
42623
56708
55131
53574
14894
75871
93864
27170
62704
21742
42807
36303
25780
45965
23280
39942
15356
71879
30933
59374
34524
67480
94847
80566
6871
54364
99403
49634
10970
93343
22580
45293
48413
14618
92801
46485
68361
3759
94929
91761
20046
16000
2766
94027
60542
99192
56514
71425
32946
38663
5936
63307
90469
98469
47510
34661
50329
98898
15920
96374
60730
60528
75530
59926
53565
3382
21770
81603
91068
22788
28404
17318
55811
13051
88553
19992
26435
74392
34180
10533
70368
35194
38589
85391
26210
72261
86340
46022
70159
46276
66459
74210
83693
33443
20600
38589
70139
75200
13889
75339
87408
38237
35748
5174
59908
27070
19302
36542
27616
49992
41790
61192
72518
84768
4829
22725
68758
91861
83363
99729
28051
1424
54402
49115
33568
72109
35106
36979
89267
93106
98
7987
37148
65379
71267
45960
33184
3231
10691
58360
48794
66092
2709
38737
36707
83786
58605
13302
3764
42084
32323
72936
71341
37219
96436
83310
93582
4056
68428
91499
17946
59420
62848
82157
51654
62966
32124
46594
63745
91745
75728
77653
48177
81137
74571
10447
64103
10432
47794
46966
15904
16679
18896
73675
55707
99669
7438
81249
791
29592
64731
2440
90991
97077
72716
64187
18248
24320
28060
19621
9067
2242
89401
63715
98138
55198
88896
96750
63250
93456
38596
64194
38706
48609
90789
17972
50353
22314
9437
52168
9576
47598
20563
23026
50968
44437
53336
48300
58500
47628
71270
21732
63347
23514
54922
34702
22682
69708
56498
36382
46941
66380
49231
69962
64471
54669
66575
85969
63618
25024
57061
92896
8436
59730
67929
24933
9391
43751
46775
78071
72691
94641
10260
67757
8752
48170
9912
30636
62360
86091
58033
72363
83504
47472
99196
96688
27122
39552
83684
16438
5185
15483
83974
28320
18902
49138
40794
7583
70359
94659
97891
17323
40337
94386
20432
52153
9513
99712
52549
71650
42031
23588
27673
91054
84626
89375
8533
46583
25899
92343
29820
82871
85345
532
31675
81426
63910
97304
98398
92156
15587
66792
61050
72368
49034
5668
95523
50832
30803
34650
29004
76740
55812
18153
77814
90289
34564
86729
54635
21892
27083
10945
69776
34459
76670
33137
19502
47510
44625
93122
85128
35832
84572
35230
67746
40131
34393
63541
32519
62963
98499
74991
64467
34146
36793
31617
36007
26202
25425
36509
6904
85080
58247
21201
44930
71170
79394
8377
84135
45429
53080
56115
71593
90507
84805
70248
19954
99175
41376
55653
20061
6124
93750
51083
51879
82577
9948
64072
51774
21458
79816
92264
10397
20054
30491
95235
14510
95037
88985
74280
96266
37762
40310
94824
66025
80199
26173
40777
76601
45918
42318
28626
93914
41574
70958
49041
59889
21792
9539
82343
93163
24872
5963
18436
95186
22768
98034
29851
82069
40890
47396
37920
80640
84372
44471
25676
98803
83490
50302
67217
75781
73730
36326
5241
38108
79960
81873
60612
66521
4739
6494
93452
91808
45852
77224
8900
53328
25579
18023
13698
23957
62185
39714
2945
72336
88759
35434
64856
47564
35929
79670
19803
5447
11745
70664
43749
10834
1873
93597
83849
67754
9943
18626
16690
24475
31234
94830
26896
78214
64720
71659
50344
74451
72812
91913
24469
89016
29607
1104
83715
87542
7656
22742
39069
53673
57170
14960
39547
551
95801
15487
59033
29155
98107
83863
33940
45014
70026
55244
76713
52323
16926
67505
96168
12584
30075
26354
96516
68346
89305
79083
30628
2032
30034
69427
84955
85771
11670
15111
27936
44967
71227
93532
25449
16103
99380
45748
18702
10581
93885
83049
58573
39053
24765
69624
15259
10251
21773
5187
94049
957
70885
82684
7423
77086
22854
39052
97835
97104
21431
68392
7464
79317
61899
36840
27927
51170
66152
73489
74747
77693
90010
2645
88623
36813
6911
44940
44568
12624
67764
80497
83871
51717
94090
5367
74031
58231
51634
83316
51591
59767
13725
53497
37825
27254
65420
56309
20756
86880
23911
8691
34444
99138
56237
16603
45001
63594
51400
83016
82363
46406
57636
35993
49528
93532
34293
43867
42103
91857
57332
37145
78813
63704
70903
44313
10518
13815
43030
3232
4392
92566
19840
47155
62920
19912
8542
8053
74524
2918
87407
86263
39418
63417
69152
79278
76246
21793
27678
78524
84333
92936
38076
26966
13515
36661
83737
20897
40898
18502
91944
42668
29861
35465
14989
7511
92712
43125
54622
92723
57143
69066
17422
11784
91526
77872
53795
38403
94640
83045
70000
56119
76705
2872
60872
57106
80630
6821
52918
6494
48462
33082
82034
49757
21744
16085
54731
20049
5026
16979
15728
76579
37042
23280
58264
61124
23781
79219
60979
23182
85048
45194
43077
50540
47897
34647
49054
3932
68539
49829
23564
94677
86127
79623
29869
93915
97004
53750
11750
66214
74533
42476
94047
93334
93262
38288
38976
12618
57396
18726
50969
22172
57355
62904
76013
55484
71778
26029
54651
82496
82689
90105
23761
33618
90639
50984
9211
98599
72688
83879
81185
30307
72489
50602
33359
19836
86429
14806
73367
93113
37354
40963
49615
52044
64642
99310
42150
81038
15582
18539
86978
13542
79902
5260
37089
96935
53347
25673
62093
76147
30326
8074
85145
14274
24136
2093
78450
89922
22232
96242
45499
40560
3310
87622
27285
19746
60857
82119
29882
27910
93083
14094
4311
71918
39284
84769
66694
42259
66012
7970
67818
86887
1854
81820
1221
32337
40383
42284
48338
38505
47286
85258
62269
22948
84097
97227
2693
76096
22411
42829
5282
78939
90737
22477
65773
23578
81712
79974
47519
63916
97060
35883
31749
33501
54026
55313
43652
91790
24782
94436
78971
67364
59987
21597
14340
36395
40436
49034
91194
75217
45011
465
33478
83223
44085
34131
87543
32448
89302
97487
74722
42529
9889
51729
43808
69336
11799
35583
9072
15492
99062
30142
45474
69307
49070
25839
93216
77597
21142
63375
64181
53898
49265
16537
83083
47088
86128
99360
63369
45603
45933
20995
34808
38008
2281
44216
8091
21426
46200
70591
27135
13583
11450
27689
75032
51362
71163
15136
13757
63829
35182
37723
63566
3203
32220
66527
49740
86276
62822
10989
92331
91596
58424
43160
54874
80227
94089
92448
89872
3793
22134
72565
96871
26105
45856
51876
79782
15543
23528
65580
25743
32830
76068
82971
14846
96389
46788
70840
67729
84093
33277
88953
17902
99189
72875
2443
11754
98642
14811
58149
72663
39750
33897
12330
69342
58225
86933
40614
67225
4696
18762
76967
74169
51000
25035
35678
98888
49486
85510
95201
97124
26953
30866
82794
46348
72446
40163
48328
71326
24753
31079
38373
9642
40122
2492
31260
49539
54344
29261
45193
10561
16771
97227
32673
24474
72493
68513
79693
5668
34521
66669
45296
76849
29300
43035
48812
49761
52188
39718
91552
12957
11725
64334
66919
17886
59964
56181
9363
79878
34770
28267
79799
9868
62745
83832
20201
3229
95365
6318
99957
37127
98341
70583
66202
64086
45192
16998
57342
95958
12814
92871
74349
55561
12674
94256
29888
8435
91102
98137
93077
9532
70595
73283
86361
81187
16832
83925
69151
46387
76877
88700
51608
80895
30788
65079
13122
76134
98405
32789
63552
24425
69950
62054
37453
3396
231
1451
46807
45507
80461
64769
80441
29712
95633
56516
79368
12234
28653
84743
69846
75457
23284
88545
56315
10008
82833
73228
79794
27460
32879
59159
87536
70370
78866
22534
98253
98208
429
32649
32658
78817
10896
45010
72290
88121
8116
82102
6104
92530
89838
27533
58117
68641
6808
347
45897
75808
13256
25696
89816
95761
11549
58730
78655
53533
44257
30263
90060
71284
16592
38145
46398
19934
22915
98527
54286
86459
85593
56183
78117
95734
94514
72058
30613
76046
58574
85605
59075
53027
11241
88234
9406
12531
5454
32617
49135
21620
35282
62932
65833
6806
47273
53381
99840
59601
44960
24116
87221
86624
52429
6761
50603
48310
15059
98486
26284
82050
79414
69401
15923
17916
22845
63636
39489
44785
21249
17700
58517
21826
83485
11502
12141
69942
97021
47014
44445
22651
8312
77079
79497
33802
22550
33159
65186
79265
15631
14762
77249
16615
60911
94094
12279
39556
91023
8282
96270
20818
26292
71949
59406
16348
49468
31187
98403
80536
53119
80125
86390
76129
25569
82845
35400
25421
19159
16437
38185
26295
7929
7455
21712
29049
11709
92607
9882
65289
78734
75332
80677
38077
75241
73129
96303
81925
23748
13279
39574
52202
66535
23409
59550
90707
5318
9593
35196
83378
6718
10342
80925
99721
15793
5014
60795
57050
5648
18697
96775
32041
83740
865
72893
88028
84843
10095
48130
19929
4282
67630
60765
13047
76094
27036
12751
20586
83726
9614
65775
95078
88340
12496
23321
54133
88333
69693
5731
31949
5424
22395
28354
46126
53214
93289
52490
15952
4207
6275
58315
20955
62848
6619
67203
40319
57063
89164
63277
31950
53534
52025
29531
44724
14990
44425
60556
23627
62553
93915
21779
34402
57817
80065
91017
21226
73367
54814
42208
74361
71060
32819
99140
6472
15571
86509
15968
38818
31203
57166
7472
84470
60265
27284
42656
77209
83359
99401
74188
2801
88279
9371
6590
94026
42352
65481
4648
82228
217
50284
83507
39043
60432
56737
96491
29562
74032
11384
9685
96422
26538
62078
24765
70014
88191
43681
36989
16563
90326
1883
30872
83057
40350
27407
9930
91761
47034
56517
69359
76817
97488
69153
90277
15210
36875
30004
9538
4686
46225
65983
69687
13489
30075
40769
73569
12803
80047
45261
78392
33141
70223
29755
10749
60860
40952
71714
51889
19297
65850
70673
21974
63387
94041
13584
30438
96505
57314
59474
77480
3384
10270
47793
1280
26118
77780
20670
33454
83279
62570
97562
34825
40422
50157
88345
15443
51886
81813
80962
39668
32877
21817
12494
65222
98468
34377
16617
73436
63473
13299
70916
38988
98021
48438
89860
66624
75907
95646
23842
28106
89244
81557
41766
50720
52353
87266
48182
7877
13645
6004
19860
99264
44540
78959
87836
73999
91584
85387
28476
18649
7489
22004
11011
17831
28517
80659
82544
65933
23816
90745
86065
36159
96860
91922
52840
64678
12826
71703
83813
25330
82296
83785
95364
14319
35107
24247
35
78622
14861
50430
52288
47304
44672
5636
87140
19643
30873
80492
81950
46936
15185
82804
17888
33877
21985
87721
31584
46733
5401
13864
13604
89242
45109
42349
46085
22821
27608
32730
87100
86584
75848
6816
73787
63702
88268
96082
38364
76859
68521
30850
77724
4433
95649
82928
48242
71224
76423
93979
59719
79695
34018
96398
19061
34348
39988
57420
54605
77685
95834
33992
5328
40942
36351
7655
35395
46023
51988
39508
34490
14909
38961
98981
457
40674
59205
83903
95361
66696
34118
77410
23056
61564
44960
67702
46706
4064
7133
26103
37600
35057
4194
47695
38861
8531
42305
42085
1344
29624
72738
95770
53655
68960
17875
67360
2100
24026
20819
20228
81733
49271
60246
81807
9182
24482
94257
8603
82171
44888
16476
47016
53409
85451
45582
89677
79229
95441
13272
98959
54488
77734
53573
81176
73640
51545
45803
44109
62055
62906
61214
13407
36176
57040
92932
41172
33748
71790
53760
99073
64289
37174
90929
75937
12519
82747
76988
76716
90421
91435
49141
40559
75957
75681
57471
29009
83643
42164
26861
13223
70521
1860
88071
99153
24887
7020
87461
40220
60409
11475
53296
47561
78492
77470
39174
25775
14176
54805
79892
70104
26006
4503
40333
78608
99793
76903
4018
35626
98674
44530
16035
4616
17555
42371
61563
79486
50083
6212
97306
61717
85874
84758
8453
7085
91440
7746
67686
58080
1853
93057
13777
88929
66389
89200
63281
73714
90914
46750
56243
19282
92921
65646
81519
43542
48105
47703
72395
54396
35037
22155
8977
95917
30059
46080
67735
71354
44311
21249
87119
68088
50003
55769
84328
30516
49758
17049
83437
58820
76527
72900
79366
56979
28357
87453
91288
1120
51036
23915
50915
67195
84399
235
21432
11851
51119
65382
94086
5272
56905
6521
21339
43850
67255
34142
15470
97775
58107
27376
8774
28238
77235
88039
58024
25689
53323
13699
20211
19403
24963
99664
63393
17424
70477
51
74490
70735
63713
64301
89102
20367
53790
15324
49775
72571
90447
92013
60416
39381
68519
82111
31461
69058
41568
80176
7965
30542
39724
9973
72064
32794
65401
50656
61437
78324
83156
99761
86065
14031
20855
46712
11777
66502
6491
12985
90863
11099
96539
44911
14624
1757
60299
48302
84838
6165
20316
73840
75212
96093
81486
7339
88749
68201
44317
17383
29515
70436
60632
48638
6607
22490
51531
73849
67435
28630
5567
23908
73826
28726
63039
59650
96949
72082
94850
98915
97320
83953
27881
63935
87698
29744
58718
98512
99621
12649
53460
84685
1591
95521
85659
39619
52505
21456
76458
61260
76905
24116
672
4398
91671
1170
99002
36901
78856
21575
43061
19780
77890
64442
60303
65871
11774
66674
30108
82335
73824
77891
91499
57372
15970
95037
84423
41714
43487
18442
45891
60656
57406
49101
27496
1219
61347
15518
82325
34370
16805
95867
58104
83727
3949
69140
6256
69107
41105
30802
39378
26577
7977
3613
53585
76086
24481
93106
15465
33634
3456
64244
15306
54078
89091
38477
21831
80614
13143
17622
30614
97175
80085
74855
77368
79839
69111
7888
20325
55974
72293
18234
64637
76306
53294
66765
28742
53988
39463
96187
49407
15068
23730
65607
58339
73348
3446
36321
65624
83789
72895
27994
15111
76748
50321
66065
79242
78978
93858
89712
36129
24576
91691
17297
54419
32115
49698
89402
84049
88277
17408
66443
10522
28769
96431
75028
35451
589
17504
66227
32503
92906
88098
93974
64376
30088
32717
57830
26509
97068
44739
12225
79460
87967
96931
85481
12558
5260
78953
52853
13545
31604
64973
62140
65848
16727
29836
63130
28330
47191
67128
18747
58649
74637
81767
77297
61273
43511
98564
20607
9897
54786
89800
10818
96419
18703
93693
42102
8617
15878
87926
2040
85891
38631
67976
424
83060
22576
58313
70356
69124
83998
14735
27668
22145
2940
399
34740
66480
22496
32809
40622
81253
77081
99472
40459
65335
73404
33644
98386
84812
3432
7350
95198
70104
63426
24857
47228
58353
56034
7571
93690
42754
88985
23207
12051
78968
72463
73815
90422
63959
12981
72412
20555
99994
17918
52648
69575
91120
62619
70513
39530
62384
52231
92718
85491
15404
68155
64152
34608
87754
15917
17804
54891
42116
97879
16835
14479
25806
44504
30996
2008
22488
55938
72958
91856
56738
83017
76127
93373
94025
28423
76009
32415
77109
61089
36082
86468
70336
77525
99228
29799
52438
68834
78018
72174
85823
11241
56912
78239
74923
24804
17049
76429
34912
79933
71503
58481
54895
66770
56511
41489
60614
42788
81953
27307
23413
67891
75337
76916
87524
18973
52739
93299
63934
60039
11955
71119
62245
91155
88317
31953
42783
11680
98933
1433
57785
56226
49491
70412
16383
23148
27351
99590
2423
2283
79329
51871
11787
809
12366
19627
19508
91392
62414
52094
17004
51721
68819
87225
75315
17378
34090
41278
3022
28853
87419
63301
68057
23519
22005
41920
84315
26415
45622
62693
71364
90850
45887
49956
81403
76873
28364
18750
31362
34336
29844
22341
71555
13941
1491
78552
27880
2684
72175
5909
52583
64359
87053
82912
66516
91236
11586
62856
14330
10049
6273
85037
10456
58111
81010
10374
8602
12621
44077
41546
51836
56818
27128
47540
67577
72628
81042
32812
86358
52490
37444
12569
28013
57025
39323
32771
99726
31878
25589
70358
85572
5237
26445
85288
32135
7042
11384
43122
16909
50313
16441
87442
28432
25617
44101
26283
94998
94807
33294
56044
70203
60046
70832
93831
19318
51769
28250
50009
90257
3681
12949
97105
65858
26591
25529
13940
94296
511
60114
8725
53043
80019
86638
12994
23311
1948
27423
38121
64846
10680
94418
93457
91654
68891
71189
70021
12700
94825
71566
61306
57806
96027
34784
93503
81721
65670
86852
51212
40823
90712
88454
82125
73933
76775
606
52312
81830
50953
60767
60952
59197
67240
30934
34375
68425
57
38834
92851
97634
1294
55785
90008
41184
67407
38972
85084
69125
72331
71487
22061
75931
64809
28840
62845
55642
76229
33487
69577
52784
45306
45244
82344
16190
66390
58767
65826
16520
45386
29348
56235
15039
9086
99944
60349
49464
4249
1072
56738
63185
2290
8483
27138
17880
1396
65543
82065
56435
69755
55963
17456
22446
3109
89864
64091
44677
27782
11835
57693
38729
45797
10386
34330
17023
23592
75688
60723
86808
94207
85020
99553
63354
35194
38513
15929
74688
45722
9466
11667
46080
68556
82786
89072
77275
70503
10657
47333
4695
39545
77477
65721
36645
94224
95441
28047
13103
52115
13187
57264
30800
31942
75554
31510
18225
90902
77329
300
52377
97714
46056
76547
77443
14784
58464
95993
42389
14587
44020
83422
97688
50653
2654
62063
70794
71714
13806
64491
39692
41265
33993
13723
10290
68721
31727
9208
86772
35353
88401
37657
27949
48348
2470
53576
3753
77604
84608
63707
29473
24416
31266
92068
44825
70117
1118
68269
56588
82211
10535
40537
79352
4986
99473
52234
79892
11118
28336
14514
72617
16589
88159
93895
6409
31046
5697
76348
27309
36816
79688
30248
12907
62331
47463
74716
83377
78233
22513
76882
85300
31899
46478
77382
72067
4483
18154
35303
82827
31638
34632
39713
10669
91025
99094
29105
56553
24350
54058
87264
92101
22136
87449
58218
18093
36752
8519
38985
41384
71296
76890
27391
66293
15177
36089
95148
18792
1953
14168
13763
60202
61115
83903
51596
8854
12831
72160
14941
97711
45654
1774
75549
86413
71412
72426
246
73434
46511
68472
20638
2995
64087
71721
84042
63467
48873
85368
57344
76755
86569
90086
53329
48408
57094
14832
28060
13802
20470
89951
96689
71913
48815
88667
95249
65285
56316
63311
89480
66607
33451
46942
2133
90825
90018
68530
42910
56206
85443
96172
1274
86453
80241
58253
36441
22262
53156
21174
89096
50818
45400
59479
6354
56355
83115
32062
41518
64828
73993
59793
82856
44186
31778
42677
48591
62830
75964
14637
91886
75799
61919
87882
62073
89570
14356
38409
47489
62617
42419
46445
13368
63436
65275
5264
22102
9316
97120
49621
75202
59206
97665
35241
73204
26272
69777
48846
7504
50455
54105
47063
49083
84221
97081
58345
67651
10882
49689
69073
61723
98168
52899
64231
99881
16775
92285
92257
6052
76827
87659
47589
56461
48186
58693
7144
32620
47559
25666
96115
23361
75782
10358
87942
61629
40761
12255
56017
89610
32465
50217
51149
39205
62351
26245
93640
32706
10996
95506
29673
93289
73980
33098
10581
7967
42136
61832
50412
42199
6221
13068
65128
34690
57144
1014
40057
87031
28471
39276
3970
92208
14298
67798
55399
57281
56546
75273
647
5461
51911
52691
16242
37659
46267
37720
87193
9950
63774
43386
56891
97959
17546
76404
43054
78254
65371
3800
23318
81729
3195
36635
97363
46399
24843
30069
21416
98851
47690
8111
12226
27234
2338
29868
28007
31230
38449
35340
73235
34088
78949
34064
11357
12334
68107
42284
90160
28145
1972
20376
54447
30902
67205
40952
93840
56402
13498
40365
39594
81567
61533
19961
30876
19555
91184
20744
14256
55685
90561
73471
35440
81693
60878
64409
19079
85691
90783
30544
709
30553
81092
27502
84714
54385
62124
82361
99886
78610
6666
9943
2225
89238
43731
8259
87068
92572
23959
40718
67441
66904
35790
27904
78775
6328
66604
31269
86105
67786
55380
57787
22349
80633
5366
17581
52718
98701
51298
50317
49601
10288
18105
83979
418
95591
798
54904
80842
88009
84881
96575
50238
68512
23830
40205
31760
58281
18289
52877
62492
42075
27860
2854
93162
23021
1373
6446
23117
5231
47143
62977
33165
70462
73322
3921
44612
40966
7626
10210
43089
77759
25315
34538
53892
43317
68285
69885
99042
60149
49427
49639
12886
87154
37055
51295
32973
66402
94710
69893
86951
24136
5212
54655
49317
31900
29756
33155
38592
63683
442
80330
23711
34874
11836
6677
79816
83796
27264
59335
62528
99662
76790
63327
52099
69004
40137
32349
12741
33751
49553
69533
83276
47775
22943
20215
24117
94718
63497
92245
20860
52833
77659
58747
17191
27825
33962
18021
56262
41496
74659
41790
87988
64311
37606
98852
69117
76585
77255
89664
42381
56518
58127
5921
68029
96169
99956
71494
5808
44944
7165
60958
58061
95099
28447
55124
41671
75386
64014
99050
19541
77221
34705
54525
6334
10720
7733
60742
15852
79444
81262
45122
68397
32625
79768
35753
62133
75801
82711
48379
80754
16698
54743
13011
53878
17402
40934
28922
92853
64951
20582
30231
27316
48404
58634
51850
79253
16821
67601
98191
70125
48687
69271
97686
66024
83869
30326
45353
64508
38709
18680
67530
45470
99526
3641
37270
24654
99537
96217
26774
46496
59645
1805
60015
26665
86723
85156
25007
46354
76082
11153
33053
48275
55403
95825
23425
33661
8332
32959
65675
52680
11425
86765
10055
38867
8522
46913
51982
23884
88126
89340
28721
22572
9346
10539
96916
87502
1554
77534
48811
36316
85267
50952
6569
22705
38892
13764
80010
94281
50543
37842
66600
45841
93739
53550
41398
87372
23841
52492
17132
57419
91385
6586
12705
90034
37746
97534
9653
27712
68300
60819
95464
98689
63080
78954
72951
84992
93112
25725
33664
68839
38486
33572
12756
24105
43790
43394
76536
20334
27779
95436
71538
77990
9650
51029
31982
57333
89541
57729
72377
45799
52481
1379
13466
62009
36166
56995
73080
99620
24676
73458
47878
96229
66974
65566
36530
48472
99763
53146
29671
1648
88
26830
82400
5264
90920
93770
53247
67900
16897
41304
60651
34583
35849
68513
67694
24527
91109
52952
67533
24768
72099
49612
57576
88927
28436
8331
83591
855
33692
99470
72167
95751
56693
31869
66459
10442
63304
60173
77348
62762
49681
44111
78601
99322
27067
74651
4918
38714
7316
38260
47437
94428
7547
99305
25256
91637
5058
16562
91467
34805
78621
13375
5171
165
60951
23919
76062
1000
53069
91638
94794
57463
45190
31669
79543
38540
43158
94419
80871
29155
41301
37573
98554
18169
54396
96851
14324
15113
50248
77751
13823
55130
24085
84186
77134
58158
69249
39081
8506
10859
21255
21006
43959
74034
68444
1333
10574
96183
61290
89406
16918
21867
74567
5290
90528
89547
92473
95527
54511
20278
19475
3547
9614
54618
62561
92661
49994
12857
81873
525
95246
50000
98141
64893
71014
69131
55091
10561
77676
10318
65452
409
24911
11483
75227
61774
81038
71651
20513
80073
36089
60082
14420
68859
97764
44359
87862
57223
87454
47765
87048
81877
473
43418
27171
53441
68737
26190
73653
94747
94712
87730
59800
34721
81350
67175
47813
12465
26510
1057
58731
60907
79008
2442
64522
30662
9822
9584
12786
10578
92558
46268
49760
81200
93155
62034
45004
7143
50978
94065
53660
20859
69471
44247
79225
36864
7187
302
36610
95821
82170
75643
62243
41051
36885
35785
35068
98214
2592
12310
94576
10594
67415
43417
65212
30967
22193
63921
97994
24330
79816
23244
5110
28854
62675
38109
5936
73967
69619
92315
2452
97952
43039
52906
16687
14854
88608
33232
88300
73073
50951
9357
28110
60375
33947
21245
98853
50248
39405
36028
41894
52237
99227
48752
84460
22946
86758
10608
23978
35643
87098
24129
57420
74984
70978
88443
85421
473
29405
33557
86976
94779
80146
87831
3763
69680
5464
76080
38261
88027
51366
8844
6404
18470
64879
50578
79502
59829
29676
33378
94900
69522
12833
3827
64947
42832
71048
66548
69057
58911
55615
77705
45156
52879
99542
41831
53067
20882
78054
2677
15996
84998
6626
34815
28060
64606
39979
10405
32486
30758
40677
75976
37210
86113
20073
65854
73276
79253
40334
73055
54741
6066
64636
4199
79742
3803
10132
36382
18494
13592
69957
53400
48377
20561
13535
13833
67717
35529
19239
79638
59678
55397
76119
84300
65932
50479
97984
97785
38381
95638
90613
77855
7425
4974
1295
89281
2432
100
25265
53528
26725
81150
82548
56326
1347
65722
55172
65677
80525
4853
17960
22125
18161
28162
30317
165
31255
55901
30422
45625
66052
92070
31017
96035
83074
22687
75414
61260
3830
26904
16959
39924
5834
74252
96115
76351
68474
12466
59526
12822
30246
50588
69273
84095
58865
1149
79755
76245
66093
50195
60310
48273
639
91866
59723
5460
65063
14829
31885
61391
2071
84704
90670
58900
82538
559
56646
70308
65245
24316
40626
68849
37687
49300
39402
18494
79210
3148
74284
84415
20151
35682
35898
57872
11519
26385
53445
82696
43483
92097
66405
41821
22616
28255
3364
18837
73692
86119
40880
21257
36153
23211
28643
9125
70520
70487
78750
44213
71791
34283
72426
73325
89166
6322
90719
72033
40479
86072
31537
64700
39092
55407
93256
17427
51774
75875
3325
1647
33845
32001
73349
17187
10361
5139
72300
68704
93175
71121
11857
83972
43028
21925
74182
23548
99434
