-47655
41783
1721
-74110
-40792
57060
21021
1836
53404
19559
-50796
13526
-84816
-56315
65293
64640
16703
12718
-74548
-21711
-46197
-35323
28832
85688
-98750
-70741
43510
-41446
-89638
5421
-57306
48923
-64658
-69854
-26490
-80891
69132
-81496
-19378
63720
-92819
-80520
42631
-42992
93883
-91608
-79188
80952
-24609
61606
18805
89596
2374
-26153
39749
98868
46524
-27903
82980
83698
-13566
5988
-94548
-88733
9316
41267
74738
36264
83473
-91158
-74160
-16421
22391
76789
50728
-77145
18215
79670
41732
-86362
-40526
-40969
-83248
4127
-28862
39474
-32514
98470
31882
-33972
-12817
-53311
-85877
68712
-82494
-78858
55361
-11050
89155
-82777
-92087
-56409
96745
-32668
85003
-34006
-97642
-96460
-58399
-3891
17380
34084
88751
28466
-16073
98550
86492
-43157
-37727
64212
-15535
26812
-30805
-30442
-30107
-98579
94419
-12728
85802
-25214
-34019
95430
-2047
46747
-39997
48723
-85871
-37812
-76391
-60587
75147
-59039
-43757
20951
-15469
31031
70151
-72973
-22217
78609
-92137
33378
-71113
-7224
52731
-26460
36633
63984
60650
-71987
-26814
-75397
-5464
99842
39756
18988
-6629
39853
6232
65781
-46244
78681
22111
3694
63832
78713
81687
-17298
39623
37378
48897
-65540
-7193
91035
23527
-96606
-25821
7733
29407
79834
-50072
302
57677
-30731
-39146
33686
-72405
45307
87247
-51093
91663
23832
-35886
-37497
-90558
3485
-19997
98449
-86017
-66758
-44520
-11
-23368
8225
39362
37279
-88941
86732
3920
-93930
30207
-51764
76505
65008
-69890
83436
60593
78798
37632
17763
43942
4621
81078
83177
-6945
-49819
88747
90796
-21583
15377
-40487
-36685
30813
84593
-80745
80897
36724
-17607
98948
14304
13900
43982
95400
-4201
-35721
93687
84204
-3631
-14001
51942
84240
64818
-39161
48727
-50883
86785
-24899
56969
21143
68252
46049
-25244
91992
-62320
-51082
3592
76961
2929
-65736
59511
-16237
-54569
-28592
17004
34718
-62028
-68835
60747
84827
37953
29042
-92490
-35012
82611
62867
84906
-86756
-58229
-48405
57732
-13775
84307
-1985
98890
30805
49056
83805
26811
45859
-75935
-12135
-37155
-26712
-75812
-45753
39969
28635
81957
94377
-74123
-77468
52197
-68558
35603
-51568
64868
-78409
74974
-52186
73773
86259
-45766
-97793
-91701
-82496
-54398
-3963
-21086
-7984
-69100
41428
-83164
84295
-31169
99805
33717
-51458
55408
86573
-17775
-88531
88876
-57274
35543
-66692
-43579
-84397
58980
-37078
66272
-90814
21675
-95695
-52179
-85485
-20345
-20150
-90867
36473
-76887
-37221
-84852
92320
52907
36438
-5401
-4376
20084
27308
-62838
-10416
-64134
87501
-33606
25973
-2763
-59008
45806
50187
-52216
89833
91768
77873
82893
92707
-56898
-88440
27526
97018
28804
-61859
-44723
83116
6552
-58631
-59661
-66463
-20931
84528
-73616
-25039
-51079
-71167
19624
59294
-64669
47924
-14
-64216
95032
-18986
92761
-28630
86875
-29254
3374
31653
89069
74150
-2159
-79779
-45950
-75432
13537
35535
93213
37855
-47975
-32030
-23359
-59542
88313
46659
10834
49234
-27555
59643
1888
26246
47750
37459
-70382
80359
-6547
25088
13287
-43213
-70929
-11145
-72698
6773
82871
51181
-61921
1654
67821
28595
11024
92934
34486
-54518
-60846
-97119
-69059
-34656
-92019
28077
-88058
46366
52834
83249
78980
88234
-98126
-41381
-34739
79116
4430
96586
83421
74309
95970
-6839
48470
53966
-6307
-84643
84493
-55056
-60782
-70587
98227
-50499
38784
-21646
48609
92707
7891
-77480
15030
-58197
-26073
43924
-27009
-86391
95935
38036
-5358
53799
-42436
-10072
48908
33310
19102
-32675
-97157
-68312
-92213
-14246
42936
-36458
57277
3163
67765
-11903
-58856
50261
56013
-74056
-89537
-35545
18421
12034
-24796
6121
-84361
4872
-44156
69608
66298
23377
-75770
-20115
-77264
-92401
-57543
46479
-18903
-26302
-56099
-14818
-47163
-87450
-7787
-87464
25530
19644
-25217
-27143
-50100
-72531
-82945
-68076
57457
60518
-71320
-24866
-84437
42423
-83327
64355
-67434
-72605
-41062
48002
-1520
34171
-73275
68126
-10204
-16391
-30399
-94069
41694
-21585
96324
17338
79419
-97718
42861
31501
87832
30834
25961
55418
-40058
-76303
-48091
71268
-91202
89241
-37028
-3244
31990
-61314
49122
-81424
47806
-96070
55114
88117
48740
-94830
62099
-9931
19885
62770
-88129
11851
36385
-962
78362
81051
59920
-44816
-49840
-83177
95323
99928
2722
-23239
-95410
-49295
-92692
-90947
39418
91908
-97411
-47888
86710
-58861
20259
78448
63918
49283
54078
32831
72139
-62732
28813
67890
-26793
8127
65230
-60542
97245
57183
-78013
73496
-84070
-84455
80191
64520
-9389
-87174
-68905
-11088
17487
75745
84304
98304
-31109
40515
68570
5875
-96820
-12109
-73294
37392
-6800
67615
-24729
-52183
-87276
15015
45154
-22850
76442
-45998
-43607
-92964
45665
60481
-69198
-2968
53773
-55711
-65238
-24273
-99827
85304
40325
-77341
-18796
69355
34757
73482
31517
-58143
-56232
49680
-70226
-32691
-57024
-6446
-76693
50145
-99073
-94208
-55925
43440
9183
-51910
36571
-29437
-58768
537
8561
-90710
65193
-38679
-63779
52990
31140
-69947
-26224
65234
-78610
-82318
-28031
-54077
34587
45324
-27367
87498
-28471
-82140
-79827
71104
58710
94157
1386
-57027
16686
57844
7307
-97568
-25784
23748
-49530
78201
-31858
25650
-65108
26072
17677
99127
63012
35522
-43759
71225
62101
4944
-71498
-12494
-37172
-9156
-75427
-67358
-98712
-22424
57134
-43125
64042
90563
2109
52422
-31365
83893
776
-50845
-67857
30447
-70502
-28912
66393
64223
55854
8232
21602
49458
36026
17132
33518
79715
-36477
-33885
92920
61942
-84897
-79044
-42356
77733
-65169
-96289
20999
-52046
-26566
12025
31814
-24668
28947
-25541
-23122
-78715
5519
-84831
-63458
-96757
-22661
-41720
39891
80472
-41526
-30192
-58129
17001
84134
92682
-66188
54986
84334
-80390
-7277
-9682
-97213
45225
73181
-24722
-44884
-84596
-30877
-24954
49001
3349
-35412
-43932
-56912
65593
77084
90837
-22819
-80211
-31054
-15267
96541
-31718
60213
-31065
-41390
-80121
-1551
-26521
-60145
11569
-16939
-10773
-63143
-10396
-60042
24131
-20836
-65077
6071
-32689
-30677
-74350
32707
-50789
-93456
-6598
-44903
-31534
75152
-51787
-57221
62665
97199
14450
-63128
17977
89934
818
-2051
77604
91395
-40628
-71530
-98129
-84856
6587
65279
-21505
78156
59629
72333
-98839
-61678
-52643
96966
48445
64434
-91728
48626
-41290
-53067
-1249
-48729
89610
84348
-52148
92267
-72703
-23141
31913
84317
-56194
-45172
75589
-11713
68352
39034
-73477
-64106
48191
-15801
-90723
29210
52617
28484
-97580
-376
79752
70923
82584
24211
90999
2807
11464
-46354
-92449
59223
29472
6806
20150
-11963
-67576
-61602
43440
27498
-73408
74654
76897
22248
-41842
-15097
-54873
-15662
-62635
-99744
13990
46009
-82844
-70726
14500
8007
-92399
-46480
-28782
94619
40570
14683
78944
19846
-90410
-64529
4908
-63274
92689
-23498
-76640
-57617
-34713
86538
-40489
88814
-55644
78617
-29315
-16408
97157
1897
88729
-5291
-33713
-89443
-10010
-64935
70416
63541
-98352
-41738
8297
-50022
53429
92532
-84136
-92312
26801
-83620
77292
-92907
-27109
47447
570
62688
-7111
20096
30803
-68918
-88776
70925
6325
71964
-30535
-50813
15718
19771
61510
-7112
29170
24144
17666
63838
98692
-81212
35271
-22633
-32267
-81690
-10785
-87989
-13116
-58984
-13568
-33484
-31035
12490
-35355
-32803
-31015
23479
78233
-26407
-87152
70433
-72156
47496
-67426
-3093
96557
42620
-60839
79233
32434
40305
74405
-53559
19197
-17029
74645
36859
-43947
96247
-49215
61921
10877
93860
-98202
-62463
61047
-59132
31911
26169
12336
15022
-30504
73470
-27848
-68573
-4208
47124
27219
-64485
92553
2807
14251
-64496
39294
-64501
65198
-79080
66935
-76697
-44633
38706
6780
75427
97658
-90967
68597
-65103
66836
-91822
30769
38462
67714
-57294
-62681
-36556
-36915
60825
-70414
-56271
-64282
25145
64255
-14317
71317
-16139
-78508
-32964
-36355
97512
83690
-46165
84617
-66767
-80815
-76293
8675
-59721
82470
98460
-94815
55040
37384
71361
-53785
-91434
-8793
-76582
-68663
-71506
-35098
77414
24979
70955
-5940
51549
18121
-54471
-37571
-63940
-52161
16265
75698
50261
16276
-53260
54037
93064
-70598
68562
-11336
51358
-89328
80768
28272
-92049
-45272
-20155
-58374
64665
-7677
-34232
-17453
-24067
40577
4460
53379
-71659
38482
88652
7066
90775
81901
34919
73288
-59986
60777
4389
-79669
-46299
-87123
-35797
98337
82575
69497
-80679
-57879
89090
-4843
-81171
74
95735
80583
63138
39651
-51974
-10866
-43731
-38485
6655
94600
-18029
41085
-12356
-31175
-64034
-68320
-88851
80030
29867
-91910
-47941
-86228
79907
27187
-34812
-40174
-93076
-35814
-20151
-54626
-20344
45486
51750
60951
-89313
88823
65424
73995
16071
-2883
443
-38441
72471
18511
61514
40376
-72852
86116
-64384
50184
-54583
42900
22251
91992
39797
40660
-47362
-18138
26843
32775
-56708
30872
-69908
75108
28725
-76835
95244
-21220
-86100
-64999
-47840
85109
56727
70747
-57538
42087
-1875
16270
39211
99349
56291
-77496
-51403
47104
92319
-24772
-95750
85299
-57307
59628
98431
-59830
-45409
-11906
-26496
27281
-97711
-42803
-74925
31804
71042
-17725
-85426
-49731
27764
-66916
88724
33671
-40679
10861
-97908
-50566
39147
22243
-73210
-7346
7799
-16989
68951
94703
-16448
76052
80465
38271
-32871
8594
11645
-44050
35450
19894
-12744
-72001
-43135
37705
-81726
80482
-59910
3230
33981
28825
96894
-28305
38408
-15667
59213
54524
-61475
-31713
-20987
-76588
28044
-68664
-44923
-46439
-43311
-2548
-69094
83298
55130
-19381
-33546
23720
-60763
-92165
69405
-52952
-6107
-11438
93640
17434
62936
87084
-51595
-15034
-93340
31069
-41276
71836
-87616
-31475
-44793
6033
49386
98287
32558
-91979
-86810
-35268
20562
68157
62212
15459
-9990
-10866
69828
15048
72449
31674
-13150
76139
85525
39988
21683
-37141
-65043
20807
60970
-4730
72579
-97126
-23310
92975
25357
-96015
3228
-70520
54680
-25039
-54680
-96981
-51064
-48368
-89402
-30299
39862
74470
52829
49746
17347
58335
4438
-38293
-30150
-21747
47125
-43000
-40505
-45324
20821
20653
55612
-73955
-7905
-38512
-30832
7764
-34230
-78420
-79620
60622
21961
-5852
-16010
-59193
-75290
-56806
64104
-15354
-41404
2145
68840
-44955
11999
18677
97551
-2585
91044
-80139
91958
7548
71832
80442
2479
-97017
-89457
6900
38997
92254
-55185
-13497
24618
20042
-69917
-75510
79936
53278
90876
-2538
-53993
97419
65819
8864
34329
-60662
-90233
26604
-9456
81542
-97558
42275
-49889
51692
82456
79927
37252
-14439
-62654
71352
72995
75490
-12454
-30989
15055
-43139
-51153
53555
-41267
-43747
39834
55589
10217
-92569
58384
-31103
-85277
-6766
-20549
13311
-41204
1640
46185
-70844
3806
79947
-95319
-32191
13747
-2225
26732
71216
80542
65717
-37959
-50332
-77172
71354
-95403
-75672
-29399
3872
66300
-44186
82232
65393
20349
-43767
47311
-28727
-87098
17540
43055
-83442
22576
73725
71147
-463
-32864
-12794
-39643
-71268
-30204
37845
-7190
54611
92765
16798
17508
48794
14860
43739
57662
-11820
-15038
-17956
89414
-81441
53999
13055
83030
94249
-48805
-72533
-62861
9816
-28411
-68760
85437
-33318
55903
11894
65086
-54125
47518
67302
-64446
-4270
64324
-10745
28514
70651
67974
58407
23850
48414
91321
71392
-77408
-43931
91433
44103
-62611
71381
24467
78967
94043
-65802
-51064
32563
-6068
-33463
-49705
2091
67765
-8779
-15949
-28379
-49066
-55756
-62880
95113
76990
-22809
55383
73876
-95343
-43718
-83269
36459
-37555
27389
-79712
88031
-57153
-46136
83041
72961
87198
39238
34200
44530
-7265
-39265
-41014
-18616
-68038
83416
-75723
-67669
-51363
62205
5989
-26671
-3283
41476
79303
94893
41085
945
-56003
9402
-84565
63717
76493
14381
-27077
75292
10846
-54024
19613
-38564
-77238
-83925
-64984
-39201
-94636
61736
10252
-14733
48555
-35125
21419
3501
767
21752
76968
5592
-93551
74943
31871
-20780
-19657
10092
92013
-24481
-71808
57718
16399
39536
-45990
96153
91540
61229
8123
-2104
-92144
-1338
-23362
60505
-67446
79426
-74764
47995
8799
10313
-94053
-5670
19473
79092
41851
87775
-68037
24839
-5251
81446
-37363
-64423
-24313
-26681
56271
61668
-96882
26567
-71994
-14749
46296
-83699
27457
10363
-46529
-46615
-744
-80795
-3246
-62850
-49526
69609
85703
54314
-36158
-53742
87547
-42533
63967
42142
-19582
-14903
-27054
72162
-79152
89234
87781
44741
84552
16131
-66350
45124
18158
-68103
9812
78334
-77230
-51004
-43098
-54134
50724
-4126
-60961
69602
78249
61189
226
69016
9658
-13078
-57658
-79039
-76116
-48453
58329
-30285
-878
39507
59226
92867
-17849
95500
-9042
60011
42953
-27090
-67122
44203
28267
-92125
-61340
-21043
94061
66643
-59654
-86132
24500
-99577
-60068
33109
23990
-96395
-58560
29882
-68209
-96111
50039
-52637
-68120
58966
38302
-974
-83613
79837
-26620
88307
75069
48720
89517
58084
35722
-46116
-90778
60053
-98978
49701
72134
-97254
16918
-22520
5275
6819
14138
39262
37441
24302
-15863
1865
44567
83734
98912
-30320
-96466
65
-51259
-62843
-35182
21636
6584
-51234
-65866
-84365
-22381
74377
-87179
93998
-38377
34310
-20154
15333
-40248
-28370
-84965
-88273
2331
63962
-50050
-84732
96812
60558
86623
-65939
-54508
-21732
-88970
-95787
-12075
-53159
33754
95597
-17836
-41396
32151
-17723
-16710
-75486
80138
41188
-27277
-40432
38299
-81030
-52733
-44385
-70242
-92839
-68904
-33455
39034
83069
70291
-94222
58527
-11867
71648
73058
29710
34509
-96340
-21715
-60772
39238
301
27639
-62867
-75615
59044
-43249
5619
-30932
28615
93497
69937
27272
13714
44203
-16799
-67547
78165
-43879
-27482
-272
-99084
-26803
46783
-835
94598
77974
87757
16425
76097
-36147
28213
-63534
-99617
51798
-78782
92839
44830
-35811
-32502
16831
-14714
-77112
-35349
87412
80758
-93206
2470
-1782
-21071
-50912
76662
62853
23673
61838
-59192
-2844
85897
-48593
-56240
29135
85203
94106
60511
31732
-30201
-24563
3736
-13582
12678
12321
-98661
-69217
32000
32491
60691
-48201
52561
-58885
34723
-58656
59333
-56202
59345
-7429
-42872
13700
-48916
5194
-42134
84518
24678
59308
28058
-62837
-66357
49071
-49477
92184
3940
-85818
44478
91501
-29700
74270
-56357
39355
-24475
-75007
69958
76534
7305
-13055
-52813
25121
-345
1846
51090
13080
12398
-64960
8381
-12601
20229
-74669
-73190
71146
-51771
80308
-76758
-65226
-74481
58479
50134
-65799
85187
-84481
-37525
63036
-75642
22933
-82818
31189
32039
69690
82209
91425
-51543
-15180
-82798
-44712
-14492
-10642
-48081
-64359
20866
64291
-4742
53967
52345
-82021
-44069
70742
49619
30927
-45558
50682
1531
-25050
-93599
7644
77080
-14403
-18770
-2651
-45105
22542
-15511
95180
39075
-62622
10257
3368
69639
-85885
-63762
76240
-20521
12881
-49184
18597
-35775
35094
-44885
87726
-79060
94211
43895
84197
-97549
37390
40683
-24970
-57744
-57043
37386
-88450
-33414
84950
-70793
82625
65511
-59140
-33639
-29896
3772
60880
70273
-6789
-23682
-91217
-68640
4482
47853
18409
-12696
-51957
-70490
-69477
-92418
66565
-1546
-17330
38291
-69056
27354
-80479
-84665
-4657
-20069
-1481
-81848
4182
-15386
51570
31318
-64485
-97275
84979
24782
-98433
90676
661
-62751
60541
-58041
3485
-6018
-20669
55720
63557
-39650
-45995
-69036
-67423
-90452
9072
57872
63413
-27587
-35187
-58232
-12524
67794
-92585
-79255
-28796
37409
-75970
-83444
64709
3130
-94160
-50779
-77802
68765
83557
-81545
-19572
-43944
-64419
-42340
62924
-8304
91247
69344
61448
-15469
64802
-90640
-99403
95897
80479
-58461
-87264
-82580
46662
48730
-69199
79557
31367
4695
-34159
65552
11037
27463
-81101
-36770
59321
-12446
-30657
-86557
-2256
-35372
71928
-98944
-42098
-48579
-41658
-68384
91118
-29234
-54315
-84956
-59982
-63112
-71344
-44124
-31506
-26599
83788
49387
-7254
-12710
-24357
21499
2421
-85924
-10685
46555
-53465
-29789
-28603
35209
-78844
43491
-79798
44825
89993
-41787
-644
55484
-63426
53199
-86055
38902
73760
66374
42186
78794
-19436
-15194
-4083
94860
-29270
-50970
-13923
-59754
-83622
-26857
15941
8065
19653
-69529
-98870
-91364
21116
12507
-38064
-50635
-58743
-26500
-25868
6578
38566
54751
6401
30547
-96681
33557
-95950
19964
-56301
34946
67993
-12779
31588
52514
-86069
24349
52353
-20539
-67050
-16327
92058
38773
20689
22778
44212
-3226
46075
82445
-21641
-7148
26770
-19305
76460
84566
-64668
55843
76030
-34100
-81456
7081
84984
-90366
-51387
9672
95191
-71361
-43461
80523
-51582
54504
-39564
-93594
95130
89347
-86112
-96129
-1579
95173
78950
60399
-28691
-49602
62419
-66962
-72410
-5396
33192
-76055
52680
1999
83522
-27965
30932
35354
-9638
-8437
60152
-1052
87662
85567
90046
6830
-68654
75470
46673
-6379
82681
-52330
-99589
-97741
81729
-68741
-28434
-39445
-43731
89979
12150
6781
12527
-60057
44000
-34827
61718
-55299
41646
-10784
13510
87986
80035
-2262
-68959
59927
-20463
84025
74422
-93434
-89161
42145
-912
6658
49387
51434
23186
93086
-64776
-81832
-90649
48769
-15421
42712
42252
86870
81595
64812
16298
59690
-98910
62130
93719
50449
85689
-18894
-29267
86123
25996
24258
-70858
40742
-87157
-14754
57937
-86401
23568
51613
-50690
10379
67069
9480
60394
-83973
19544
50170
-15945
-28519
-94080
4866
-90972
-29889
-76559
-99497
-20650
-88905
54628
72544
-18420
-33900
-71825
12137
-84720
-30729
-811
-20121
-82199
22937
69533
81149
-96637
-54285
-11483
-64713
76626
78070
-79285
-57635
66890
23095
3404
2307
-9732
-81312
51250
55595
38633
-63576
45230
-97044
-22528
99044
-42478
-21419
59557
-10413
-86106
-91662
54068
-62258
-21678
-2530
23844
37771
-33882
-58777
-8001
9103
-40814
49772
8003
-77379
49199
30388
18997
27049
-50614
-93831
-89812
33036
-45184
-4983
-31511
-86087
-54468
-68798
-36020
63854
54851
87475
-44719
-86829
68053
7687
18326
87690
-11607
-91008
-82164
16669
20247
-82351
65026
214
23362
32773
-56056
33368
-51564
-93699
-21588
-29002
16949
77233
-22192
-28704
-29631
85094
1913
-68655
59601
-45494
16707
78598
90764
-3869
-62571
-76779
57633
-5145
84138
-43198
86640
-55139
-28572
21807
-67105
44497
-28040
-78686
29953
-41836
16317
-82387
27005
-12594
-37095
19888
71738
-15234
-54955
56455
-91976
-52326
1012
-6889
-97875
86772
-54096
-36622
33914
44354
-47714
-34583
-83477
-4948
73429
49272
-75926
-53148
58026
47851
-74138
91236
-36034
-29153
-23641
76168
-5660
-21225
-80992
-63803
-61349
-1143
50966
80687
29375
-88872
-28399
-84531
93342
2508
-14882
96848
-93647
-56794
56274
93071
21806
84797
-51056
51511
-75342
45076
16958
-97631
63376
95316
89849
15253
50574
-65156
-53994
25810
-14723
-33602
-27148
31262
53849
24974
25177
68443
15587
-17139
-14588
-91705
80975
99798
68872
13060
-3395
57959
-34619
-29981
90649
78540
99146
-3520
68942
53810
45871
-22855
-14544
20194
25690
-71760
9581
-47481
-87317
30011
-13246
-94171
-72651
56974
5425
-40378
-62254
6641
-32736
-69726
18348
-16047
-63843
-29614
26868
-94789
67352
-64854
-26192
-85541
27963
-19312
-62666
-39065
-8097
-87107
22061
-27501
39365
-84906
-78231
-3616
-87237
16141
91698
16488
-74397
-76092
-72176
73378
-24051
94335
58472
51072
-68442
-86348
-70484
-24372
13396
-4080
-29709
-52430
76134
-21788
96415
65559
-2922
57131
36495
-72572
89668
99779
-34087
71836
-14242
69056
-7449
-84115
7021
1852
-16555
-18026
-75133
-95014
20391
-2901
38562
-96453
66823
30332
-72492
-20104
259
44475
-28529
-53771
56338
-85240
-63675
-52974
46667
74976
-13198
-25066
36795
48156
94940
-32231
-97391
-22071
-84457
-62113
92050
81474
-70226
58019
-15973
36285
75352
25388
-33945
-76430
-80831
-14531
-90985
-30015
-50012
-86464
-64580
-11271
86218
-65260
78863
44761
28624
58843
-90875
66109
-98331
-65849
-10074
-14091
-62572
45007
33740
-34202
-69364
-37246
29534
82321
-41431
-93543
43237
-94920
-57714
29232
92187
30310
26177
80055
32095
-58680
-64000
29558
-95054
-44066
-8810
-54027
-1099
13166
84580
-11046
-42919
-31778
4162
16024
-56218
52826
73074
-29538
75016
65056
70551
16686
-19102
-91882
8390
68904
94380
92958
10196
94319
57267
-97682
-69518
85901
22166
70766
96939
-17101
-51852
-67329
-93697
-56865
-44200
62777
96151
73215
-24143
23937
92953
32926
-15385
-56040
8218
-58073
61394
-73973
23715
-32568
6556
-26098
-78145
69240
-1491
-2928
-92344
-95723
86059
-78187
91789
-42642
71255
-11869
8969
-70541
-73006
-29688
-30424
14580
57463
-4098
13632
-23180
-5168
65712
41415
-39851
-50184
61871
34452
79273
54731
55512
-21131
54124
-50515
-81154
-24679
2348
82524
24819
54468
67113
51221
-76816
-9901
80567
-25458
12402
15308
-3722
-44936
27589
83143
76190
-75096
27048
-71658
12385
-21562
64160
-34730
-71812
30939
-44618
-75369
-85475
-64813
30981
-96214
7796
-70857
-82372
45241
-78647
-71777
17374
88401
51979
91523
-98015
-33823
49528
72292
12344
-89617
-97803
16934
-65321
-25665
13714
60097
57051
6282
-26115
-55189
-99502
-84957
26548
-76382
81133
-4003
-15089
84520
-91721
-73725
9008
-62147
25942
3713
32850
95465
24120
-77108
-42857
-5707
-43967
-1197
72745
74127
-24732
12109
7612
48823
-63877
48384
47103
87211
28490
23536
10768
85812
-38464
98620
-8225
-4259
45636
68257
87793
96122
85382
73426
-7036
72098
-44676
-95462
85517
-41090
25300
79140
-63663
-20585
-21095
85518
70493
91958
43305
41333
-46224
-632
-50154
28214
-36064
74243
33796
-21509
23302
-41961
1493
26289
98098
-62827
31236
-11404
-50283
40970
68299
41335
17454
89628
28927
-30840
56155
33323
-91173
-56750
2166
57229
-49662
-87145
8160
55549
31585
54363
-51930
-89158
-8252
-7638
85921
-84105
-97452
-90128
71429
80808
-68670
88229
-24930
-80764
-51973
-41536
16443
34579
-34098
-19475
-94652
-90151
-65857
-38856
72976
81660
85335
-44487
-33502
98874
72598
-8202
34303
5505
-8629
-18689
69878
36907
6718
-34728
-84769
-92122
-80684
55674
-70962
-48010
10951
27703
84978
72305
3571
85542
-71370
22824
-14499
52306
96802
56345
-65259
-32825
31571
-32178
37560
7728
-57054
86337
-40411
-96514
29334
-41158
-77777
-67029
11957
70267
-75322
-38299
46973
-3541
12569
-49178
71530
-20179
53426
-81720
89446
37766
25665
-71164
3385
-79325
-84795
-18227
-51824
-83208
95058
44390
19903
-60106
-51049
-22046
87230
10031
-24604
3679
-19759
63466
24597
-10525
92793
39180
68913
46199
41643
-86203
-44710
-79294
-67410
-28090
-74569
20532
-81246
-51511
-88212
19621
-35376
-74305
-54058
-94008
-48076
-36963
25879
87768
24630
68465
21755
87415
18797
-23779
-30766
47056
-15471
-94523
15786
-68418
-14292
-65455
50379
-44515
99889
95791
-24974
99617
28605
36561
-45081
77216
18255
97086
6410
-28769
63541
6489
17947
-7141
67853
-43908
-43064
78300
-90442
17097
-21128
-72183
32096
59054
-86411
51310
-17648
17989
-90502
10759
-58506
78735
24895
70767
98347
-29529
89693
-13324
39170
-33906
66268
-89538
37839
-55852
-439
-72177
25504
-74379
-28603
-65310
90005
-56518
-88616
-60479
54087
-61398
-24944
-6907
-85541
64462
1950
-90898
67342
-47606
-63637
82629
-80063
91746
21800
-56582
-50163
-92430
12032
73515
90598
-30041
-20260
60449
-91056
-6763
-81037
-32957
-87847
72237
31433
-98946
32178
22835
59464
99387
34819
89599
-33628
85730
-31057
24678
-98523
48985
-8044
28197
22819
34739
50751
-24206
-96934
-99702
52552
82493
-92790
-5540
-8449
23940
38702
11135
-36151
-81388
98746
-66744
78836
-5697
7318
51033
47208
30640
-78320
53800
-52158
-99114
19164
29621
-77486
-80741
96935
74091
68922
31391
-5166
-41033
-89265
2061
-50201
11490
82241
22263
-50012
-64233
55906
4777
6393
-97825
25539
82912
51025
39585
-46434
-19770
3253
-52419
65596
-32977
77645
-40432
37320
81879
-53754
93376
84613
29338
68385
-17596
4741
-68042
92165
-10089
53748
-1643
74831
-10545
72925
-29757
-91117
-9551
-90849
29143
-99137
57156
-62028
-90374
-80090
66057
52699
7066
-78313
-36461
-74598
58185
-43610
64157
-16787
30824
-1735
-31876
-8745
-98317
-94464
75002
3633
41093
-30539
23460
91410
-49301
-46098
-38878
50927
72839
-26876
34065
-27638
-88677
-68584
39253
72405
-7704
1873
-89848
-88921
44330
-16121
-75908
-83788
-37776
85242
3955
-68470
40999
-65796
16872
-17729
79133
78275
-88000
5433
81030
75319
-16699
-57579
-71132
38968
17182
72437
88693
36883
-29866
30858
-49483
48601
82844
-55515
-20906
-42552
72101
32987
-8316
84491
6808
-58470
3555
5721
-75890
-77355
-57148
-69242
-80920
59383
95389
70948
-79910
-97153
91321
-90916
91548
16138
27276
-78690
94473
69921
4874
14813
75530
86475
9331
-21071
94792
54438
-36978
76057
58131
64290
24328
69456
-40179
41406
53038
10335
-33685
56826
-65111
-79903
-79626
-32932
-9157
6341
-37012
40836
80108
20183
99351
-94450
86647
-46619
-2521
-38315
64206
65267
62798
19634
53536
11575
-78248
-5171
-12653
-77105
18123
-17913
95650
-54475
-72703
55379
90611
97398
97911
37941
-62961
-3620
-93822
96882
-83044
4798
41819
-64267
-48419
55798
-90528
-59351
24939
-36253
85554
-15886
87827
-24796
71726
-79430
-1066
38942
76226
57028
-97157
40866
-49667
-44203
-68043
-15281
-32096
-36825
75342
-35630
93370
96334
25177
-45160
31179
92225
60354
34033
95201
-80252
70514
-53733
31513
-51516
59501
12461
24803
46477
-77258
88710
31921
-84762
79001
49205
66906
-42460
78926
-30532
32059
-85386
81132
-7377
30533
-14476
-82790
-38355
-63383
25677
-95877
59884
-77685
-5073
-76437
-64399
22754
-7486
11451
-97563
-23014
-21998
74474
44809
-83538
-78198
-14252
93145
12679
-88015
7929
-96693
-59185
40073
90105
-2577
54561
-34794
-82200
-63153
-95146
25502
-27438
38832
94073
49092
73740
-15968
-29158
69738
-8446
67113
77343
-56404
59107
72871
98630
74152
90738
25028
-80455
96469
8549
-54042
-19919
54533
85580
27783
-67555
-63503
-15083
88295
-79320
40273
66921
49350
-64857
80574
89771
-40933
2529
-24027
-60362
71379
28079
68686
-9465
36857
-95238
-89059
93284
-53068
42370
92077
-88711
-59209
-43576
92617
35105
-32811
85620
-99553
-61923
48002
-10450
70593
12257
35014
-13230
37743
-87435
-89616
-80509
-1861
94735
-81543
-72193
-95401
86443
730
84828
77166
-56756
-68323
-66908
-44987
24934
-34178
65659
40220
-52650
98702
59934
-1230
-12024
87689
-45028
-37782
97308
-57146
-51570
-41882
-4469
68606
-80618
91788
33895
74147
41751
75039
-12431
-23297
41658
69915
-26254
-80940
-3599
72197
-4924
-99328
-16453
86016
-79192
-55248
-4141
-82853
-61606
672
64525
-16566
-23445
-31040
-88703
47223
38581
93432
-22345
33113
1576
89136
-86382
-57232
94672
-86394
9581
-25759
46616
-99402
-24884
70424
-62458
52115
75918
37520
82013
-35588
-31232
75128
-54242
83324
-61322
-71956
-22421
70110
84668
96869
31684
-72029
-54767
-65089
-70052
28254
-55554
36018
-1892
23762
-23919
-6909
96124
-98456
79759
94949
51061
-35724
13052
-1239
63627
-81451
11635
-36190
-17459
24218
-320
69935
39570
15482
-87125
93542
-50294
-515
74108
62148
96434
83180
-87427
73656
69021
61938
-68791
-37793
37256
6581
40931
88072
54163
55969
-21232
-99931
38468
67470
-60881
49246
-61671
-38432
51234
-41057
82144
3236
98332
-16442
-50948
-36531
1981
-92036
46110
84591
-32384
27056
-12486
79041
-29877
-87542
68446
29048
-6169
-28184
-7347
65548
-85470
50952
8747
-90056
-15731
91641
-37910
19484
6817
-60118
-82330
36725
72034
-57691
52979
-82773
35905
-66174
88663
88638
-2051
-29953
96362
-62166
-29748
91235
88230
17156
-43649
61190
-82778
91922
26551
61563
45759
-47384
-21753
83970
-69111
-56857
-73497
83859
-10232
-8500
-85752
-6573
98751
75864
68174
38102
-1391
-71562
-45538
-45490
-6714
-57549
71891
-2938
32274
-223
-70829
12156
79525
74641
-48145
32209
97238
18761
-61358
-51008
55301
85147
-53720
22197
46097
-6761
-82894
-15269
-73839
-80563
-68885
67091
-78855
43682
-9967
46673
80456
95427
47961
47246
-52555
-34421
-82283
-39114
79416
-15927
-73899
-98612
-87463
-21906
-77084
-87326
-30280
-49897
83547
-70286
53343
-77515
32945
38350
30028
40183
23585
79421
8564
-63212
-85025
64482
35199
-65665
-35128
60838
50955
7808
-19544
-95349
-41654
29967
-76386
21712
-52522
5273
28073
62753
-39460
2234
-21348
-29817
26542
-66093
-30872
23812
90372
-91546
-4626
90647
-28136
-88069
-29938
62441
-797
31550
-67299
669
-21338
98550
61656
57625
20338
-623
-13390
-9
54415
-82323
-23260
-78228
82433
-62757
57310
84142
67209
-77522
-8141
92675
-47070
-69390
34696
86669
-25684
-50637
-55983
66541
-76710
-95402
-52591
73644
26695
-28764
84273
-22882
90294
-72351
76561
-15244
-23922
-54582
28753
21795
52522
20184
-36154
-61232
58575
18730
48785
86109
-51828
48196
51497
-19041
88026
53199
-1115
-19467
-64890
-4279
59471
89781
64435
56479
-15847
70697
-37367
18899
78261
55514
32560
-78889
92316
-39763
54815
93873
19413
-64835
80050
40931
-59353
-81441
-77427
95596
-93368
31901
53494
44428
13007
62414
73403
8662
-9538
68902
-80469
90288
12283
-46564
97888
55626
-45465
-19776
89924
18294
-22239
94991
49712
19615
82497
93701
51154
61338
47108
-12694
61048
-56875
67273
77679
-37608
75971
36677
43683
-32011
7236
49154
18363
-43034
-94119
11012
-63336
-75922
59607
57992
-19771
78376
383
51745
40483
9253
-98118
-26514
-68121
55097
99630
-24031
26761
-96333
8030
29897
-72134
58931
-77288
47161
-9079
64025
67925
-29154
-23835
-27025
-99437
66008
-33987
-99569
33374
-9167
77732
-48485
3541
46393
-70326
-79081
56909
-65733
-89681
5056
-56814
-30950
16170
77504
22977
92448
14049
-58484
-3034
-58850
82359
69839
45054
27754
29478
-38153
-25741
78580
-73289
-38828
85228
-77430
65093
-62983
65273
-81590
-55633
9300
64350
6668
-51490
-71830
-45873
42235
95439
25338
16666
-1478
-69058
23292
-61831
67733
-99583
-77738
218
-36798
-55256
-24429
43252
87634
-6719
-17261
18118
96629
57117
77947
94288
-75145
56375
-16347
-6794
37227
68148
-65244
-13473
86050
75519
-36115
66032
10513
65301
282
-53164
25294
-67837
92612
-12298
41059
86055
21806
21840
70773
-34597
36630
-55784
81266
75670
-83824
63272
-55542
25027
66051
92617
-81694
27594
-13590
-69634
-55709
-37581
63349
97151
-67105
91018
-40231
97801
37902
33997
52117
-44597
67948
13963
12499
-37480
-37292
36179
74365
85441
12915
-57132
27856
42117
-27160
70367
90955
57852
-90361
-83523
4681
-24641
96260
35988
-59441
-32110
-36018
-32680
4609
43198
-24423
-46088
41145
-22843
-21076
-13716
-91440
58655
-82745
52349
35720
7828
49732
59401
-56177
49474
-65234
-16945
81778
-38742
15475
-38034
48497
-36561
64846
73992
67716
93933
-13743
77800
-90984
-9630
-8358
94386
-21606
-89356
31867
63994
-66714
1321
-31090
16433
-18849
-49650
-89808
-6502
-37271
-17909
-24754
44769
-76525
-41747
50947
10476
-45144
41545
-40434
30
-46832
-12850
18198
21365
66900
-9812
49757
54200
-47331
362
5491
-43921
-76316
-68378
-38968
78752
88927
-68465
-18543
96741
-36150
-99491
-66145
-89807
-87006
89958
-74441
-52131
-74457
-49692
65630
-27756
-87060
-94529
-54131
-94913
1606
-3296
-14909
-2826
93793
-35356
-10898
99112
71884
9857
2842
-13688
76595
-78407
-63211
4046
54879
40888
-86540
51165
-1969
-52762
-95819
-41370
-94573
-64001
11465
-89129
92991
-52798
-34007
-98758
-87267
40040
38476
-36890
-10004
29439
-90392
19520
-73666
-33334
74738
-81228
40967
-49763
87286
21810
-51142
50585
88382
54269
840
-23598
2233
-32648
-5935
90086
-54611
62784
14612
69837
-17483
-92477
-62857
75084
82289
-36927
-33230
-60591
87354
31066
2563
14312
22914
28725
33359
34578
25888
-70630
98594
95336
-58102
-15144
-75369
31485
56446
50848
26384
-63674
-95247
-15535
-6918
-64699
88422
-53172
-35227
-16051
66676
-25784
-52075
95630
56400
16824
46511
-99383
67439
57306
-16822
-67304
10390
6355
-28299
17748
-82807
72794
-10734
94630
66421
-60748
-24365
-44752
-29418
-87167
-61573
53764
-94365
-49026
-49648
49082
-61263
60552
-82930
-4730
-28366
-68215
-85837
-86963
37810
41450
-41768
56593
70651
19424
2630
92752
-93154
-4748
19795
-56591
-34193
71204
27471
67541
10309
39531
-11111
-88571
75387
87250
-89214
86286
-68601
-68936
21946
56064
92185
-15299
23891
-798
22156
-7673
59889
83532
-75034
37480
-87080
-36655
76295
20462
-96926
-15010
-80954
7331
-84052
32658
-50965
98233
27757
-12850
-40814
-88438
53601
-61297
-74805
93171
53377
-47968
-78057
96611
-57622
73345
-82584
-73984
-67473
-99432
49110
17799
36947
-24702
78640
-37870
33303
61740
-26759
25990
22273
14371
25696
-99740
-11451
13625
26606
-20403
-80129
25484
-40877
-69085
-49605
-19473
6849
20131
42246
24189
59077
59207
5214
-12249
-77963
-38666
-58355
-42440
3253
-83190
78041
14002
28793
96267
58167
6610
-68722
51991
-38770
55696
81822
98575
62491
-44376
51554
45628
-70749
1353
96061
-20720
-45257
-91697
-35476
51712
74200
-82999
-47765
87378
-30952
-48211
40305
-20918
427
430
-9115
-30589
-5274
-59998
98758
-50018
-9543
65553
50762
25798
-97401
-35000
21604
79026
-45103
-18970
-39847
6430
-17264
77167
-14757
-27683
83078
88707
18615
-64977
-90024
-39960
40435
17208
-84397
477
57185
-26864
-7166
-38073
-32720
-84590
11576
11129
-91431
93924
-47686
-37186
-72487
33916
53985
48751
-58977
-76885
17235
-94489
83369
9920
47219
-23929
92068
-29400
-24060
36491
-60350
57306
55273
96498
-73076
55839
-95402
21333
-40877
-72944
-82249
-66315
-46742
80419
-20818
47665
88613
-44601
-25971
-57206
21474
-3306
-4793
-37130
-85748
-23298
18108
-4965
-11955
87627
-58854
-58893
-59878
92494
95764
48795
-38147
-34802
-96404
-35194
5445
-99434
70653
81588
4659
38887
69733
51759
-65476
-7512
-7800
19599
-95009
-32322
-18521
67607
-44123
-74700
84735
98370
74758
-19356
-35509
64172
58337
53208
-37535
96484
17901
-9066
31044
24289
56888
-51872
-28086
315
-82565
3194
-65002
-98159
-60993
81262
38839
84083
-210
53763
21158
-6668
-96371
71868
88850
-97577
7413
-50374
37952
22404
-61111
41735
-12594
-73985
-69142
-46437
88299
-4645
19186
-23087
48118
-43467
-94508
-48442
79088
-39830
-82700
54809
2797
4035
-55223
-77472
30980
32213
-92702
-29557
-39846
36006
91618
-36393
79470
516
43230
72185
-41068
-1703
65977
29030
55584
30121
-53706
48769
-94958
-28590
78752
41916
-87761
36269
-43740
9373
87777
38727
-56529
-82900
-85803
-4934
-23652
-1868
-43084
72994
-45505
28412
63618
-64560
-2842
-95516
10402
51912
-41313
69721
7075
13183
13473
22261
61035
-72057
96338
-19168
77212
15616
-84209
-10162
-49693
73761
55004
-69239
-29101
-13424
-60185
70130
-1403
-98413
35
-63631
-64058
-37446
-84455
33172
-63359
-13903
-41325
-89107
52361
-61522
-13301
96772
86410
89945
21019
-24817
-61509
73090
50068
-46929
68264
-58897
57974
-90361
22593
49541
51658
-63469
-4749
43929
87456
51703
-35316
73100
4757
-59659
1410
47931
-75765
48072
12296
-36100
-57350
90721
-31710
57301
-53156
-49869
-342
34492
-335
73145
54197
1864
98886
-63185
-65445
60982
-67663
30745
91806
-71019
30408
42227
-39365
30356
60299
61095
39992
42310
81741
53542
69051
80600
-6655
68240
16297
-12134
-70773
-65555
90505
-68607
-97695
26252
74185
-46730
-67019
-9841
29875
35389
52301
68118
71714
-74552
77773
-30919
-91664
-25833
20759
-87748
-27371
57396
68556
17670
96205
-64495
-84376
58065
-81513
-61345
-43152
-80557
-25268
74289
50371
-41173
88451
29471
74404
70060
-75795
-62012
-77145
27516
55221
60352
69823
39570
19523
12624
-57787
27391
95113
-97205
-77620
-94073
-4823
98076
-35314
-43351
42636
63156
35856
83963
6130
-2117
-7960
-76210
-3053
47580
73752
-60475
20778
-95077
-60621
79030
-31738
-89730
96466
-58846
24465
49335
94083
44052
-92085
48522
15369
43258
-7609
-71261
-73115
3488
25334
-21636
-55268
-79355
47877
98171
-69145
-50853
13124
29345
-3456
71071
-8243
-8601
-95255
-86963
-12119
-55383
-62076
51414
-48638
-54461
-7714
-5277
-76031
50727
-59960
-74411
28243
-25744
50722
-70527
11657
96938
7970
87343
-66609
54750
1930
-56296
-75741
45692
27029
57505
-88568
54943
-32975
-93059
62783
37513
-29903
82215
35076
99061
77429
-32207
12321
68788
84289
30962
89153
-35582
89976
-12366
-10827
47930
-80370
28088
94593
-9891
-17037
-44180
-70901
-42505
-8080
-90845
-58988
-95424
-99431
-54004
78298
-74850
-39027
-70390
34847
-28057
-78458
-64310
-82855
37185
-19277
24809
-59837
-26923
1494
-36074
-57338
77714
-39275
85206
60260
83080
-20856
22655
-40602
98131
15876
17759
-66663
33851
35358
71847
-8393
64911
51569
32306
-84836
39445
-95912
-39875
-41963
-30511
47717
38604
82769
17030
80863
-8851
33929
82475
98541
-99587
45551
-71782
86463
-22552
-15281
-72909
88854
6192
-54309
-17687
11476
-37207
-35798
1685
83621
49808
-80945
9829
-18906
85366
-92467
-23385
-40766
-11783
-48468
79934
-78874
4857
4874
-33759
74960
66507
81755
68254
63246
-19389
-62677
-82165
17141
-33647
79691
98948
28269
-65719
61416
91262
-3933
36104
-91086
52802
-67909
16972
42258
-62139
-10105
44309
7181
-47704
-53782
56221
-38121
-9889
45230
-79802
28778
-67811
-99502
93837
-5
78253
-75002
-96016
-87698
45169
7127
49957
20944
-4280
-62763
85887
30626
-38675
71358
8162
-76296
29626
-21342
40939
-36805
-8016
-34994
-88547
5985
-75763
93975
11476
-13163
-22241
33879
38117
75600
-61054
65424
12
3715
71957
-18162
68253
-32273
92303
7494
-94158
42565
37995
71002
-4767
-90994
-72874
53233
39467
96705
-57958
-75589
46574
83639
95475
6272
79444
-29531
64662
30068
-32990
53572
20254
-86025
-86248
-97442
-55397
-8588
41514
-57519
59148
14949
-6194
-72212
-34822
60999
68662
-78148
-44311
-83526
15592
-749
66165
37170
-29198
70177
-34634
-26899
-1192
-46270
71132
31589
-13737
-84674
-42796
31475
8004
45509
-31516
43600
-35945
-72624
-65786
75328
-11842
14630
49063
-31937
-91100
41694
94191
36021
-97280
61824
53048
26222
-76291
-96454
-92279
-39490
-9949
97540
32364
-13540
-70382
-1720
56261
44060
-49064
-22064
82444
44771
-40439
-61709
69423
-99791
-35440
-70493
-90359
60769
5217
-2559
-17150
57534
62889
91558
-88093
-98665
16397
38791
-7216
20175
40016
79498
-93700
94058
38305
83325
-39426
-48882
51400
-28678
11320
-75921
37835
-45798
54665
25907
-24554
-4873
-92206
80745
15779
-32155
-81169
-45463
5408
-79575
-79772
57920
-22071
-96255
-26063
-33648
-67621
72925
49306
40641
81771
37165
43954
-3519
-44053
57371
81703
89093
94497
38356
-10370
76057
-25076
51823
-55499
71627
-46073
38481
34607
30790
86266
79778
-45170
-51862
50274
-39614
21786
69010
24730
1995
40637
38440
-12984
-14463
1983
86062
-41251
-61381
-60220
15095
-50529
93573
-77851
-22612
3292
-82021
89289
60750
-84000
-4462
86946
70926
-78098
84806
2388
92151
-54295
17621
39313
-48017
-66392
65424
13909
94326
37484
-66666
-4776
-29828
62729
63489
87963
30846
31901
-43428
32154
-5949
-67040
-35720
36144
-96252
-10784
48050
-82354
70302
-13580
53779
-51487
-30061
38133
-23750
82917
68733
76348
-9423
50734
53733
34093
57619
-26223
42822
73797
69935
52292
6667
-85473
-24688
71418
66046
25470
54646
18392
30743
-79751
-43279
27142
-97098
-63395
-97917
79854
69893
74168
-3488
55188
-41883
76071
-17911
99928
68426
-45995
76919
79463
-17289
-9060
69549
-65772
39629
73456
25620
42239
25564
57847
60676
34895
40197
-54529
78918
69628
53651
-69583
21673
69632
26996
3433
58365
42902
-27101
83007
-5816
8876
52839
-12012
-72446
-74883
38919
78791
-64418
24094
65037
-85282
26095
15368
36956
-49461
61205
-49368
88318
-81534
-963
82895
-45785
82052
6472
67293
-49689
68580
26277
-14346
-26659
-27621
-20957
28009
56010
44403
74072
86631
51177
-85843
-92359
-78160
-59397
-50622
47950
-34922
-49589
-46017
-19516
6833
-22416
-39737
-46780
-85278
47111
22051
4879
-784
99953
-39837
-23918
-7472
71454
22901
-26086
33826
74287
-19774
18500
64631
-83148
-99243
44462
-46299
5858
72641
59502
-80706
83165
-19035
-18975
42777
-78341
99505
-98444
34241
-56747
85994
9581
-86378
40180
-76831
-87243
14479
-13305
79492
46646
89812
-4676
52514
45110
77830
-6604
-59554
63303
-53760
88922
-32729
37888
74300
-73689
54640
63860
33453
18020
-30583
-31463
-37428
-34997
-64017
30520
26396
-83461
68396
-57355
-65124
59983
10971
-31184
-65060
55455
49463
56695
73451
-96450
89881
-67542
-85796
77449
-29772
27247
-59538
-33805
-71570
61476
15764
66259
73013
37911
83539
99093
87712
12926
52452
55554
44158
-36857
15355
-51292
88255
-61369
87040
77469
-71673
-81862
23839
-33754
-90202
-51935
17325
64513
-92045
-67442
98662
-38479
-39607
33064
-63738
19523
90353
-58600
-4929
30685
13022
-37743
-25538
12119
-50559
-15398
-64078
97214
26421
74439
34554
-82735
31335
77863
-50077
-47411
17227
99112
10270
-95013
24415
-29068
77265
-73789
-25119
64471
-77334
-21405
-14772
-89474
-55606
-24466
-2953
21202
-1653
-61907
49329
-13976
-21185
-63682
-55667
-71180
6019
-74668
-64563
-73240
37469
99306
84494
-33111
-69051
-548
70685
75600
-46242
-23156
-40627
-32816
-80342
-14547
24282
21420
-42235
56714
-56175
-96117
-51135
-65655
83662
-41448
27418
-5792
-18162
70854
36331
99206
-64490
-45188
-15362
12370
-16177
-27731
-1023
-86891
32601
-313
20529
21698
86784
54883
54042
-67444
5434
-41839
-21029
-49351
75959
88753
-31133
89815
87462
82494
16929
-37348
82091
71561
46581
70889
50066
31026
-21335
-45248
-15880
-13071
91329
38212
30450
22926
54400
-37128
-42105
34023
-39999
80975
-26809
-5486
-33896
98767
13848
-67877
-99067
-32698
22136
-46977
33492
45417
66993
66669
-48048
-98108
22569
89977
-25531
-31926
-16337
6986
-88642
93411
-96263
76870
-42794
-88766
779
4494
22651
-34039
97101
-96705
-27785
65936
74513
42338
-23768
-681
-87424
45706
-61656
9053
-53189
64059
-10923
-36925
59642
57644
89542
13757
95014
-8693
-74010
-53671
-68821
94838
68340
-86638
33714
3947
-78391
74128
-55554
77186
8736
-42187
-17271
70718
-59343
96661
37228
16583
14096
97700
-53312
94727
43596
71080
5473
-21506
-63294
-65549
-11051
-51461
56910
-31433
40294
-38277
31978
-74114
53427
83413
18071
44426
58082
-41166
908
64235
88625
84238
-96124
46130
-5134
44626
71517
57358
83560
-98095
23480
56375
64613
-18132
-70113
55985
95906
35918
88120
86108
91171
87772
-93382
-90720
-22161
-76994
-48889
78366
-47109
-87808
57655
3828
-66135
-77778
-25274
86538
34322
59278
-87175
17199
-85926
69899
-68958
-15327
96491
41279
-30822
64228
-65925
13290
-11298
93567
62564
99296
-47349
76784
25965
-54937
-99025
-76524
1655
46154
59212
79828
24862
8391
-99272
-73631
28584
65027
-12617
67550
-81811
82575
59445
16393
-76920
-1266
61525
85660
5042
95133
-40115
-99715
-25799
-75182
49781
-34388
-25971
49589
-54442
9918
9113
-51011
28069
-99520
-4667
-78000
41146
-11669
33680
81141
44938
66333
4397
94799
18012
-78405
86327
-48344
77742
-61159
168
57709
1907
-62774
-41332
-78751
14952
77201
-74397
44499
44657
41692
-97306
-89791
-2743
99647
-95100
-84026
66405
-10001
-93570
-414
90148
49381
7350
-92883
-95305
-37534
80173
-75199
50413
93879
80252
97577
-5206
-25763
7419
-51344
-35154
-98128
-76726
-60917
96032
74799
-21364
-11225
-82657
13141
-31354
-71956
81580
52115
12954
19872
40991
18115
55987
1985
-59042
53416
-79170
-20484
-95045
65949
45846
-308
33083
-28904
48298
69722
92914
-55675
-91440
-63239
47264
-12283
68797
72101
-60198
-16808
-51886
-36567
54101
-79793
-43659
41406
5976
7889
66160
-29319
-53803
13122
-70746
78138
-56190
64769
-77814
62149
-25397
35404
-53017
-9652
12801
91903
49382
28691
27951
-45369
-49358
-65404
78405
62909
12201
73839
-82209
-4075
-71436
-56597
-4473
-99726
1508
-81398
-4247
-16901
57152
32884
57335
-77259
-97219
3183
-70386
87737
89935
3247
37249
31155
-71388
-5119
-79486
-39962
180
1840
14658
23013
-34586
-90635
-31183
50155
98156
-48272
-30576
24835
3524
-94692
-88899
29060
-89642
11776
-73659
89292
79246
-58725
-4709
77748
77161
70514
56711
26845
-36639
73220
86419
94750
41270
99912
28901
-65808
75591
74597
-19925
-87084
-62844
59459
-70416
-15863
-66831
-45819
43596
3600
98004
-61251
22370
-15954
-16601
-57899
-46590
-53444
-73675
512
45939
26133
-74103
-95013
-79858
93258
-69449
-14933
-30158
-58133
23649
6557
82273
-9319
-96706
20223
46746
95108
31615
4748
59152
-46407
96875
-67368
-91986
56867
78393
-5996
-39530
-67002
-11189
-46954
77654
50358
15446
54623
64973
18575
-2940
38650
-62185
-98320
66076
-33529
12258
64929
44216
64590
81601
-36628
-37265
16962
-73101
93131
3595
-34747
-19809
-51958
-53423
99217
31908
-36569
18224
80211
-14884
-92235
-57174
55102
6643
33239
76589
52316
-65944
-91581
73862
99323
10223
27344
45878
-42756
-95000
87105
-85806
2287
53756
28893
42983
-27291
-37909
10432
-75024
80203
-41881
-72831
10011
-26351
-53709
-52567
5756
20704
-99654
-91750
20726
-37010
-4450
28797
41741
-87166
33371
16129
-15639
-54454
-7024
74878
90428
93995
-86270
-43087
-86202
-54782
38010
-65097
86987
-57729
-1768
-24947
-1337
30457
-71581
-99691
10428
68051
-11808
-54282
-72317
64211
15522
-76262
-52625
45729
-83826
-65825
-44300
-53076
-77067
-81262
-9918
89523
74310
2025
-43361
75781
9625
50852
28153
-10043
54335
-28596
-997
-54055
69500
-7434
-17691
-16686
-40825
4314
60446
43134
-93359
72275
92858
-44316
30287
98534
59904
62314
-3563
-73143
54187
-11242
-55857
-14283
75346
-28842
-1359
10904
96730
29732
-91397
-40606
-2508
-23651
-46437
-19648
3038
94486
43243
-56893
87219
-13200
-88615
-70530
-858
-97289
70891
16304
-12790
1037
-40357
-89120
-63290
-87704
-42336
-56460
28510
94765
-76910
-32190
24233
-88541
51266
16864
-67815
30358
73129
-10312
-55428
32872
-92179
-5772
28414
-38007
-68042
60489
-31788
7933
101
-99409
58810
23857
-33697
-17870
86472
90102
56809
-74959
-89466
-34057
-31363
-89586
-4545
-67818
-17834
-8600
-51026
28863
73554
22861
-15850
-47467
-66819
-90819
90476
-59184
-81948
-96376
-83148
21243
-43093
-7775
-63112
58144
28709
99876
35233
-58760
66450
-71350
16925
-36355
-62723
-33967
-93153
71174
-61272
-2907
-9050
-50841
89523
-86298
-55588
60540
8462
71728
32893
8533
-38993
-70408
20220
55857
-8740
21511
75005
-45113
-28009
-33734
72936
36619
-68882
-83161
76586
-59873
-87778
-64547
12708
23754
31172
-64991
-65610
29186
54296
29986
68646
-87439
13316
26506
70880
-30235
-6447
-50277
-27288
60213
-83466
80677
38129
-56890
4157
86340
36938
-65524
-81537
13886
52530
-33526
-90396
38087
23203
-48720
18193
-16311
-61416
-70970
-7208
-7162
-23619
-68771
19627
-48453
-53665
-90642
75246
-91188
-82619
9120
63306
24582
85119
74773
1186
-46076
-29070
45713
-29639
18664
29836
17231
-5804
60081
78729
81710
74596
-60201
45241
43848
16656
17110
-50799
-43288
19419
72188
-21951
-54365
34074
73227
78767
-92056
-85343
36652
42654
-89630
-85642
99481
10915
76554
-66495
-62864
-58395
46529
94136
64186
-72440
-12181
42413
8876
-41996
-58928
-13874
-82162
67325
61305
-936
-79955
-4222
-31125
-84620
-79675
50950
89682
-14059
-24845
-23846
64643
-9244
66718
-75772
-43032
64332
-98754
-68410
9197
24806
-23328
53874
80282
95555
-2790
-23858
38137
-57601
14012
63530
45672
-13356
-79151
-24870
-99938
-16316
91905
-67058
74362
-91034
-48473
-66195
-7268
48068
-48669
-16843
-29290
-34702
-4415
99162
23975
61628
30829
59252
40438
43691
-47597
-85581
-38812
64834
49259
-41421
-966
-17484
-11907
-67278
-73303
-42253
-79832
2535
-5800
8325
-34826
38001
88264
-33018
-60220
55276
85657
-99431
90061
-49131
-85261
99315
24410
-97205
4962
65577
-78905
-69476
46229
35293
-17111
13087
85278
-61180
94205
82378
86863
-54648
58093
27433
-41467
-21264
54459
-18701
74895
44447
-3904
-25528
-30508
-39727
28449
-62911
90052
-12105
-95639
60860
18607
-83395
51527
-91902
-51173
8201
-54152
-90078
65261
-10689
-3090
-92499
-36235
25655
-87288
-22823
-52817
54018
-584
75093
-5061
61516
40251
-84615
75824
-16705
91025
80078
61190
56223
94820
-63317
81095
-13527
-84826
-42031
-13084
90329
68826
88841
19456
19131
40058
-51483
-31006
71549
-67986
96861
-14219
-24151
76794
-31014
8596
30832
-75482
7801
-92391
21529
94466
-93929
-68576
27962
87539
-49818
42481
-70181
-96400
5197
-15786
-20261
53129
48999
-71388
-24092
-77195
-65704
-92219
-14406
69664
-68779
77224
-8017
-61772
-34386
80961
9720
-65963
30746
-75817
-64722
-25716
-15610
789
-97045
-14919
52267
66269
-44895
20680
30617
-58308
82559
9698
-78199
-12085
-29746
-121
-81792
-22545
-18807
-12496
-34180
61514
-25501
51099
57667
3558
-55315
-21503
90621
96244
-60990
7209
23091
34097
-84305
-81863
27668
-65787
-84676
-37879
76110
77108
81780
29003
83116
-20858
-52664
-5865
-95076
-74239
-10181
-97322
65252
-96304
-2262
-19952
-64007
-43434
-31975
-9277
89467
-51925
75431
1223
-49810
88151
-52565
-80254
-93102
-22181
-81435
-73906
32386
-47917
44412
-70282
42278
94408
-44080
74334
4936
-66016
-90633
44845
-15513
-39863
-87039
84516
-86435
-20184
-27750
48917
70941
75052
99991
-5885
5776
-21874
-66143
53742
-9662
95169
59176
-13575
49991
-70071
-32778
-41627
93314
91347
-72998
-84838
-65320
82039
43500
74517
-84174
-43680
-76732
18438
-6395
11622
-51919
-12927
62229
82803
-49626
-93737
30330
-27534
56835
-3899
27774
85118
38349
-99290
28592
-62093
83551
-2825
88415
25488
-86170
57686
43030
-3305
91139
88970
58971
73128
37198
65515
-87221
-45587
21884
-4122
26416
48589
54749
37019
-19261
56922
-84550
86751
38793
91254
-60022
54549
14151
98697
-2518
-73597
3539
51376
59472
19875
-49604
-24996
-49306
-85526
-24754
96580
-89100
21520
-42206
90291
8453
-27595
-15902
1609
85275
-32458
75150
48479
50457
87818
-62385
-57852
-78388
26016
23020
80784
2011
72066
56036
-98393
8607
-95053
-67297
-65486
48926
-62438
77868
-70105
-87282
-12255
4048
49019
-59802
57057
-59102
-65537
35637
32506
4166
-51974
-40997
-44836
47569
-86930
69648
-40391
20095
42719
69064
-86844
-27371
10593
42712
53124
-76235
45852
-88703
87748
67717
35439
-71628
-27683
-61322
14773
-60118
-23354
40163
-1222
93131
21927
-21145
69422
-79710
32525
19627
-88929
-30222
-77517
-84579
8100
78228
-62430
-20824
77758
-69419
90478
-12887
9388
-60370
-31185
69161
53409
-32387
-97811
89016
-85207
57534
-92023
4148
52400
-50847
513
-95869
4586
-69659
21698
-21461
-37644
73128
96331
-58345
66700
-66193
57748
1961
72470
-47633
-7802
52335
-10881
50893
63737
88460
-71136
3258
-65160
86256
69051
-49122
29971
-31925
-46498
-38788
49313
79701
-9453
-91928
-31442
81291
2741
-51005
-29108
15518
-2305
-58826
68850
-75141
-50130
97809
86449
79865
-86919
-23052
87531
69426
41804
15602
77471
4377
-9350
-82554
-33050
59922
74419
61942
28162
24262
36255
73354
-35315
17758
-85578
93464
-51813
-37867
-81214
47052
50982
13898
-51515
-10940
90315
-51831
99518
-50201
-19746
-39352
-8137
-92157
1847
33434
54232
54457
96780
-96100
99673
9606
-57131
-1223
-6699
73178
-46122
-17758
-26343
-52975
-33750
-34965
57377
-1924
87714
-93867
93033
84516
91062
34314
-13745
33442
82453
-83019
-30922
94240
-16803
20970
49566
26043
-25320
-15983
-3537
-22308
99573
-35714
89577
-49893
92429
-55463
-38027
-51926
1241
60207
65586
33722
48516
34619
53738
-56991
21173
59361
80955
84
-19947
94698
-46376
19955
-61183
-68043
12017
-16945
-18128
-72764
30537
43760
-46638
30158
53922
-99815
-88643
-1878
48253
85383
69810
35210
70243
-60775
57539
44409
-87763
3161
4038
8060
-13326
-87621
88813
-26708
80117
-55666
-97941
-44808
60828
-24727
-23266
2701
20722
-15823
-87182
14301
-88500
-95710
-36729
-3118
25536
93312
28269
58563
-37858
-19834
-26465
-78430
-28649
-96331
78986
-1087
33327
90729
-67845
55737
-80050
-56246
-66095
-61125
-75647
-48740
78836
55425
-15170
-24010
53538
-54959
-96605
76987
52452
91672
96353
-82616
-31753
-9064
-80346
30167
63093
45573
51420
82887
49961
-79085
-22552
53752
-37094
-62418
-75982
-13813
85967
3823
83067
-1521
-65414
28484
-12960
-66766
94432
53363
-63328
62846
-69564
84259
-28510
-34417
79853
97414
28279
-53590
4876
10262
20505
-6316
21900
46452
-63342
-71311
-57029
93155
81763
-35452
67200
-42260
26896
-40537
-33204
31744
-50162
-35374
-10483
59398
5737
-76995
-47447
22342
63895
-78250
13357
-41211
-76616
-23643
-60142
-85349
14660
4682
-88355
23820
11278
-61020
47905
-38911
-24162
9163
16603
-90780
80380
-62253
-64519
-9788
6044
-66810
99080
63168
70051
-77742
1496
-18643
-92808
-49312
-21816
45630
-36911
78810
2120
-60201
81634
-2132
-29895
-7363
45171
1702
-14585
88683
29068
-83380
82408
90533
-96781
-53657
6255
-45101
-21593
-78766
36005
50113
-64521
77290
-54126
48756
-15686
-32072
-66584
-39604
62711
-13078
-46643
-26669
88487
13428
17346
-69210
-84197
-97865
-2525
91384
-47573
-30447
-77782
62542
3847
52561
67842
-6648
72061
45588
-99849
86146
-13953
90502
-67899
1281
-70305
43051
-43112
13092
-24596
-91870
-8637
49462
-86098
-47598
-33018
30455
93106
-86121
-8631
-67846
48227
21947
14132
-15148
81123
26540
61046
71378
40289
56974
81649
80559
-61209
56356
-68790
75896
73756
77810
8869
-6591
-42693
-26436
-76967
67916
-84814
-42828
-8250
-56510
-55630
-31909
-37054
1002
88115
44112
38908
12850
-19222
49235
8005
-31179
91336
-36988
70429
81182
64116
71195
38806
-37494
-903
-33400
-30881
-79791
-55560
-32681
68534
-2096
14049
54721
-45385
-34955
-50480
-49336
-93038
-36684
-60023
40254
-35190
33662
83462
33390
-90581
49940
82082
-42580
-40625
-99152
-97495
27885
23060
-10327
96778
92685
-26354
-49573
-38431
-94850
25357
59764
-27778
41140
53364
17198
78984
-70007
-36033
-28474
-36905
76296
51594
86682
53605
-41243
2180
21032
-30273
-85700
79061
-59470
-20546
12270
65581
94849
23707
-34641
70670
-20791
-47547
50166
-28633
61767
29880
43656
23084
-75480
-12897
87813
13644
-31973
-93496
-64462
-36111
96136
21030
86070
45421
49217
15764
99083
34066
13261
-11417
65828
33053
73165
-87558
68473
12570
94587
-62792
59569
-42768
-62285
-72165
-92144
92188
-62127
-92164
-90123
49925
71547
53116
-62916
82696
56092
-80502
-51939
-76742
-16669
92345
39722
-87522
-87090
26931
-47751
-80517
-49869
-54187
-29263
74075
-61220
-32018
63137
-65067
-79115
-8263
-19447
-12911
-69952
53226
37921
83422
57677
-67509
55636
-67540
24961
18181
5295
91101
-93863
54906
-46123
-51358
77824
-61155
-97530
-59459
71137
-3787
9144
75057
6048
-69695
16126
91454
-81675
8476
-37268
-10340
13924
-14257
53670
-71335
-4829
81985
-88138
46539
1225
-2804
59748
-26305
5501
63154
-44124
95931
35517
67697
-80787
-68962
-64950
56572
78914
-43454
69795
-76938
35975
-41125
34997
56205
-38201
-88044
64274
-35014
33085
-28637
40215
68578
31767
-52865
-26423
-74185
-33458
50336
-43567
-29425
-4818
-3049
-46229
17411
-14257
-4207
70699
-85937
-96852
-63742
79216
68228
-18686
64895
-42851
-56592
-93891
48214
-6601
-80262
9548
-48443
-24242
-54743
-47797
-55798
-22230
91313
62577
-86840
-78920
67661
50997
93945
-42000
-87941
-78881
810
63766
-88346
-5068
-44216
89802
-54647
79469
39541
-54464
-3417
20077
-44126
79060
-45104
-97581
-83886
-71404
-6555
-89031
-95961
64226
-86948
-29151
-98921
26089
-96546
54834
-4768
21644
-54260
56528
-47062
-93923
-89768
-58918
29680
-5835
-52788
-6147
53627
-48958
49992
-73238
-95428
-32062
-38396
-55723
33380
-69931
71736
5504
-18390
-95656
-23933
20557
-6219
-3810
56558
42816
6679
41884
-38996
-41398
72284
2430
-43525
48822
13783
6926
-69742
66868
-99666
99583
-20377
55812
-86146
54099
5649
53642
-5984
2345
85722
98949
84913
-82755
89036
-79323
67969
-3183
79704
-44541
-72029
30281
97190
24388
-64760
-7808
33086
86239
89049
39365
13703
81091
40907
-38455
28284
-80143
-7241
61192
-38164
78758
51880
63120
-8606
-16151
33735
-15831
-4355
-67366
6377
98430
96622
45693
70357
-34419
67885
-28775
-8991
-33913
-87451
6912
-38358
-3723
-13369
4129
-49713
-61814
-27665
30273
4107
44218
-50122
43278
-94444
67192
23096
64983
57713
-2364
77170
58312
-97288
-58782
4924
-69393
-54576
-66470
-10656
-6383
57697
89725
-32401
50643
24286
47758
-20036
-93857
-14821
-2240
-3685
20363
-60900
-23121
-97484
-84317
-25980
45997
-10292
-67836
86804
-24091
97430
-33510
-57210
57422
-46854
62116
-86364
10747
-10766
48745
3276
93882
-60478
-38379
59225
10465
27784
44846
-39206
-86303
56202
10918
-1792
83939
-40125
-69700
-3395
-97502
82490
79571
-58082
-14560
-67564
66256
9605
49548
-4765
75099
25089
-62805
12115
95269
71505
-42883
-96471
-95352
6049
-13957
95526
2214
7061
85231
-56922
14729
3169
-86232
-3144
-83101
84040
49557
69134
52757
21254
-78964
26312
93599
20756
-17852
-9670
-70494
-39488
-30214
-65294
43484
54340
87265
25232
-96383
-37945
83429
55681
-23886
-76448
-18211
-81061
567
-99785
6599
-59296
-94623
-85375
-2393
51404
-86169
98306
8573
97694
9090
-82224
52806
-2669
-86098
4469
-32270
86066
-77766
-68302
91483
44474
43363
37494
87929
-16201
46962
-35093
20133
-50910
-51690
-94409
-32639
51563
37493
85359
-63330
11913
-92037
-9939
76890
-42951
-79028
-65557
-60246
-84870
-24923
61700
-95338
-67715
34178
53545
91054
26586
18989
33458
41901
-85457
-57727
14637
-61980
11270
-38333
7790
-92438
73375
-88571
-75518
92052
16962
47959
68139
-31543
-19347
12215
10970
-20316
75668
68080
15838
-34729
24768
-46310
54232
-42852
59833
-34344
-16793
6028
17957
-46800
-43974
-42050
-65237
-4984
-42040
27642
15481
-34987
84860
-4763
58933
-61162
-46653
-2609
-36622
77423
-54568
-74404
2709
3874
-260
97904
-60889
14166
12135
3184
22467
10690
26956
33471
-70429
77836
27002
90930
-17715
75848
-20779
73415
18064
92861
-97845
75087
-65796
-51553
20114
11160
54072
-64831
-5611
-76685
-55888
76192
37920
-93587
-15362
46871
72695
37142
-98032
-3940
-53687
28027
-64002
56294
-10230
39772
-62191
44594
4748
-2404
-79853
-5134
47098
46233
13689
-22144
21602
-21673
-15091
-57988
66115
76449
39195
-54616
-29130
-13405
75405
54427
-72293
74055
-60921
85651
33215
11422
86395
-73040
-13538
91212
-82061
-39918
66585
-89370
-36379
-60606
24659
-91446
-22859
-65016
-85990
71768
7257
51140
43645
34923
-54778
-30733
-28082
60365
-89426
-30759
19325
88461
40805
-49907
-37454
-63157
28313
91150
38132
-15090
-87880
96798
68602
-11191
73685
85876
-25208
33005
-28452
-83708
-77572
-79837
-94142
-44867
74861
58513
-86709
-64308
-60192
44222
46811
65233
19346
98066
-50596
-57697
-62338
-76065
55688
19452
67428
61377
-92570
-80934
51534
-34216
83136
62413
75208
-37542
73559
77562
75626
97945
-7760
63613
27683
54013
57503
-42792
60155
-31380
34671
7718
32216
-40897
-51780
-99694
-31046
-61162
30104
-53277
-6939
42854
69368
11016
-31101
-21144
-27807
22633
63077
93809
-86182
-31744
-12472
65711
-77587
82100
-56527
-91697
58162
20862
-64594
99651
53511
49884
30497
44952
87669
-85479
18910
50802
-44302
67627
42892
33666
-35219
67459
24592
70641
-57221
-4242
-12913
-85745
-26336
36724
-41071
72158
-2881
79583
14156
-18842
41496
-26349
77628
-43498
-58974
-65314
-70729
82207
63455
23870
-5956
-17312
-17066
-89820
-99889
-87371
95640
79555
-16414
39637
-32615
91753
-62389
22001
87090
1820
-41341
44189
-25460
56964
84315
-2960
86377
-49724
21126
67777
-26406
-37622
47582
32470
-11835
-14971
-91245
363
-38718
24275
-60368
58459
53570
-18155
21625
-18088
70753
77104
-4350
7917
-43468
-86396
33735
-31783
-52095
-188
-28528
-23266
65042
90540
-66685
-80041
-1203
78620
-88483
-12892
-12249
-9697
-98306
84588
19019
-89301
68796
-25639
-91535
-19937
20059
44397
-80332
78672
56146
72398
-97333
94654
12685
71124
-75595
-69101
9580
-90038
-66195
63786
-66027
305
-54660
84632
18245
-81094
-87706
-2121
84633
-71953
-11961
-79432
86562
-99608
10575
-95233
88137
80992
-79526
-52366
18488
34451
25048
9961
29365
-77118
65365
6907
21052
8476
2344
-3227
83903
53212
90737
5519
49777
-63081
56401
-63376
27202
3366
6035
68369
-97972
2647
89010
-78687
-36208
28677
-38247
-14061
-34785
-55967
89444
-76921
-39675
-32471
85143
49526
20836
-72191
95799
77592
-12337
99128
-64437
-79228
-44474
15261
75418
-46980
63675
-98666
-84339
38959
53784
-34017
-91394
84753
79345
-68
20311
45984
-6955
-70165
-67984
-77391
-22072
11981
-74537
71206
27065
-1127
-58940
-88943
-74657
57109
-9037
-26838
12009
44318
9400
-67534
-23990
-76034
51594
-48608
-50393
21462
-67741
58583
-15061
-1684
37796
-44226
-2427
-91888
-47162
-5817
-825
88787
-39730
-219
8737
77609
-81834
28063
28821
75088
75318
-24713
-6027
33789
-98123
-48396
69777
91446
-63997
-87653
-85854
-35466
-58722
24111
51753
-23454
-55733
-98281
-18896
33353
2143
43228
9892
-33215
72554
27365
25076
44894
43733
-61112
20908
7949
-79159
20051
24578
-60102
33851
55972
20923
23577
79437
3521
16474
-67025
-98902
33809
-85593
-50907
97210
-66712
-51503
-38353
-28164
70031
23746
-8403
-57031
-79916
85302
35765
95772
-4328
-1441
-7703
-55408
-2554
23606
-61737
-66715
-61950
-92089
-9142
40041
31885
12379
-39474
-1393
21254
59726
-45574
71786
-50228
32427
-71482
44486
99215
-94861
31170
-12032
85579
56915
-84256
-69373
52912
67737
-53481
80727
-37427
-72212
-5950
-5522
-24880
25924
15274
81381
12288
-46334
-83737
1776
78695
96869
26689
-79660
-45743
-13957
-73239
1031
-34633
65234
95267
41576
37603
-29776
33584
96030
17507
-58254
45454
-44616
-66773
-38257
-59838
78455
3928
-24409
70647
77571
-42072
-52393
-28456
-8262
57133
-38890
78340
-53358
-61445
-60911
-65677
85790
-54047
-1909
8191
35210
31609
-92818
-64797
-12682
-98620
-83794
-2262
-64495
-45465
79537
90571
2338
31156
57329
2451
-3955
-14366
-59923
17770
42356
11401
-42348
71648
-41162
7571
95678
35789
-5696
95911
27651
-74771
9610
-73083
43356
33279
38986
-33162
16597
-18747
-78818
50939
-57605
-52740
-47980
28391
8652
-35051
-18429
-10726
17027
25027
8887
44675
81476
51181
-28258
9056
-45381
43858
26041
-87186
-15959
29621
-36645
9002
3588
-79970
36516
-85090
-7809
-70248
-31917
22584
21482
41642
-70831
-35999
-95765
19245
-30141
63081
79825
-99957
1435
-44228
74572
-9947
-41638
71551
-37590
32965
-34686
82396
-47781
79571
-51226
-76659
75239
-72415
64213
-12552
85640
-52172
81262
-21791
-92228
86200
51845
-75464
6088
11771
-46580
-47153
-4109
63638
20323
-86350
-25737
52118
-94168
40291
-78289
-49431
-44997
95119
-60549
-11083
58031
-8243
-81238
-46640
92167
37432
-70386
-93272
72535
14235
-8228
-85013
88169
-66033
75350
-66482
-62909
62931
-78073
-77948
86560
-88742
7318
-30400
-58870
-44998
752
50859
14228
2300
-28726
-92241
-59401
-35614
99489
35684
10740
-85197
27728
47969
-49183
81827
-4649
5468
24756
44387
88343
-21295
-29680
90273
-18705
-17034
40996
-77010
-42833
45060
-72194
-19563
24148
-65477
31535
47257
-31268
-49948
-71643
-37517
-2315
-51250
-3453
-90848
-51730
-65810
-43060
-796
33949
-89114
30612
-54776
-62552
-25943
-81798
21284
63430
-25100
4037
-96137
85676
71147
-50832
-11473
50470
60460
-61375
15748
23999
-33073
63945
-20883
-61854
79721
27903
-10582
7517
48560
-83372
12828
-59691
-55699
-87319
-71785
-12707
-18934
-91580
-42322
-57660
47593
63251
-60752
42100
-61988
30749
13432
52430
96059
-95450
-16653
-98542
-72626
-3256
-94826
-26353
-12121
-41945
54765
45209
11893
92543
-63770
98760
-92204
-35730
92031
91841
41500
43051
-81096
-63796
-66062
-63954
44180
14463
50473
48332
67128
52427
-52653
-38785
-64027
-52806
6850
26017
2814
88677
99238
35439
82029
86075
-92742
61008
-19333
-97049
-94186
-34962
19197
-54434
-517
-50380
-57134
66691
-91131
63506
-60608
-40320
-61464
-57162
-89899
-57177
40168
-79312
-30953
-89290
-18509
53968
-23297
-2136
-42680
91329
9450
13725
22570
-27235
-22833
-44679
37608
41392
8379
14470
-84713
-48822
69378
-34551
-23360
84944
18952
36829
61562
-13902
-69251
34081
-63358
-31360
43507
-20087
17890
-32938
-11813
94762
11394
10255
-38285
50982
84962
67663
-94633
-25844
-59613
73684
79973
-86025
-82175
96132
-75912
-71628
39461
91921
-38549
87400
46167
25035
-25008
20637
5894
86225
-97178
-64502
31139
-94058
-87833
-2519
47423
-34175
24667
-6538
22313
-3092
77560
-65492
-89583
89654
-59764
19346
-94077
17228
-77284
44865
26
18975
-61308
-23704
42268
21514
87913
-47138
57500
14574
17702
-46503
12694
15620
78490
96573
-31198
-58782
96346
-50946
5918
66867
-68103
70567
-3339
51321
-44966
5419
23954
82768
-12138
83441
62518
22396
-31087
-41766
90501
-51524
-51405
7730
4642
64086
-16994
-53146
44074
-94831
-6173
-79050
-73100
-55002
97882
98992
-65960
-37414
-48645
-26292
86750
83227
16661
56071
-10645
-9956
-15866
-62480
91531
-93716
-7501
99619
-10484
-31494
85272
3350
-3081
40987
-18933
70754
21332
5162
99917
-6689
-87048
-8194
40267
50863
1382
10833
87099
-87173
50945
-19366
-77145
71427
-33817
73544
-77865
-3029
85598
-83766
88267
12981
-79647
-39079
35656
-51490
19070
27228
-1798
94699
18176
-36256
-93949
-32486
-20863
-85619
43912
-98695
78909
-77912
-89720
67275
98414
-65478
-39496
-10236
43457
32282
-566
86066
-21594
1475
-26594
80984
72191
-33819
-98497
98778
-82542
63415
-58312
-69298
99029
88245
-21814
52604
54981
-28064
-25014
-91138
69593
-82368
-556
-97268
81687
19882
-52423
-47640
-31955
16161
-41103
40695
23749
97539
-98101
74347
57751
55458
39479
-14216
17162
-14529
-37344
27501
62818
-67593
-57480
-46084
-26309
-96718
-76379
-15722
92382
-74358
41246
-22054
58305
-46450
18723
-10681
-21866
-90202
-84856
99497
63180
-62388
-77458
-90879
68266
14040
29099
78413
-33298
-37593
-27331
66891
-14388
-90115
-57308
34673
16554
-47438
-71383
-10816
-30830
-79838
-38429
19308
55109
57551
-63533
43730
46885
-61718
22302
31345
69441
-55086
13601
21704
-60469
-27767
52732
-36955
-69116
22167
-34644
85095
-38311
60778
73287
88199
-3490
-99124
35155
-42867
-87031
73800
65912
96883
96202
59173
-11936
36115
58898
50301
90288
89951
-20276
88361
2598
-60789
-80215
-59972
99596
18212
25374
4073
-86188
12637
14239
-61987
-63664
59297
53550
35146
-97382
93723
42365
-82895
-74033
-8773
-80648
-63968
-84025
15474
65066
91145
-56970
74324
-92788
-69458
-9543
30687
-92781
20351
-16611
-66321
63841
-41581
-59136
50088
-71933
33916
41589
34055
-30164
-98791
-75739
71970
22186
70214
-51131
-64674
16958
51960
31959
28761
-11013
-74096
66616
-34481
23338
33545
34883
51518
-6484
12855
21529
-11489
-8871
-99753
-24758
-93031
76472
43641
35054
66299
37129
-76477
-20171
-70849
-46013
6188
5843
-92999
-72437
99637
-71940
99539
95829
71870
41683
75525
-3013
5123
73249
67890
-38839
22098
-92262
-6922
-2323
12133
42629
28400
-66973
29416
-63087
-29296
44810
78179
-35235
-15016
18712
-87152
42189
-29608
29421
6674
67296
14654
-1063
-50176
-80813
-83702
-57034
42054
-65991
-22216
-78650
-60498
67617
25749
-3834
19758
59732
-60858
-34481
72382
4194
56856
-87430
33759
12849
37238
-11748
-53428
92990
84914
51065
-77815
30919
20361
-8824
62937
1476
21932
-37148
55025
53350
63355
-13972
61940
13596
80120
-13698
