64700
30795
98492
22686
57978
63686
56826
8326
57597
70817
55065
15121
43713
30218
72025
23737
63281
51680
40795
82206
40603
97796
72281
37272
30683
16881
58359
99159
48681
19569
98462
25634
76562
94976
38502
4920
15680
75334
65577
9757
16869
42788
63961
50244
92161
95609
17395
8007
55149
5344
7413
34080
25310
93969
79238
68699
75981
90187
29100
43169
15085
15061
96053
58429
95290
51832
64678
91047
31429
74163
13101
81986
83201
66483
25396
56730
88592
49728
71565
34015
841
64322
68036
75132
29201
92177
15698
31569
94203
86544
85042
29618
11847
12475
73195
97805
24728
91709
73410
81040
87036
71296
10331
30003
88595
82828
76039
92208
36443
45674
34829
24187
77029
88235
68295
39756
46716
67277
90028
51292
12311
17364
50671
39000
61078
40710
66249
87978
34338
68986
45879
6207
62812
32281
46545
21386
33191
3383
75496
34764
30401
26926
83499
4129
30591
38052
99593
62098
13851
18130
33953
97960
43844
6019
33680
80960
54519
12567
77862
71579
48531
63476
58111
62492
37925
19515
1922
26282
78197
50336
98075
64297
23086
92164
86179
78190
7789
86703
72489
63757
13497
26664
62797
78346
13751
52988
46779
73145
89087
71309
68910
15315
88557
12027
38617
44517
71560
44072
88037
7167
7617
21404
85803
43626
70270
76667
77452
52413
86761
37125
42774
7288
71518
29181
44708
18177
24075
71094
95161
92718
37202
89511
47756
10206
31159
75604
23864
73752
40625
7254
48609
50679
1407
47634
42015
48628
13976
28597
52245
88010
25280
3341
82827
86583
763
90389
11053
93753
73621
6664
1820
47585
34827
7453
28740
78867
61522
52591
59107
43984
6103
6897
87509
15648
11888
64526
7076
517
18118
69961
55884
39658
54185
95875
80621
19663
29457
12707
65952
26882
15423
56639
55461
4910
29915
78241
32831
37518
68807
70595
67689
79906
71477
9005
52866
11471
99894
33984
5535
50139
64002
93853
19610
20784
66991
86181
48229
51106
75110
51942
66576
24909
35291
42141
15980
9875
43085
63976
94141
35332
92056
45263
82964
7242
78429
59798
13250
81612
15664
60065
64601
53698
21876
27315
56222
44228
75693
25545
26098
54939
66993
98292
33584
5473
39682
93784
83766
86674
32684
82658
28989
39351
37267
7414
49432
26941
84684
86931
77142
7071
43402
45619
57774
81140
4134
13457
34736
27010
19379
44943
40839
89045
58276
95962
82446
61440
13216
76632
28387
84936
70491
63589
23323
33613
14437
47789
69507
83907
71666
50542
11165
47526
67899
18345
14481
49351
24482
14795
82835
68086
19409
56322
89733
11058
1930
12360
6446
43853
34609
69505
56801
44578
39690
19591
25730
25074
5527
50431
20514
98419
39797
11715
5380
5675
93271
49161
5577
5567
27947
5211
5041
7389
53909
69420
92379
96728
60257
96524
20014
23157
14101
31659
82964
37656
36636
18767
69644
66314
27655
94809
13686
55463
39362
16791
49658
43676
25841
22049
21547
19099
61532
30606
20297
4939
35249
89578
40199
43242
79171
80991
91458
11173
13194
3581
23795
6875
20993
30612
73257
13137
37234
2007
75099
88336
77320
73333
51982
85595
24485
19135
35520
46926
63992
8213
17523
28469
787
41700
18393
56031
34171
60076
54690
32783
69648
62327
71296
32022
34002
30982
56878
82174
39669
66901
23052
41022
36299
42821
63880
56588
33995
94502
78926
45045
8585
81211
19732
51106
26746
60548
80600
9826
98271
12982
78753
72353
30105
1652
187
3748
16606
26711
2484
36464
72
37565
20316
43106
69429
2498
55352
64837
28470
45682
95319
65151
37191
41455
63004
91238
82623
85111
90856
3087
72861
36538
31998
93104
43968
22017
13990
69568
16342
30959
46392
62764
11105
3098
39812
59918
25065
44985
81753
61873
84276
30774
59351
62056
36255
58669
58324
88703
73303
47949
71292
31793
31930
44994
4047
21096
64307
99700
92369
66501
6198
43535
55762
15597
11846
5888
82475
81340
98256
17709
15495
15884
61963
68391
65158
10657
22944
73697
61230
16703
54717
17908
15681
86286
27944
86628
82565
45895
69842
41258
55449
74412
2791
25832
75850
35965
53070
54315
53670
34339
25150
1037
74431
21795
70628
43459
5392
24540
97516
58662
63292
47040
44945
19045
17013
39277
72962
41772
87576
90834
66969
70591
21022
98965
90355
6107
12477
46809
63678
42836
40423
29534
68556
66139
47573
33802
61848
75718
67146
53425
35592
24235
89110
22149
36466
40845
48999
3355
56832
61002
42212
35616
78480
39156
91695
61169
83391
58496
61980
60984
50013
74000
42098
60819
77970
65018
64707
98132
73193
8558
33099
86615
30758
35596
21287
15231
80306
54742
6403
21643
55151
44129
3268
4478
43187
47477
10865
1987
25971
36829
88228
45378
36732
97363
13448
32779
56019
96401
56746
37840
60067
28381
17139
65807
1437
85164
12522
60348
54591
26477
51047
25901
74535
63879
98410
23981
1610
67292
14299
93165
32275
39703
40016
68452
81097
99175
33818
27942
51039
91016
2881
16065
6304
21571
90409
81915
27948
27136
35138
40461
47996
20765
99375
60873
99927
83889
26327
44504
90262
80671
13433
43694
72947
47684
68671
58735
1693
26576
7089
39848
13380
74561
25743
48104
7920
7138
29771
15991
67452
20439
16191
20146
43662
94680
42243
40009
89952
95385
92404
45713
73054
67857
76026
57043
50624
22198
9205
19543
64693
99373
17587
42792
57088
77295
43364
20613
36405
14761
27962
78087
63607
9212
30680
82381
83012
99660
10024
97904
52733
51472
70147
87768
52724
79110
78485
69329
6175
81863
48567
26308
3837
36934
85114
34284
76586
62111
64380
20404
24098
31426
38041
58005
3864
76987
8840
69393
60656
18861
4687
2546
35197
38847
57451
99548
21720
79065
92851
42831
18001
67927
96033
1780
71438
95315
12489
82269
25113
68713
9744
95710
27052
18835
95552
76983
7875
56261
44989
9447
84458
8457
89345
71018
19033
79381
34342
90313
56352
57745
65881
12773
71281
43500
1714
63088
73255
24440
1029
28974
95058
18063
48760
20796
68830
94614
97868
21751
81888
47074
33530
92119
7813
99802
24326
17501
38567
7284
6313
94337
3245
32767
98434
67128
36498
64070
317
30837
52947
35523
30056
61861
70497
30135
28115
58301
72255
26341
66484
307
87803
35521
32570
60358
55270
62348
77492
19745
42411
90337
51984
33632
19336
74610
96476
35624
32557
61551
45986
41394
67828
42115
71847
52992
15136
64928
34001
50800
62813
77082
32682
79747
83034
17404
14733
13608
60667
10497
77685
76074
16838
59649
48780
71248
66927
49938
79916
81109
66620
99587
11321
7242
44126
3443
94946
13990
6528
6481
6011
34512
95573
25862
58191
42262
59605
78054
58486
20913
28042
36613
72346
64244
32504
28457
26776
12075
45148
86230
59994
64528
6146
2419
59692
57406
82570
5477
33943
25265
13215
21814
496
37809
75379
29453
8080
72512
71972
11879
19019
68702
50293
49618
96336
65704
46266
99995
46678
47181
48728
59834
74913
5187
29734
21159
95785
13866
61473
63460
26856
47559
37917
42798
51757
68778
92796
48588
92658
9493
28351
23250
11830
20210
59843
58198
93007
48990
4221
28892
94562
68654
20923
5153
75265
85100
99942
46912
61560
9314
31200
59295
84001
29835
5463
26633
71537
10128
2969
38648
26466
83715
88118
75070
27116
2295
61070
16973
79085
70012
80500
62099
4223
30915
22521
17700
44864
20532
42285
67036
25946
3452
36756
84038
56818
83190
35566
35363
33665
69511
50932
79398
49270
77800
69581
39621
94112
95512
63503
30677
62296
70775
456
33220
71847
98208
44515
52566
62702
32931
48204
20807
99355
77032
84933
68387
92255
900
34793
71285
81498
3901
20038
18612
87160
65067
99562
81405
51396
14970
33934
43608
55291
73876
1621
27859
6591
36885
43715
68188
18434
94931
25322
32281
49088
16199
53453
66206
20535
17327
90405
82882
11542
96531
2596
35858
29097
40547
74716
8629
53748
19517
26599
20104
92369
12780
43210
9306
98457
7900
42949
26829
95983
91805
39550
29715
72394
65033
54327
36006
93954
37768
7806
82793
26475
11870
72848
30659
42912
87200
147
30634
92481
29741
8318
39738
74472
52969
37641
22776
77150
69245
37451
92864
57700
59885
81199
38048
30752
6741
46936
36140
42192
68515
26237
16340
59934
80478
64965
21702
72253
70471
52863
98273
69596
90177
57817
97677
5265
48155
51892
44202
40293
84422
45479
16873
27086
25774
15411
59659
90319
40113
85366
10154
18591
25512
75146
84409
77827
91454
19046
17806
3094
80969
15165
38896
27195
88091
97372
86265
10862
41383
22946
82357
77299
81680
99745
24099
32965
71221
92691
58958
12985
72985
84326
40940
23464
92402
4029
9514
66106
73088
5911
98618
73542
73431
3452
48988
1181
96520
6430
57434
56804
31423
35782
33184
52098
94388
11936
16926
85853
51275
60231
63151
74892
18283
52093
29967
55340
88772
82736
13822
52090
97191
22853
94067
82415
96699
68639
44445
17095
90656
3470
90619
16003
8420
73890
79030
37612
70754
1767
17548
87391
93574
32330
71962
74885
44512
42210
38770
47292
34379
5470
58836
69716
90101
30744
93697
23299
36604
28994
9536
3516
66060
88321
39842
52817
91556
58937
38841
35159
98724
87304
699
22438
90809
19141
31071
56418
61343
13040
26821
35650
7563
37494
78590
9297
92700
17467
3408
87655
56674
28072
7563
41092
6883
32363
80227
39403
79213
75417
71783
61756
19138
472
93805
79560
34886
77980
14966
92204
54499
28811
79629
29576
66685
84906
65961
19043
58506
13634
94260
54360
71767
80473
88095
6487
56745
69567
25663
16048
67566
82932
10509
20683
79458
98412
54454
14450
94058
18319
21158
60665
93838
34063
66521
21702
41479
40104
33728
10080
68126
66860
19317
63481
86873
3303
91807
56612
80263
41002
91425
47542
14950
83423
37796
65356
69005
13807
84341
30747
62253
10653
72916
51460
3177
34294
10393
55496
95125
95594
94117
5363
67664
35042
65497
44234
12657
37506
62819
81759
25120
58315
3055
70717
88129
40512
95495
76467
52336
13461
52887
32352
51273
61421
16166
45037
42541
83574
93934
40729
93341
14606
72316
37444
15959
66139
88594
53050
23572
34793
72271
2432
67808
26253
51407
99996
47011
48874
85226
23882
81040
93797
66082
16848
45467
4804
91894
38665
10900
87674
45581
84509
65060
55123
25517
87741
18234
8023
8711
90004
96303
32698
7582
44502
71155
896
78536
7673
25569
9875
47369
40725
68785
72856
15905
32996
54096
49275
27984
45496
52588
63537
23745
95070
70184
9042
86538
52996
93479
65111
77077
55540
84466
94385
47142
79485
2378
45037
1952
94388
39771
39432
77222
71397
51916
7229
79629
72824
91606
93161
13839
66770
3855
50254
50275
70077
94488
12736
2350
85658
67590
25797
95771
82649
4808
78233
82818
95000
88412
318
61788
84708
47936
54450
3540
99463
44817
71306
73052
10565
40610
24540
62858
65620
19083
90491
52681
2990
15005
72067
33117
68728
75563
31211
13982
53789
29626
67286
22082
27659
78100
65492
35049
55977
26632
53318
93389
97896
9538
31495
75287
23962
65801
58388
3963
58236
88918
1292
15793
3884
98650
89698
60638
9425
69857
16547
93044
19895
71502
39421
83070
51935
42248
66737
38285
78991
76931
59701
73369
39466
44679
91600
88437
28493
50511
13539
79802
18234
64661
3479
79114
70463
54798
10116
36181
30465
94259
21655
53727
96570
96064
22269
74691
53451
3601
32693
58952
99845
36636
72003
53810
2014
95395
17607
25616
68889
54040
59717
24064
53457
9646
92989
50609
38549
3058
79290
96875
65947
62316
6218
26152
50017
73634
17332
39490
82458
95703
18471
72751
63733
557
60504
81749
28872
71553
67239
51686
50339
70842
24649
55091
19829
67321
9509
41123
5552
57282
61281
90138
98745
61778
89228
51847
1426
48565
72845
26907
37650
16041
23055
51710
24498
25280
30502
24821
98043
32686
15349
20690
91375
3326
67450
41068
76308
31187
45036
78821
8692
24543
93908
96257
2114
46897
63985
99967
38643
11467
24307
14497
77781
79201
12947
34146
57922
81585
68541
42820
12403
33702
31902
26366
97090
67260
52578
33334
29435
56813
42749
83806
87736
15214
96794
28190
62564
26103
36894
54764
17489
81560
82583
23727
6181
18370
17756
71816
93063
29123
45590
7962
56226
16444
81417
41845
50445
17422
42343
13131
94966
30178
1304
66758
8787
95679
18876
52766
92071
32034
40808
57890
33661
7047
47331
8540
42698
35139
54002
72221
32856
75610
1021
7217
61752
51083
58373
16544
9419
96756
79582
2377
39933
78046
3898
46098
53520
14152
33191
27055
83516
81220
73352
42328
79770
86086
25514
67433
41481
81653
30327
3019
35801
51035
94048
66990
57047
92880
61130
47349
38610
82851
88842
32057
32705
5650
81314
41120
8322
60204
10884
25946
32085
60896
61621
1109
27706
10634
21346
7915
74516
83890
8671
73770
70597
40449
51403
10881
27414
40230
84402
81001
53655
35546
16740
84374
48203
96045
66511
43339
14543
36463
37033
57197
91855
29024
41985
78199
97873
80732
35975
16555
98719
10567
26215
55505
56705
29928
6901
71868
70845
65961
55899
71682
36617
46987
47524
71386
53849
3068
48831
50736
64907
26676
52445
62421
19181
92020
4795
91805
82838
72610
68571
61940
61803
46248
74210
79069
26723
39294
10815
11345
85583
46225
28164
61397
56453
37125
12354
15546
44648
70326
57784
19732
70205
84576
57165
12340
74328
95623
37542
39828
33128
65538
71630
83941
8714
85082
26948
93573
47248
21913
86743
54899
46261
27911
73899
65967
45719
31416
42839
29039
49383
88118
49383
70776
84405
51104
42386
18786
34819
80964
73037
43714
52564
3272
77436
98054
19033
13578
76729
1451
89711
41052
85986
91396
6339
43044
95585
79487
29929
14545
5931
94334
40564
32056
51793
5099
96513
1027
85782
73984
27441
62789
21075
20996
60601
22028
76807
99589
32933
22084
36687
53331
44857
60075
29258
11150
22002
29262
27271
75588
86668
48729
12471
42459
46537
236
75869
89057
98787
19714
63120
10020
13567
65109
61666
83112
62570
53227
53943
42166
4687
63956
12680
144
73423
9203
28736
16490
99539
57916
17007
31056
41692
41317
25631
79214
6430
12470
61269
91031
37260
5393
65759
53450
14314
53360
14061
7069
61549
69292
33646
70703
35058
65154
80527
78693
53287
3539
68212
25149
64082
48510
94739
69652
20995
97689
20888
22938
2947
7702
97812
318
5928
19463
9011
26766
842
56601
5445
90243
86974
51573
95674
49130
16790
43771
68387
44589
68789
31850
3325
2953
16869
70182
65891
89105
74039
48348
11207
93667
84163
28655
77444
73215
45674
70703
49250
4195
84493
93311
1371
67235
43051
82796
45782
92239
67849
39979
58868
41847
75749
83862
41404
3256
3933
54755
96837
48300
24155
81892
2790
16523
18703
2839
57216
79962
58556
73540
85305
84188
70580
92524
77644
32645
53191
34005
17156
28545
26503
56072
8700
97802
52177
95042
78231
66917
26395
93827
8638
53042
15474
92829
8715
36199
17087
63811
96624
63864
21608
68801
17923
96236
60633
17737
37029
44751
88211
74054
52417
18167
66809
48393
88321
11718
53066
85153
42619
33557
89627
69911
39079
50171
94298
75903
28284
47633
8921
72360
58816
74949
4402
25295
59366
67897
72318
94530
99725
98682
35900
80902
45003
1159
87797
14319
49415
27003
10735
49782
95634
1270
24084
87802
89446
40540
48793
23198
88689
207
49504
66789
2540
36572
73703
92242
80281
44949
59676
83333
17986
67916
63115
90286
61982
37928
7900
75309
3394
28014
56900
78210
1553
70882
90683
67705
74284
17965
84305
25641
39546
1485
44734
82452
90323
66911
78524
68442
26350
86010
72373
4595
38753
23947
49946
91573
70480
58140
2007
94547
41922
58163
6647
75457
63638
12929
95515
83139
73475
34787
77857
51047
94055
66184
55470
70224
402
16434
64779
74251
79305
69469
15561
52574
21188
82553
59039
46717
73887
9950
14195
14961
16496
25130
48928
45836
47312
38889
35511
77692
81629
37651
7525
36123
67116
15003
33736
56017
45005
54999
24678
96167
27832
60059
74362
8013
70350
19557
89894
2040
11710
68174
12341
79281
3876
62300
70213
73216
26504
78446
52706
77111
36828
3777
48523
19166
30808
70287
79152
2594
39105
62393
92495
21413
72049
7500
64009
52035
68960
98721
76365
42408
88681
82966
19827
40140
77017
3920
53735
83069
96747
92034
95514
50380
96859
83043
46790
21756
82408
7979
34051
82560
85120
44765
92953
13373
28621
74774
79243
45535
72901
94798
28198
10662
16031
13226
53195
73573
91714
85057
96307
85996
55248
84869
56247
25122
16694
9978
97944
26259
28419
64392
92214
23047
82348
774
48371
55019
72791
59308
19849
92206
85961
99272
82994
56436
30382
90351
45514
25575
57045
63313
43903
28144
56249
6736
49347
19912
94754
25079
97233
54859
79542
58235
83648
55357
53721
16649
59907
35641
13331
36309
49586
80117
82335
71091
581
58124
79037
38168
87622
23021
74879
3560
74435
17459
52778
36040
3067
45145
83152
2408
18044
99220
90621
72655
36297
52393
2077
2464
9530
61492
86337
7856
27921
9095
69209
65479
70918
77957
38502
80675
27939
92753
43966
93658
23277
71550
71595
56918
50723
49627
64747
19876
28414
36340
21197
88593
75117
1077
29390
25501
13282
46842
53395
47619
6931
91451
42446
2592
85378
16385
51068
49331
74478
20986
78730
18516
63445
94570
49102
40453
51761
47991
90435
80006
23581
46480
61263
89126
8226
93340
83752
8056
94653
54205
20343
85212
81622
41102
44327
11413
10380
33720
91202
86657
36861
98410
19511
50873
4430
34410
5049
36477
75096
26885
21216
33267
23783
8419
22817
67802
25496
21689
68198
39149
71641
95396
95776
34693
4529
25536
54807
3641
95308
92607
33077
32051
72619
32749
29834
41530
17895
310
77412
271
80410
698
71116
84370
86261
51899
35012
31689
68131
30371
81074
61322
74745
88661
26486
39948
86899
10489
69564
13821
79139
41349
62508
94078
10781
80925
61161
43632
90127
33536
32590
46990
56320
59210
40788
86134
12392
63346
12259
34012
39312
3634
67315
6715
36290
85325
20071
62926
8924
87007
98838
91126
58400
74294
12883
32747
8959
69355
45522
71413
29749
89714
7833
41390
88620
31303
67617
53776
84303
61923
9014
38458
21689
78072
54957
96417
16198
45253
71038
40358
73114
4315
9411
58927
30245
8729
16542
90184
53039
61959
22858
44102
17674
87931
39305
30825
19500
85905
20888
15748
71039
27085
3947
30816
41296
10135
20378
97252
42932
91271
7627
9802
28506
97672
77252
10399
96829
19918
36540
32950
67834
65523
77926
76005
32163
46290
83495
27758
78162
94089
65468
86288
62918
62718
46206
4253
795
25807
13768
7264
18106
95842
23914
84856
21974
53320
53432
95704
8394
49555
46250
52205
17665
50638
58273
71271
13276
27539
1617
47046
17742
63912
52497
39043
19344
85924
56592
80869
14125
76970
47026
17988
75919
34562
34483
22667
28067
32841
76211
55058
12584
43989
84172
14035
77151
2156
65645
96688
92128
53358
28034
1346
97676
26482
22031
60181
96129
19500
89564
75801
92467
44073
20601
60790
49871
42188
22284
50787
61542
2265
89732
24926
13862
79736
43630
61668
24576
66631
84220
56147
88321
79015
88149
79334
91289
73329
11443
62972
14390
44014
15159
58258
68283
71195
50317
19787
95300
69687
42563
24508
66486
81768
8360
40627
95985
31008
10195
20463
16507
87358
3982
44063
67636
38465
77937
57440
44148
81027
82278
30717
49971
4935
11737
80429
1907
54413
40629
30338
97944
46561
5946
8847
5558
77066
89900
56480
17620
61191
14074
5929
14964
91336
36103
78021
86862
84105
5317
48905
7882
35723
48991
29698
19112
76488
10728
40837
89934
61077
51082
28707
9219
39864
82066
4384
44671
68622
94137
38198
15646
71296
87346
99651
1198
88706
52754
14054
26323
52121
40601
13462
76815
58073
84871
81496
44787
41191
7828
82575
23859
59374
81953
34424
3187
96363
29103
61636
74021
82310
14092
1612
99204
30528
65886
26414
39360
16267
66519
79747
55615
34105
82946
501
26173
34731
56689
46206
67589
15045
56420
74855
11881
37858
56582
18235
78672
26765
30685
61290
6942
14307
96403
7361
72167
69581
66530
42318
8310
66778
45923
41509
94515
79298
41535
41082
22784
92532
74162
20173
61938
92485
78547
7064
53469
88049
46483
7896
90669
83242
88722
46863
46128
12393
56270
44411
35474
13036
59385
89741
92999
39946
30549
68531
53587
66084
2661
90589
83458
41957
24883
28241
67089
17739
67913
35635
73989
94424
52959
81698
11499
51639
44836
3389
73325
53732
34638
33476
40388
67818
16938
55519
84275
87417
42376
13020
96188
94527
15911
3209
91268
27379
54977
77008
94901
96587
46675
92889
96471
47417
84490
74145
45904
97446
27057
69018
91355
39837
38419
73052
84809
29142
52965
15241
91696
2228
25161
26494
62067
60040
37032
28255
50014
70816
98399
8632
194
51651
71253
52572
5951
98618
44811
71663
27921
79479
18603
14414
84982
79572
31098
74106
6939
50855
46317
84320
56712
23843
99494
36190
85228
96693
80614
42877
3107
32092
17345
83705
30869
76483
17174
8216
93440
548
72568
46803
79153
54514
58575
91931
76161
54122
44614
28864
16639
71873
72144
57648
69850
24323
7539
32509
8103
35009
75248
31562
82969
35946
84617
58822
41412
47476
6003
64946
14089
48489
43278
16231
46831
15993
985
10888
72994
13035
13093
88609
94034
58713
3435
25087
33372
47225
76899
13697
1897
52838
20166
78824
60892
21182
27732
16865
60303
7935
83165
76854
6244
81477
95359
34313
51366
41688
25042
96759
40024
17713
35454
68355
49209
86624
43195
21844
68909
30936
31359
56092
17085
69106
56124
87230
69196
55810
73166
10087
31787
22258
59269
7613
50587
61901
51583
99496
60409
41100
96785
52296
78581
84760
22706
49473
54929
34060
23234
31470
41717
14216
30177
6132
34817
62934
88542
87115
22202
31682
1380
86307
41195
44503
64861
6508
29756
85812
41697
58959
31447
17917
78764
86359
15306
91509
95497
78629
83187
65556
13869
39292
88460
41412
31949
48714
84056
37563
57062
98302
83010
78453
43500
66419
20813
91141
38070
21835
52812
21090
80539
31889
31029
95366
49808
26095
50020
29852
97210
79641
76972
76219
18493
51040
87996
62317
80341
34363
27812
17179
54371
74265
3927
88310
14015
66179
60974
40572
76197
46460
15222
24570
40247
46551
88895
97019
81776
27038
32043
1835
88313
76725
83078
7392
5275
53095
31806
14365
12107
29320
5842
96164
68246
69722
927
8993
95714
81890
17497
86840
62115
6157
25038
35862
17231
54844
38168
52424
11122
37893
97025
94466
43369
68871
96873
49442
8304
90641
41341
49883
64393
72111
62889
69006
58050
81099
40830
69440
44350
72589
49939
82131
36777
98732
76112
97289
34321
2823
48673
2235
75911
24706
99389
185
82957
66327
23603
61132
44135
83195
94561
98891
50551
50417
81012
10113
78444
45715
48595
80534
78724
82784
22851
71776
63435
52495
90252
28625
47734
3909
97062
158
39959
51009
22553
8981
23215
86987
69347
94701
72912
50547
94299
37319
72975
34428
39799
90317
62333
9318
96602
57884
3532
65387
60659
5338
47265
59593
26324
17405
22267
76235
80171
43597
60348
64887
18400
20693
54516
70903
40950
52347
86237
84114
64787
15298
3097
1277
37991
37046
3659
39461
34384
85620
40641
3281
96062
65292
47794
88537
6098
41824
36700
62890
20948
98602
48902
47968
14384
97475
57981
55692
9541
75285
29778
22033
50005
9761
72580
9268
2138
57049
21151
59981
73163
19596
54360
54578
60699
18548
95801
74424
18552
19682
77504
24227
91884
56582
71191
62796
65120
77876
49784
80936
33105
92456
90448
85682
95170
21883
15594
66248
60304
42784
15313
78545
80258
94425
21108
35970
96872
50428
66044
44691
36019
69779
88218
24292
44029
21535
62074
39555
23242
35332
23790
7430
12759
41706
37938
86052
10419
16069
79438
91705
62440
4734
8612
24941
55559
86615
2871
88252
41055
63405
18084
96085
44967
84062
87895
35415
78597
54523
28646
9294
36017
76577
82784
60804
78463
52416
61022
57931
46937
82944
60469
83303
92664
83030
25866
7983
51728
76208
85816
50119
56950
17785
27303
78012
24491
1248
79179
77919
72816
40528
14055
56126
18536
80606
78955
45789
1542
95830
54526
84579
23128
16141
83868
20100
42044
22435
99791
46217
46119
88461
13170
39564
77495
56442
33487
94249
30280
40766
54817
17434
95610
74090
45924
37292
68815
41743
15036
66479
97302
99824
92221
70971
94956
34956
72624
60499
45862
55040
66024
71118
52217
47974
16844
89803
71283
13627
55105
82765
68368
77173
27846
85019
78923
59825
85506
9307
47410
62192
79317
74127
20791
41888
12144
97569
66962
96637
2819
31191
97666
29724
10452
50614
4959
12095
11472
96929
68083
84031
64274
74006
87798
2108
43707
62037
99893
20047
6927
63350
78208
15029
74551
27472
58157
24708
11382
97398
89721
10671
94819
41129
90648
58165
38641
71257
81975
25392
35929
38380
38383
72203
445
60847
13488
82172
8763
4608
72399
16458
59101
12030
43862
96419
58173
73887
75368
16165
554
43695
53871
15703
25167
83626
17117
10413
30776
41705
96321
41380
84538
89475
76105
33049
55096
70644
39831
94207
64847
47058
71266
46906
53571
3910
52036
88220
91561
92422
95076
810
6807
12445
6557
17465
69160
224
14410
29879
43804
54090
83453
4229
4128
56299
44769
2202
7048
41449
71466
75417
42932
39120
5892
21360
76084
94980
97089
81824
40086
49018
84681
19419
43805
46776
7642
20055
3351
4521
33313
19375
53807
72074
99711
55505
46972
60255
57932
3937
62431
84543
5076
74348
39919
42165
25686
79845
28659
49312
14389
19868
51275
46102
48092
54594
41264
52171
5995
43458
93035
74386
2138
42122
39523
59601
2442
96857
17320
3221
24142
86396
16954
87148
50857
7176
51808
24203
20067
66643
4933
42024
53841
31298
26811
21508
12737
82495
96526
49882
93073
75984
90705
12211
29447
48592
65074
4017
70152
36551
64005
37764
57882
91186
90716
20963
55612
74651
40842
34315
19165
14940
67106
28490
92290
87788
81853
15227
57184
45092
70351
24061
66777
13577
4523
47806
13890
96519
15194
81652
86191
1448
43867
74775
61249
77867
97479
49962
35510
52970
37372
13026
35170
78377
16287
5770
37171
6485
7594
80996
46827
38766
27805
63602
54931
66773
4308
24822
5713
71347
28453
36323
1789
65036
39990
21984
17574
48540
58417
48209
44460
94936
96943
28895
71402
53052
53282
93195
76067
47091
50659
58625
71452
38439
84303
54042
48062
28955
12336
58773
97272
1054
1306
56926
11083
41936
51231
18706
95100
86215
22089
43123
30253
95473
45472
80259
2513
70000
79414
68529
88947
17029
15889
65165
19556
88537
75827
79193
46812
97676
77189
64395
10652
22287
69128
38695
41197
83713
94360
83710
66546
58084
77770
75413
16792
850
31155
67001
12150
40191
8033
70767
61552
96686
23996
75891
80089
76726
40200
89690
50497
38156
14784
61538
92305
61761
88426
99765
62054
12977
58392
72337
18879
76641
64770
83673
4872
27971
16576
60418
56611
92221
12943
33634
91200
15648
34302
37825
59752
91296
64996
18818
12240
96682
63982
24182
6586
351
22545
90460
2126
61368
7062
38197
57733
65250
76611
76075
29980
27745
16692
22258
5763
30820
91505
22672
28325
22574
93043
27287
60603
35256
59443
56552
59979
45439
40415
29099
45957
95335
17597
81246
56058
21816
25334
52078
32279
12024
9015
3255
13304
99775
47997
30061
82749
35472
10630
12102
2766
83086
47028
25005
89089
35690
1146
43437
23351
48588
21657
94717
24762
14399
19415
65136
5010
59624
88818
23377
74328
91437
29898
15468
31477
17244
53133
8541
16382
8727
53024
10034
97628
62709
14018
3769
56113
70430
47812
99637
72039
17855
73733
55386
85847
34186
72968
25313
50753
1126
43204
63306
50198
2751
12177
64875
95737
38865
46369
3249
13146
59291
19963
18947
33299
46667
34104
3673
13078
61410
73768
12285
46951
75813
79565
3950
60649
14229
39040
34451
48016
17042
96730
53800
89326
69980
20231
27508
51379
18203
44515
47726
89325
12377
42116
41514
11519
46354
33478
84321
15384
10935
86707
60064
63755
21259
86169
35188
66599
95851
47020
49584
66689
56537
27116
74253
77989
77618
44369
63040
71144
93558
30968
52755
1796
48897
73236
76998
85836
33744
6465
41155
30857
77802
74239
46799
51068
88956
84609
28901
57536
95049
89051
39944
87113
8813
91345
27593
30232
13310
31101
88751
53734
78721
88813
48921
98899
2858
38758
69173
87875
48177
74810
98809
80112
51097
89795
82208
82505
96672
89848
50240
95904
71520
31453
86198
38941
28506
27135
46217
14494
80174
89941
85843
88091
91237
15458
49600
87552
20067
92454
90143
73677
92495
35082
23683
86029
36779
87774
34589
1463
84609
65264
35142
74110
51513
56007
36077
73202
41787
77610
86926
32744
85703
27126
42854
70147
57018
31391
2476
5929
82978
87889
11288
26887
1080
5927
45409
93016
84751
89059
64385
65547
21804
24131
69714
86178
985
47768
62533
51601
83781
62970
23179
68748
88012
35242
31241
7687
32854
16918
18156
75526
2045
41668
63900
8446
39955
92289
253
69109
40810
23722
19199
26194
36833
73018
97610
93268
91823
44417
77031
63902
61581
62223
10867
3822
23799
60572
86272
47119
85703
78410
27043
19678
88840
49234
71595
43665
73327
62183
18308
4219
41757
85476
84043
93028
9672
41547
58352
27651
79258
12549
13993
61405
47084
86828
49711
17914
77102
74095
17120
24415
43539
12838
22755
60664
56673
48070
43144
46063
15536
66096
80258
37619
41373
76143
19089
55924
75865
83500
81696
51262
82915
11159
62758
5975
89596
23914
29048
91814
7152
73856
27326
99983
6609
86971
56093
68282
73392
95079
23037
99372
51897
36882
49626
77809
18020
43578
61433
4580
81271
18762
60364
19082
30524
65900
5472
61373
21975
45558
99912
91
96940
86345
59083
46314
75298
52379
88903
66668
11425
20121
53694
65434
84199
11811
78962
38672
77253
51190
36718
87866
24296
18567
47444
84230
35788
52976
7174
44149
56262
59590
11552
54041
47578
64101
26127
43712
47596
82182
88538
43077
11286
11228
28673
97641
18857
57380
6467
43067
40298
60889
1339
57649
47923
14423
76158
55813
81224
66301
95813
87118
68650
6989
52188
11101
77588
50636
3823
8274
54876
2235
87404
86605
65298
43397
2187
33471
52512
94670
51774
32567
39136
68967
79483
37253
16906
68490
67703
39811
41786
3433
60960
60871
24040
35125
35030
89206
63345
80776
8892
69969
24675
85215
12565
26440
85471
93176
51687
24497
44705
17561
45862
79235
44617
94466
94868
96887
21692
57731
74286
69921
6554
64856
48028
96422
36556
19298
83622
73032
1974
56986
33809
46953
32947
4636
57311
49597
37730
5932
16680
42736
10324
81407
96355
70316
77020
89458
36019
99117
73250
13364
29233
40403
47145
3231
80861
35430
31729
9112
89714
915
49423
52060
80851
54520
13137
89308
12385
3291
79460
65283
25063
94847
11226
60800
71150
14190
26241
3138
66102
67343
14599
71632
96581
2310
29730
4385
99158
82969
57811
44279
75796
74391
55017
70191
25389
80985
68011
1182
64166
97721
64618
49195
71652
6547
779
89009
43570
58226
6932
50751
93990
78156
54417
33007
98351
18832
54
83100
73914
88951
16258
83001
78234
13524
84890
48789
26493
709
19781
73145
26081
35126
10607
8046
96887
2216
66573
67406
84518
78408
40950
51090
10600
55068
54544
54968
23040
61338
74359
48733
61920
22749
14553
87473
58057
88004
8211
71602
33207
36352
90867
46171
6231
43843
59013
13965
18672
85637
71605
23201
49050
38658
32587
82591
26485
14462
76264
83550
94691
25635
99395
39065
42736
29033
67639
42216
69785
51995
45216
31969
77483
92415
6251
79165
74857
85983
29293
35442
66187
22275
72674
88371
42217
50566
87138
48746
50064
41975
10850
88238
39489
50500
5727
16808
78054
12632
78566
9797
62359
46952
4978
46029
76363
25663
73578
70247
733
4434
22138
62460
92324
2540
51834
62468
87431
45579
46249
85803
38711
41146
73169
28298
44025
28863
51473
27695
45194
63425
43482
91337
97505
46285
67845
55129
97167
97889
71260
39910
85778
41623
56566
67388
23496
92164
54711
88842
98762
38959
59670
1368
57563
99455
30640
70549
428
22079
82577
90360
85870
63692
91504
80062
15204
716
94135
85779
44715
95593
49381
25197
43982
86187
79399
85548
93067
64099
56151
24906
18953
66370
76293
50513
18327
86866
20383
58884
24026
25111
95213
11157
51485
78218
59102
9298
10397
97745
47072
85104
72915
79341
80843
97631
76515
92265
49962
80652
87519
25776
15549
79773
11478
27391
95391
98661
96680
35662
92176
72
663
74265
10489
9637
49618
37984
45810
3056
92132
7309
77924
75250
44070
1658
79675
98279
83231
3538
21233
36319
50327
53211
83155
30285
32812
50538
16188
47664
85432
39981
2624
5655
420
79530
81701
1275
69978
94850
9255
72516
30806
76780
96205
18276
62453
88567
71732
94239
73476
65295
73878
15765
3713
58504
47624
95167
93796
97922
23314
41587
28088
94
58534
16563
26308
930
75913
68960
67704
37303
84260
30608
3372
6427
50833
27323
49067
35418
69048
36670
94864
52471
8592
80473
15138
6425
52608
60550
14202
65153
82719
44645
65292
264
73597
85966
49682
96334
45991
7301
32094
45860
81849
64387
12688
36958
65548
42650
49865
39941
3849
66558
16713
94229
19471
56282
40277
79904
68811
34359
76925
47574
64263
16292
63944
20359
90230
49843
12404
98698
71193
27084
81911
50117
55164
35070
96089
75442
55118
56764
38963
97244
78045
67066
69922
39046
74258
61386
70053
70598
43836
21003
20612
16129
51656
86414
79070
25369
16838
7012
70029
80577
87562
82329
20631
14259
46444
6778
3216
53215
21719
81684
72207
64393
98727
14082
55454
79698
68186
91588
29471
95114
48302
23713
29168
4895
44433
54105
22333
44139
62787
55162
47224
67540
92288
44968
87451
31934
58626
75065
15276
99379
16366
33835
34623
25822
55535
7945
43219
57304
75168
82109
96762
7387
14862
20798
6649
13232
32686
56696
48709
96280
30089
91427
10883
6022
9059
17308
32617
83508
8710
27399
46644
19597
6362
4765
8347
56690
884
28961
3778
40164
2347
4501
97724
42984
54484
60171
70971
21210
45766
38906
20663
45785
12862
15731
55834
26504
54301
95069
34036
83887
15356
692
49830
86162
20704
31699
8124
95856
49749
50949
79246
27397
67484
44467
73696
29832
68546
78826
51822
21903
50838
53139
49942
65450
48865
87818
76019
19852
28357
48521
43968
80809
75069
72981
54602
10925
51892
47622
6790
65585
95646
50942
37931
65316
87915
9204
24163
539
50653
77409
9359
47692
51817
70422
51136
65538
34079
92460
27318
72335
97024
5046
72316
77115
41399
94452
43877
39002
17702
70576
87460
39829
71820
25127
83790
70282
47602
64534
12504
62700
60530
76136
40544
65776
67782
35788
29981
15201
98564
90042
26602
62539
21714
91245
63660
12504
22600
78471
88488
1753
69173
26573
32591
83737
3154
42140
77413
85015
36710
63860
57716
65200
83402
22977
63194
73386
3290
73287
1727
69339
7207
33861
23706
47395
98387
37420
43499
39031
59586
33527
36010
20114
6190
1990
84363
76375
18079
66505
36421
26092
53085
6549
61861
2433
23989
82044
70477
60773
16387
1930
24027
46228
57172
34302
6278
79995
27604
34135
69229
74716
72739
21671
62606
54737
54881
30391
84853
19442
25058
78356
49683
70688
66336
2389
29334
43504
14606
21593
59370
91868
82044
47748
44779
92163
73826
97815
51614
12944
81928
75235
31957
94798
93246
61665
93370
74583
9218
52325
85612
59624
33987
28252
16878
47525
38201
94597
39252
29258
63049
40462
23285
95429
74701
19027
84823
48398
16447
83105
68450
52596
23892
20563
59177
30623
82840
83404
24452
31320
19546
90158
3786
54957
91476
36894
34689
68594
16318
70794
10715
11380
11416
27206
85747
1581
82548
25507
16997
95585
1906
3779
36505
47819
33434
78942
91200
60595
87454
69734
36915
65190
5843
458
63022
261
36757
70038
64399
86900
51311
10318
37274
45705
9587
20160
11509
22976
51809
11176
11277
53769
73147
85210
33006
26700
20919
66459
17933
29561
9152
77402
42103
5700
39294
67219
48012
69255
612
5217
2546
96363
17781
82941
3793
62744
46043
93459
13079
93123
78196
22525
24087
97854
8465
3698
87492
74867
81937
7098
35639
95812
73140
22418
81460
43418
30458
35597
45599
95712
19046
10343
45740
22900
86817
62122
44024
34128
7134
17865
56974
96629
47661
63745
47150
87558
14063
16189
33084
67540
37708
22826
80305
15908
20208
86808
44442
15207
62095
16741
18173
65783
20519
12952
56496
29947
80591
59555
40521
68937
22089
597
33954
91419
17750
7524
72170
97163
76394
93672
19019
92072
25403
79079
7795
12357
4046
50477
35769
81595
48913
70166
15914
75852
67061
25628
8536
48607
9863
84781
89470
6380
87644
24080
52992
99496
60871
1644
4581
20043
61817
97173
68807
402
34922
93900
13609
61777
78995
30863
72939
78441
56855
76051
79494
73112
2585
16139
85745
75305
75661
80278
25993
88714
17944
75040
34694
5622
41517
9858
95857
54215
91352
17311
36274
75006
31028
48054
70809
54362
73051
73904
2284
22199
94008
93958
70437
77178
36895
328
5106
2156
8814
46501
9974
53486
85863
61861
25541
623
39671
8531
24518
50958
55529
8432
48995
81861
10886
49500
62214
60250
39159
91578
78300
8312
85648
3377
4321
59770
32836
60184
63389
58020
89651
47396
86849
12937
89704
4892
87513
81649
54661
52149
55600
96217
50996
37489
84680
46397
49448
10972
92522
26175
41743
26093
1014
26565
9255
92234
68256
56961
43948
91114
29225
75407
74165
61924
86356
94362
67131
26418
37349
70438
44301
28210
14517
96890
22192
90157
52033
21299
31924
15009
63041
77078
84805
69816
71034
38851
7936
44763
51595
40817
97181
52108
6037
68887
28715
16683
58253
17304
38084
97848
20980
3667
11214
9387
78903
40460
14386
9501
96146
89193
87492
41401
26464
27666
49005
66956
44174
53795
31101
87309
76925
96179
50371
15734
80164
5040
86051
43578
75841
3806
69005
12728
17081
91299
75786
68600
25103
97605
97267
90225
34726
88578
88553
66889
47291
68351
19460
73104
84559
54687
64702
31596
83087
67687
83423
99132
69876
11397
50155
48782
70578
67078
49685
47778
1674
47521
21407
42069
34558
74322
34053
13934
25444
87938
93497
97675
9508
36924
64272
44846
39332
94001
29098
39247
3631
73002
99925
26026
47666
17101
41722
31404
48431
64788
67471
50860
87680
67891
82007
23010
25426
69427
32699
25218
23276
32355
47727
55631
7393
68473
32466
96116
32016
79952
5933
9658
60330
4529
36990
5666
86324
11337
38975
40996
77885
55494
5035
74520
76370
81482
66128
59290
32364
47516
6281
52358
42465
10731
36837
38565
1351
34325
74042
29690
33125
26273
77717
60941
59210
25930
96579
64961
33863
91548
87244
60623
80852
6851
79924
11506
86120
23369
59313
47576
31733
68556
69571
80411
96828
48629
74162
79268
78546
27348
16586
77640
46718
61228
16585
26050
23732
23242
59214
55382
59392
36236
17774
22955
62583
2757
10043
23194
55663
24675
75976
48052
45091
98450
53856
19905
25475
4913
86161
8740
62734
96264
50080
72199
27400
28949
52652
66558
87071
2316
99980
3908
38713
39138
63511
27282
34177
67737
62253
26615
17846
60874
82984
41346
48084
33908
45038
2418
32326
91102
55957
30252
36921
11097
65996
78315
5729
24713
35542
1725
72654
32913
30627
88443
48338
34422
57552
89278
5039
86637
96990
86248
58850
13556
70528
7088
44370
28869
60458
78492
41215
94610
69239
4480
84334
32138
61285
77165
63090
74685
68898
52773
7947
68071
92780
21477
61297
80294
36169
1732
16898
30218
97061
52413
33994
50954
76877
91452
95064
41935
33695
46704
18702
85416
47941
70534
41385
83885
90421
1501
45568
86954
85931
67057
24636
82418
85364
58058
70491
68354
3538
74636
8838
15243
88067
89
1543
84713
71774
83703
24358
50158
70745
95284
18868
71413
13566
82177
14302
30187
63824
34858
120
77591
75351
51893
47317
59994
28787
69255
37472
33588
25458
98632
93226
65690
22497
63680
57512
82963
87956
70147
99488
50602
72306
34356
88375
9944
64512
6455
91263
10965
37595
56197
85399
26627
95813
60063
20409
92550
87161
42498
13656
2559
19075
2923
38652
90952
49098
46012
96672
35237
89552
77699
59734
46034
63727
7301
14211
86133
65169
20348
44335
74664
82736
27588
21010
82233
70396
59426
84188
5577
36385
36264
46076
83473
48984
57517
68218
20842
83557
62393
65513
43892
87199
20543
60471
79005
53148
54322
39419
35220
8814
74955
85119
4908
86550
48401
33568
76581
33261
3999
70836
26943
83810
78492
53061
1706
69116
26953
80402
26421
42929
58768
85767
55169
20004
10642
50325
62003
9729
84016
59699
98170
33282
15434
37551
81846
25090
95083
83468
9411
2769
67404
89587
7820
68446
84842
8458
70184
36517
46203
70915
55293
73332
35242
76719
35186
98537
75426
34324
8010
73487
15926
40038
64438
94541
79076
75764
50092
36920
43794
97795
58249
78054
66430
5074
8281
40719
11712
88228
72759
50786
66179
77203
13539
63976
36378
91096
5143
91213
2456
30466
21864
53379
14351
88122
83882
98962
57197
69672
34343
90389
21024
11732
45074
32689
64845
73164
31497
23082
39703
25212
9356
47780
73435
63775
34738
66118
24617
86818
16712
47321
82262
41178
62094
44918
8745
54580
73649
63459
10999
42710
94797
3438
63523
39685
37449
88755
63880
76183
44305
5014
32463
58217
89236
77243
75002
84694
67988
84552
92203
74918
32713
34503
17432
249
51800
71200
13801
33481
656
47448
4129
30320
92636
53819
70854
27442
44992
85209
7415
75319
30225
36950
66886
21433
9363
68664
56702
23875
27353
59088
4525
34033
53543
93426
38311
44890
43193
87952
55752
67996
60211
78526
20051
45566
34584
48099
35593
27912
12997
53662
41464
19311
10338
42784
80636
93317
37951
72377
4298
33520
36690
52360
11892
48190
93381
69952
61708
88162
40513
1274
17753
17718
1911
29897
41930
25755
96905
46998
37472
55295
58292
74794
96624
34772
84213
71557
83350
79590
95716
9037
37393
47354
18814
34364
83238
47392
68690
1465
51890
15875
73532
37493
12279
7909
91763
49176
78915
94562
55724
90523
80750
97283
95526
80822
50834
50088
70468
70245
73637
5114
17515
91155
43959
87202
901
40681
85833
308
3970
54997
90739
60870
23330
20481
44815
79589
97538
49133
49272
17135
89707
73932
37642
56855
26199
84717
29132
40872
26413
5618
23882
5333
34290
29852
28686
31181
72939
46572
24384
62009
9254
63973
98229
54287
66593
78056
15965
37699
50403
50934
43588
80811
30071
84949
74209
68316
15539
60324
91320
12269
69212
46839
52310
72306
21871
70741
33268
45227
68122
43851
50776
21733
63173
97136
360
67574
61224
69019
55261
61240
40978
27863
72894
28453
18641
55426
33950
39847
67182
9174
50776
2992
12278
59776
70172
34151
71622
29432
36186
22511
70687
95569
84837
94400
61419
60307
72252
21962
92745
28010
75660
10923
18222
25989
17536
83177
42235
49117
57463
25391
3879
47894
98429
32489
86706
54236
61514
18458
10706
26632
54715
30876
52902
79582
32026
87903
14732
64467
23249
52891
62114
82403
80303
71025
856
22636
52239
34389
95021
28053
92960
89436
64733
53370
74573
63363
35285
62930
30484
19601
56401
77500
10519
73180
78963
61147
11902
80072
33704
35125
72615
46730
83268
98750
41803
86195
17823
95575
76382
23875
85741
98497
23448
54514
58424
95062
31731
17670
8391
56976
8779
75367
21391
92992
86535
91925
51447
82106
96447
11394
69775
38126
40637
95484
66520
12064
14364
34441
83947
13833
57559
91310
84853
92181
53888
23833
18750
95810
4961
90444
94886
66144
81923
14930
67532
54139
72647
72554
2168
41630
75186
84198
20687
1926
52270
38832
20379
88028
46103
92192
66594
46733
89123
82318
13366
48447
27580
46303
33540
52445
78363
32107
20374
77981
70443
47645
89950
23658
13219
27475
90428
42364
23568
64027
33907
82068
5032
23220
87559
61029
24119
27918
16178
99081
8908
33037
58201
75548
4366
19601
46715
17233
96135
12041
78805
58846
18303
20181
64349
18053
66590
12052
59948
91649
9313
63590
78083
26143
96062
40990
82772
754
70334
18970
77122
95879
12447
29948
75639
72601
42859
77989
42398
33735
95706
68871
96470
4040
26095
87462
95667
96849
94602
19226
67678
54910
79458
36219
14639
84878
58026
43979
34901
27511
37577
87262
36375
39216
48507
44305
83633
72040
7405
59110
91486
79963
15721
97298
36302
55386
82524
39188
22670
79995
2595
76072
84533
51083
28573
89715
16242
97078
5528
8641
16017
64324
55788
66604
63875
67737
93065
37400
30937
61101
22247
73533
60868
51671
6519
39316
98817
54250
99878
86165
48813
70912
61791
66500
9046
41518
91354
3963
18208
90765
66577
40248
55015
11733
35691
63976
8390
62055
22127
65030
46312
51948
79609
44798
5943
49899
27769
24046
82042
95576
73571
70422
53820
38867
48496
76349
93747
67354
709
56877
8969
8120
89385
79882
53203
28991
3154
3122
68186
30106
35553
95830
18329
69
41813
62515
52987
8742
63265
63066
72079
54968
51840
64889
68359
93626
92977
76626
18399
70266
84524
23797
29794
19047
12672
22493
40916
47615
49647
65477
79145
20073
26225
80066
66170
54720
72282
53009
7053
23751
11843
40864
91165
39347
34517
55234
16849
69081
97329
69827
16355
81573
87462
41883
21798
36725
77808
78822
71421
91584
547
47570
43602
38555
51555
62889
81442
36098
39145
16937
77605
20423
21817
51759
72098
41320
59923
31159
24439
88622
86370
26273
70459
30840
2101
98368
19775
31562
21239
19666
78654
84078
82100
86774
85942
85114
2517
92263
10537
9349
55620
19816
18481
46876
56932
94495
31332
23640
79031
42139
51283
7621
65270
82396
30313
8788
49081
38828
2464
293
52080
90023
34344
5140
4475
51117
28014
34669
582
81254
32255
83092
97800
71975
78219
33048
93866
61005
58072
63005
56246
40261
33496
94279
51230
16968
47833
94089
46165
58081
49232
58432
18580
767
88663
13843
35276
25794
94629
69521
76063
70393
70091
97843
10355
66001
267
4651
59797
807
78363
62455
1168
73359
11780
89366
90224
68236
11729
8329
74046
691
72810
86346
53092
69965
3863
41550
85843
14297
52596
15024
4188
63894
52812
41851
26019
47838
95490
29093
77730
76540
86051
14905
3746
55800
70629
5034
93448
68271
48921
99651
38220
97366
87814
77009
8023
30228
81433
16223
21151
64687
8147
59281
17443
48390
19309
11258
48890
73026
37175
6812
74311
36206
79073
2006
72100
33371
34462
41223
33487
50017
26301
9316
14601
94962
20405
71904
10202
31857
94928
5725
28571
61100
32718
73715
17885
75620
50363
74410
55303
20440
38670
82784
84919
11065
33360
45608
24266
45609
45740
71202
86508
34970
18535
91005
59064
48897
34336
73584
18018
64293
93987
91876
86493
57072
28036
88059
45055
95891
17801
38832
22706
9903
70001
25129
85960
90051
91330
88533
66237
69781
72628
90717
87926
4411
95317
73256
80174
45840
53247
74084
60652
23885
6234
29032
40611
81929
2473
7538
16964
80784
77368
34092
36320
91
55467
78204
63948
5859
68041
27353
61226
27811
79576
24703
37588
85806
58887
36429
75507
62916
88417
48275
94302
42922
79315
51064
9990
40129
6403
64713
5874
83703
90875
70911
76122
72826
3299
40413
96009
7313
51597
63067
69453
993
67863
11669
31305
34358
99071
42049
86468
77181
60476
68170
30597
65125
33407
23017
17097
96719
82932
98727
87837
96243
86234
10651
54709
87332
26116
42400
63729
99172
32406
86642
28942
31754
19710
9074
90923
13886
34944
74116
94500
72807
58055
99755
95502
87841
29518
57763
50601
95142
60117
82230
44771
65011
28283
18039
86023
78740
87474
11403
55540
25997
80987
56402
99298
42589
57446
25005
23974
4350
75271
66156
99080
29624
25430
24423
69657
45793
9209
16823
13737
79530
22621
87572
88454
28283
79404
83384
25357
91692
40663
87647
34755
5655
54422
42655
40556
35681
75967
71877
45745
30707
16455
69755
23354
99967
65019
16409
1882
86002
1356
78334
53411
614
39042
91098
23380
72159
26181
35676
35656
71067
27359
1153
25598
42440
36349
53503
57586
16005
45041
45374
9103
36862
10190
89153
2038
38405
25285
85151
64961
82741
37091
37807
4724
20523
4008
98033
85719
44262
75452
41366
73956
90989
95316
16441
64433
44106
19830
10717
84353
54358
70312
58084
90384
73458
86585
27197
4537
38085
74220
19250
88289
50700
4238
79111
34741
82772
74475
7557
87741
33600
22203
28948
96346
68566
5841
94475
71838
75952
802
63665
69942
24664
10619
15986
46171
98825
68775
71198
14051
65320
6779
38576
50339
35843
31766
85795
65299
74394
39590
57715
49353
73792
30932
53968
11994
58587
80289
92991
12170
11517
19982
16604
44294
64054
81018
65286
58753
53402
81629
29090
99710
60183
92526
74422
38189
661
84595
47999
57508
55309
9857
10159
47477
53948
77223
53666
12190
12589
90203
20456
5116
23409
19660
80858
86294
99372
88640
3208
68360
74951
13427
73840
25178
14319
72831
90696
72522
43005
61071
67786
35116
36572
54808
89548
39890
28402
5475
85109
86638
35972
18267
40821
96812
57508
12896
80273
54200
39775
42903
697
33416
97443
96070
34215
66499
22982
29139
73114
99296
62440
88830
76914
65264
77792
69838
69208
81568
85875
36493
9822
94084
7805
42743
54990
63154
63749
51439
82493
56272
23711
24152
62831
90329
60543
14028
18303
39664
45161
50796
49042
13774
23989
54761
1226
99913
22365
47446
74269
29084
19382
7912
57943
16757
65071
3899
22694
37444
84654
61863
25659
41953
92676
73445
11164
89672
23518
13758
90504
60134
84143
44378
72544
58699
41677
12315
59214
33451
58325
39284
70195
53139
54659
21165
56248
25503
8496
80004
77851
18802
26790
41005
8174
7827
82178
91957
61534
17645
96603
5516
74117
89229
35506
65425
76694
55841
17092
53911
50230
84111
13180
6160
46575
73167
20215
57383
67097
75115
40534
48008
90954
59067
4248
87256
26750
72918
34697
14705
64120
91004
74771
58362
42927
62887
93880
69104
71950
55933
5717
94219
12014
78586
2985
80430
79904
40499
15412
38731
6359
52802
81196
7305
72278
95685
4573
42101
78311
67942
45119
19023
29010
44541
19457
41715
12607
6697
19366
48590
6527
47361
5143
68979
45366
65629
82623
2012
7049
69858
56162
17938
73399
20787
24974
35694
13574
40950
21987
33535
61274
39060
54206
20427
75803
86797
67022
58314
26585
67208
61818
87492
78609
35051
46061
88256
19351
7835
78993
84409
79859
13734
81707
13482
33224
54345
98740
74409
10625
75075
69705
37388
69682
27012
5951
44412
6397
57217
16083
29936
1172
96671
55590
94458
55866
34506
82763
85270
77943
62062
85160
86291
86097
8642
25384
33537
77789
2384
75768
99563
6523
43175
82475
23125
19050
8489
9677
43257
1599
40073
54494
76199
73032
71611
46631
19520
24367
53660
32678
99725
51287
60347
79947
53923
17364
72973
41202
3706
3606
87711
65473
85357
74818
69585
33152
90978
99770
20293
99730
71439
73108
20595
61778
18556
45463
58862
49761
37974
6248
74742
5366
26466
82269
47425
12767
15433
19461
93634
66894
6004
86621
78666
64805
18471
91395
39771
68180
85543
2725
33125
85278
53074
90057
37373
40543
42343
5596
2721
29192
65360
11791
49185
28675
48447
35606
62207
17840
97321
3098
78760
3925
67471
73592
23476
59663
46547
62681
76634
88588
74202
66372
62563
35765
8212
21618
55494
94859
43543
19240
51083
85980
66585
83248
33682
85716
39001
10210
38662
48017
71826
67388
95228
9686
71563
79418
35647
42115
17026
87470
21100
77154
78316
81411
34058
95791
63186
50282
39379
29403
41526
44468
49310
23768
91315
21600
99000
76186
68044
77118
45735
50086
41019
2821
71701
36806
96384
71456
63231
89525
36272
28854
9351
38879
19618
83494
69109
87364
30398
16152
65068
81000
34682
20314
20330
70383
67012
98425
86010
40713
30286
61882
51775
48247
28855
48410
69723
13378
93119
94927
18505
62749
50904
30712
48875
44399
47656
68116
84253
78725
90507
95625
82249
15636
68797
71253
54571
36618
26235
57364
58837
18184
66789
347
36308
38598
20179
98873
43813
72327
96459
81411
30220
5595
50220
50813
13900
9399
18719
44524
57618
83685
23578
5294
83375
67045
23086
83841
57859
69673
67824
50911
28995
57767
66857
84137
1214
7433
76616
92455
45705
13684
96460
60648
32469
9666
26129
14850
96623
75055
21389
13414
60166
59535
49273
30823
46030
83146
69001
15573
82847
427
80341
92156
20335
16226
95372
97369
55669
23430
6081
60604
73996
87982
17349
40590
74187
27347
69715
77298
18367
16662
6507
23079
40982
57291
46759
82843
71608
96164
36705
54189
25511
76224
56225
81390
72306
46905
81432
5280
8495
22339
62875
15747
44532
82982
28220
43447
11549
24617
63583
93136
13156
71019
29482
20304
70525
69017
83678
14168
26460
92762
23211
34911
57915
16197
39719
72551
90713
93476
18408
25482
13816
54897
32300
68775
32419
36759
54177
57919
20681
69245
6565
63458
94082
70801
99543
49751
86672
78778
73615
16085
61691
13042
5114
34543
74384
20251
87718
72404
36542
30170
49659
72133
14469
63314
68507
8129
64359
34703
70200
82611
97650
18916
34457
94976
26303
7171
1999
59212
53589
75466
42675
99028
17632
27331
63103
65551
23157
82730
37303
6331
75832
87625
99532
91173
85421
59163
86897
43223
63173
22833
62512
85352
59431
62713
12664
38081
23278
61678
39705
95058
70143
54474
9526
69200
54293
92650
12804
85933
85360
58223
33947
52022
68673
71432
17532
1188
89958
66358
28463
81968
41973
75606
17876
97319
87012
56512
19603
87577
98283
40164
17722
95946
96880
87767
80566
66785
41423
93169
82352
49152
72254
13452
71519
42594
52698
70840
83437
47850
57559
65598
50000
29314
602
69284
25634
64120
62340
1637
54251
24982
42549
61036
38257
96432
7288
31625
14491
23936
58588
52240
90411
52269
90452
48957
98517
61269
25182
70746
95098
57813
65375
34231
13021
81987
74133
69907
8151
21366
48819
11046
53329
85063
571
59569
25596
61559
36609
95470
33859
11671
59053
84440
13013
53069
42559
57865
8289
25477
72471
15366
52279
44755
25904
2197
77834
44945
33123
75364
67329
28201
30843
44547
67624
93194
90964
38894
57961
15626
92068
65226
22796
51599
49799
83062
29578
39323
17950
25648
93310
92457
61467
53971
86390
87571
43130
88379
8766
94119
8390
56420
95557
22493
60021
17297
78697
32570
47059
38928
47664
86534
97183
4663
83020
11856
95163
50798
79233
7110
94352
33808
70544
53140
65515
44836
21884
46869
86290
19652
87088
21755
65057
49124
69856
25763
51085
60335
37564
12682
55522
48214
90564
59005
77804
63433
14139
19322
43216
64252
77307
71577
64966
61163
36119
67743
3845
55076
13481
93106
6682
61525
69549
16315
11679
35354
90321
30578
42728
79604
89887
88107
69661
50786
61591
7231
20112
64361
77692
21679
69507
57376
8652
45324
52750
60789
52503
73951
91861
3376
9424
88438
589
54024
71786
26484
85250
62062
17202
9303
35424
33282
64684
45828
56027
82828
5950
56167
53171
11209
94729
85753
40537
13246
89428
44107
76751
45760
77087
13669
91522
99803
8792
50020
48076
50883
88453
37568
54801
92798
79830
29411
88234
23213
10103
57311
89325
2791
85649
15352
56535
23339
88704
20903
33998
67700
94812
82845
85337
39624
55228
70374
69142
55951
75028
31391
28635
28918
7068
89155
27244
81186
50333
31493
54525
79302
42147
16649
32627
81683
1469
1192
82216
44307
25316
40307
68083
38624
48833
41682
58825
11156
39133
63668
88809
20996
55793
26344
23578
40441
66603
51901
54350
59424
6339
19118
84896
12863
60134
96138
3798
13993
15033
34985
9291
87275
96626
77134
9822
86639
34925
93594
60518
11638
76801
46711
62100
33223
66850
37484
19392
28037
95350
22368
12986
36250
33788
35802
8222
95361
70258
13812
24818
63181
9496
12752
80788
87040
34797
9300
35605
12418
25888
10535
89811
1731
246
35957
20898
70788
47198
22214
49069
34765
16694
16464
63489
40990
64165
79952
19829
72813
73132
98084
98129
91019
68914
83156
82011
45554
30526
45864
43019
59537
2102
8443
8765
64276
49692
66995
96223
22401
59647
48816
45164
8557
55122
42756
51711
62528
80506
33427
43306
98860
68059
37204
22403
74434
8242
94275
65824
99233
16466
88360
15137
48644
10570
11174
937
24138
95093
60019
80151
20504
72029
91981
42208
76311
99251
39052
32161
67360
10545
38950
83995
2300
86391
2824
25564
49669
95518
93089
83894
88849
6681
44794
70284
28097
71247
76974
67777
52417
55646
69656
81059
39981
89721
94211
1386
2311
62740
99937
53315
34420
28753
81114
45072
73699
18716
5833
84698
22407
34089
43089
25904
53679
42718
16034
4527
87789
29023
63674
74451
65507
28964
57197
20353
27542
68063
94576
447
17147
9839
87022
82177
95929
74000
32201
63577
78444
97696
34680
38151
11722
4027
55887
98397
31251
99972
7047
12873
62429
20043
34854
77917
23837
63846
29695
15686
87818
36999
69833
54779
89977
42309
66050
14074
8933
52517
2770
64593
80817
83410
23518
61295
41563
3360
98455
11987
31189
74972
59220
87850
61093
24196
13649
5914
76686
62801
30033
29639
52765
89908
51306
39244
2539
85073
33816
44017
61857
72814
40793
73593
13739
85191
32722
69719
34779
89027
90614
53283
61487
53189
19717
3551
87819
12119
25316
80170
94549
77942
13677
48391
47105
46699
35878
49348
22132
1534
38498
82291
42062
88124
6763
34510
61260
11268
72559
5007
65420
43820
9511
15351
80098
69337
67853
20197
16555
18656
83140
35872
80276
93574
6631
68194
54277
77185
67792
98503
3012
34042
11553
74628
59441
76757
29010
2278
79182
87441
49919
11675
5153
88850
29713
71496
11407
53446
21578
80591
76855
30991
89650
92229
96990
7915
46594
85894
52114
19224
98831
93825
44329
50394
74634
96739
21931
97053
83042
6292
26230
96960
40049
44490
27382
5411
14502
98181
7918
58913
11565
65693
7191
23060
22599
57217
33353
41934
16589
35364
26885
57536
14844
70117
3592
58977
45682
14765
26786
20976
92585
2630
1271
5790
8766
51462
79696
94703
41446
13761
1162
42511
15538
37229
66393
50481
88830
33090
46692
33175
32008
70600
21981
10412
92283
36598
18479
82477
93644
28458
17745
26788
15383
755
25101
71705
72036
52343
76504
75731
25568
32467
183
30712
37280
77418
18463
8516
25543
99442
66800
282
77696
80920
18266
16609
6414
67775
57605
28926
21142
83816
74225
84487
40856
54204
98389
11357
79171
76058
40340
76615
73765
61067
6123
38533
31782
72809
7831
31313
53234
45761
88904
49200
6805
84371
47170
99375
82411
47864
43021
24989
78290
6009
37332
52169
73019
74977
59839
48957
64324
28983
36650
5866
71464
35095
23051
27987
53729
97645
54765
6979
12220
92522
40138
34426
66033
10963
14116
30174
74333
15342
40163
16459
56906
89494
85955
59873
53164
74000
27055
44922
84676
88028
25372
74119
53941
6080
79307
35278
40228
48589
31410
50883
25346
2820
11142
77863
20938
43461
92456
73465
17444
51450
91719
80123
12259
64920
2564
11324
85675
15270
74908
54031
58664
39863
12605
75388
48885
78089
22590
13633
64341
36779
4745
18457
88092
52374
62162
27235
76863
25362
65487
14587
9854
68460
88862
35437
24793
20168
68738
71474
83078
99666
97118
9956
54786
63881
14447
90453
52430
72144
41472
20811
45035
36197
52367
11583
85084
14816
85784
23151
1153
30096
37895
47207
63554
18640
19856
33073
68691
31651
38304
87648
5881
70044
75925
61159
49950
5162
78384
31229
7905
35508
37634
96149
82208
10540
22370
67067
68460
89408
65943
40035
46078
91617
53848
14802
21107
58176
81050
76989
52924
45504
444
38197
88520
89282
1763
98771
57864
45726
99887
71056
92083
25345
28131
63211
26308
11896
81706
69775
89177
55419
65723
66984
4146
22484
50838
81780
30474
30951
99368
3379
48876
18213
75509
396
57930
67782
65955
75050
42588
72337
59582
29632
15891
73206
48149
2229
32562
24239
53209
96911
69714
4253
82728
30242
44444
34247
48232
90136
68618
78791
39988
22149
79874
61528
26880
96678
1372
27622
63218
47964
39465
56529
59241
46857
84700
80157
61311
32921
44845
75416
55678
91221
58470
18105
28371
67808
89061
23629
39417
6908
88501
28699
50197
28634
11588
45159
14212
74724
7995
67739
14877
11251
68687
15256
31589
12699
53487
96847
38500
93587
70905
391
12102
1488
51248
38642
20448
19461
22192
32451
41411
35997
39020
82677
64925
60292
67088
33643
13341
60588
17357
96769
19618
99890
40350
51912
87836
73571
39165
84661
76573
62523
41930
64991
66336
38804
27495
70629
18247
9322
56221
32232
38257
50827
2551
13634
80612
86984
44903
53978
37624
21579
68705
11312
36035
83790
59312
54420
73498
47452
97765
37322
70936
23169
75058
5478
40424
85247
15533
20445
34448
78684
96947
1218
27011
39587
21872
8992
38173
50785
4063
83865
46967
75639
93845
94610
75758
41475
67812
53754
49470
43391
80225
89102
22436
34257
33421
94139
7911
60316
47752
41136
41537
50807
39332
8694
86522
82023
97382
7642
90841
3722
56222
84610
70839
51818
19687
9025
56066
73468
69097
79741
49487
87222
64000
95175
12632
18781
84589
51630
27858
52590
52035
39017
98642
25270
68571
80399
99647
21280
38051
23918
24620
65596
41251
94025
29152
46784
73690
69601
89978
56401
86891
40518
8586
76588
113
43
67382
23715
66780
2594
29076
89087
78235
72405
72472
42107
28165
29332
96445
56824
8320
7209
36404
53540
32469
75745
79639
10082
48531
82882
16363
54506
75702
48720
79041
2118
55350
76294
37120
428
17428
41891
62896
3626
4912
47236
29616
90515
95170
85776
40680
96828
82249
73147
49187
69207
97024
3437
60667
46765
89733
38313
67244
77344
12228
53669
74641
31110
33438
4806
60291
78961
94106
91301
85823
42915
1781
51577
11801
47198
51379
16628
48709
15933
5033
71385
60788
96565
13057
42200
82244
86497
94456
66310
55080
56702
80546
11325
65263
72227
73264
23786
34297
15661
43754
40265
92086
18848
95849
79257
905
92440
92939
49820
47799
43471
60962
2265
84793
33854
38297
46221
97808
43995
38952
91187
86681
9441
31833
2894
55529
59545
25527
23458
22706
42605
41401
31665
59188
19123
63944
23005
29612
5857
82052
26721
28951
26226
42148
74430
82751
27635
82172
46708
31795
24578
90815
40002
48953
73563
84669
50491
71533
23069
20913
41798
93923
60021
60678
3860
37238
46518
9655
51677
51277
17016
47353
4108
40058
16039
88110
16921
66545
3313
80268
11223
80943
26198
86036
76441
66506
87780
60702
62151
68286
67459
77089
39365
50589
71606
50481
83339
86921
99845
22604
32169
68610
98117
49575
79829
99188
23603
24199
21040
98309
16086
21106
84711
9764
30015
54974
99292
30831
46590
37999
92505
19711
6484
36511
58242
35742
23591
36854
80156
52439
17941
69146
60645
33765
24812
20550
56689
96310
70112
98921
91391
93155
40712
78485
10513
75659
33472
12201
6154
86558
72055
60762
3538
52936
24631
35843
25065
46953
6824
6606
33556
51498
80091
95505
12841
42870
38072
92295
99282
19982
23034
73231
86560
36942
55962
95433
71343
3856
91658
9313
75701
19848
8129
30789
41503
86470
96620
17425
35238
99090
10368
77360
72981
18730
93763
45840
62416
98094
11632
18087
40213
31125
77038
68756
4204
80917
86474
51397
6782
44444
46195
66959
78590
51162
75191
62109
93494
39903
40173
1041
52851
40717
65878
7952
22748
45507
71665
74298
46718
4149
45539
99888
24270
92412
38735
11438
59783
21576
78294
4056
57906
80160
32041
7407
81209
38852
73824
24587
49318
69267
94403
10406
65923
82247
76971
79601
72856
75646
49788
82190
30148
6435
10805
93135
5783
43084
67624
85563
