-19418
2300
-47148
-22503
-52958
-40905
6137
-62920
-83014
89858
76804
2534
50700
-33113
-63011
-43062
24695
10826
21444
3939
37178
-20879
-34959
13183
-39071
-76738
-71827
-69513
30610
66595
-70832
-45825
-85899
78276
11058
66323
-31217
57055
-89325
31090
-92927
-53968
16047
61350
15550
9506
-33534
14285
63337
91573
14561
72832
13723
7888
34337
5362
70787
-31073
17935
-60907
56401
84913
61841
-44197
-67275
782
14278
-48200
36644
56117
45796
-11282
-59593
-1897
74110
90165
47951
43956
-12698
-28476
88811
70756
92622
9842
-27097
93146
27166
65527
-49846
21057
-40589
-26993
34147
61266
-71266
-22394
70618
81801
32605
-90422
78975
-90192
70092
-74746
41056
-99699
-92306
-99179
78481
-5345
-52633
17861
12778
41901
76364
55414
-45031
-77403
64261
62182
-60500
-80941
-89619
22473
-70874
-31984
-72872
-90845
-5497
96651
62046
88561
39579
-10737
-31959
31541
31090
-84166
-43771
-17805
-96071
-11656
-54152
29029
-50297
-83605
-66147
59368
77142
31166
72491
-726
63713
81525
-46013
-33038
12272
27676
42703
90067
-70147
-8307
43829
-80354
2113
52525
-43585
-18909
24036
-3087
-22320
-10063
-87572
-99977
-53177
-77457
64337
7341
12631
-43676
-65570
-44383
95845
61945
94736
-62686
-35950
-85095
-37004
19573
-7368
65999
64440
-4499
-33322
-36682
2741
61097
-29351
39488
59641
44404
75979
64595
56108
21054
86495
57150
-70901
39
-64948
82699
95851
-9410
6308
9138
34159
2744
7133
-62498
-30610
-37651
-47796
64405
28983
-88903
-55761
7180
70835
-83847
8762
84228
-88409
60797
-91021
8508
60704
-30179
-16339
83475
-79096
57720
75826
64423
71442
13949
-4715
61490
-74242
66330
40844
86576
65204
-88088
-89304
5652
-93437
33735
12232
34116
31394
-66777
21994
55631
-79590
63523
-80524
15224
14755
-81914
15100
-7061
-35089
67343
-27651
-47714
-81124
97686
-97173
59702
-64995
-36898
13145
27055
-46214
-58698
-48461
77700
-36382
-81803
51409
-73191
85729
70865
6471
-16395
11034
99650
11872
954
53548
47878
62690
-13303
29452
85076
-22360
-19668
-79233
-99386
-90748
86332
-77743
69618
63120
-99780
15477
44670
61638
40336
85913
-3219
62972
-88642
-25835
-60776
-41540
13035
-97767
28473
77251
-13747
-76504
-17159
75237
-18418
-11455
67709
-54034
32559
17314
44105
-38932
-54526
2203
-54497
-72095
-324
-11328
-79283
81670
43159
69088
-64528
41331
-70105
-84138
-18085
-33158
87233
-14572
-59833
-58847
71406
-50780
-44787
73569
47241
43788
60557
8936
-27198
-88095
-99028
-14348
-7679
57909
18678
-86142
75031
45260
-75261
-61006
7230
65642
-27252
-26678
-8101
88422
-24498
-12949
-94715
-40851
35538
86842
12575
57637
81567
-11902
-69386
82645
62824
14457
-96874
45542
-57205
-19250
-23392
-74440
66353
-20337
84982
80467
74419
3051
42059
51967
-41573
-86220
98552
39145
54198
-23906
-18335
-68095
-45689
84668
-16142
-62353
68162
-74289
15630
96511
13405
77789
-87842
92842
36267
-9435
-69881
-32749
-67211
-62458
75986
-85297
58952
69119
-50381
-91560
70101
-62393
-75452
71263
91810
45136
3704
-71689
85264
35571
37197
-27438
-15248
20719
-71846
-67751
-28217
75240
-39617
-69875
-85556
-45250
-95727
-23304
92497
-88276
-81906
-745
91807
24157
-507
-53197
-63607
69477
50201
-9730
-55557
-50785
-27443
43729
29593
54169
44141
26576
-94253
-90091
34292
-66896
-31774
75503
11422
53186
25587
42818
28354
-99963
22052
6716
-56380
85591
37259
12721
-68646
-80537
88311
-11078
-34942
-97344
-1050
-98779
-29817
73319
77380
34851
15213
937
51483
-75312
-1639
-11826
-65260
-99300
95615
-82391
50438
2837
50723
-12769
-60909
-23399
94992
-18834
-93776
86237
41771
45939
-12099
-5666
24707
-11568
-54827
58920
97836
-26109
-89098
-41416
-87977
-90042
88847
-46148
77669
-63956
40123
-84292
57755
91055
-2403
71209
22138
64395
-84038
43357
75624
-34244
-55072
4427
89011
37251
-11904
-33820
-17893
53343
12635
-10187
54003
84841
43799
69310
2956
-48712
27515
-8485
80049
-38540
-52776
21330
-96185
49159
73541
31286
5801
29555
-34445
60195
-7391
92300
3304
-8022
10764
94541
39040
-76546
-11515
63194
88949
60539
16196
-90198
52112
22164
25968
-32447
12028
19488
6844
77561
86782
-57402
28153
47959
71015
-60200
49226
56905
56266
-83533
-235
90427
-83008
-17420
28193
86607
-10979
-95406
-13389
53132
90387
-95769
-90861
74532
80886
-26759
-29359
-6348
-74076
-8992
-99071
-7777
81503
-85033
-33676
-1024
44699
-7708
-59631
-26854
44337
77224
90144
71885
8064
-16648
-93153
-71009
-60193
18402
-30476
-32238
93490
61142
16183
-32999
-62228
18607
-54874
87233
65333
-86985
76733
74166
-19154
-14545
1586
-8662
56990
-32469
41783
21655
39106
-81373
97204
51600
4594
63214
5474
59961
-27352
56404
22361
97422
27221
-83323
-19321
63168
78373
50174
97478
-37211
-65766
22763
35232
-40829
-48651
32124
73487
-59824
76178
51246
18286
4518
-78400
88841
-37987
-14580
91508
-83137
61662
45263
-11486
-88421
53016
11324
-87418
94647
-45647
87713
-25652
14018
-94865
90895
55415
33023
26061
-4960
-45511
42787
-56622
97431
-54194
-87799
14782
85493
84276
51271
-35080
95877
25200
-97922
-80361
88924
-97146
-27128
-38371
48446
-5268
-90938
-93478
78457
31294
-99121
27963
-76735
63835
67774
48716
23143
6563
47767
98222
-56354
-62974
21570
23228
-23815
-2310
68253
29381
38746
-93406
46737
46195
-37217
-75469
31182
-91849
59976
9110
-6829
-33357
30059
85447
-75352
-40970
28795
-59299
-58372
-49093
-30334
80634
67858
-2566
3675
-40094
-69196
10005
52555
-98256
-92283
40244
6184
-46129
-82334
-54361
-20543
-57626
-10871
15367
-2750
-75336
-1698
91065
-62470
-80877
-42151
37661
-44726
-50634
-52890
-85860
48067
-44638
-13210
-35370
76307
-1191
91053
35478
62209
-30065
43182
12996
85378
-90147
86102
-88014
39758
80215
-95378
-44308
13776
91489
75319
-30114
61241
49932
31457
-16790
96816
36557
65024
-73825
56671
-78035
7387
77021
31254
-35189
-23497
96903
-56429
98202
74963
-8562
-56932
7512
33762
20259
-43876
-3611
-28125
91218
31260
-29598
98417
-12133
-28030
-66405
51644
-97121
61147
-22960
-69822
-17348
6040
-87442
43502
-57994
64479
-58876
-58475
73950
-85913
-39982
8385
-88403
-35086
87980
-54866
92434
-69568
-32914
-48960
-2651
24620
-3320
-76124
93451
-48209
8967
39975
-66766
-14080
88739
91489
93397
-27757
-15597
-1069
43274
-2422
-78782
-27202
68688
25031
42541
-36267
80776
-20711
-83875
-76025
-91947
-61697
-11667
88711
-82256
4932
-52332
77985
-99258
-57528
45775
-3892
57459
-4293
68205
-59527
-7247
65419
42134
-72265
-44409
-84841
-97330
-80130
13132
-38016
-41075
49363
10696
26337
43423
-2504
-56169
47445
-18569
19417
-29389
-33518
-4346
-23303
-62670
66701
83400
42427
55808
53970
90445
-14730
-28425
31215
-19315
98077
76096
12448
19738
92042
64800
-48972
2793
2078
-61383
32961
79628
-43645
-93131
82639
38860
15739
66942
-51426
22422
-53760
-41698
99573
50534
-22694
53146
-51313
40564
-49922
-26131
5735
-2206
-60210
-55484
-35005
-39969
-50775
34623
-49688
-14935
-1992
71458
60879
-58863
90877
90207
23978
-41940
-86443
25792
-22453
-96589
88831
73206
56434
-96506
20785
-20594
63540
-16662
16814
-81838
-19360
40746
-2102
52244
-47182
84182
94295
5624
-50107
11567
-2139
-21101
75729
54089
-34952
11166
77078
6022
-33508
-37005
60332
4636
-48155
22949
-7042
-33142
-31522
-3478
36790
-19751
-35083
-99855
28887
-70887
-60719
45190
-99021
22750
32388
86785
68583
35982
64029
-20663
34906
42163
-30321
88077
-15474
-28478
75742
37151
537
-70710
-13950
-52592
44068
-62275
-52705
95295
61886
-8914
56454
66928
-51924
-46781
55011
-25781
-29815
59261
66202
62831
-77108
94766
-21380
7732
58257
-36058
60373
83817
42873
12453
-95603
-84871
83032
-48740
68881
-442
4989
91074
85768
79671
-27118
-98706
-28200
56655
57771
-15137
60054
49320
35603
-38213
-63735
-41030
-87492
-98946
36166
-19946
31845
-89711
55141
-94361
26658
-78558
-99788
-21300
10542
54373
27474
96500
-22988
-9795
-71023
-8727
21976
36271
83442
-55865
30690
82115
73310
78832
35353
35747
-10
-90515
56699
92338
-90896
77232
20108
96237
-79939
-3167
-81579
-34324
-79608
-49145
-55704
-71050
73511
-57239
10398
-90097
-94920
-77076
87506
-39751
-65037
77181
12965
-24076
-33909
-49287
-20951
17460
-81011
-91389
-76353
3045
-62889
-85677
57704
-15778
11401
22169
43148
-39988
50142
86713
28685
58892
-6648
24584
18554
67853
-12405
-89987
-68619
-203
-26048
86160
-45901
-80498
-9534
-73809
-5626
-27689
85610
60329
10236
69611
4532
65974
-38094
93729
16186
-40323
68444
-57438
20366
-24437
47073
-61808
-84339
-68627
23700
81537
22711
82552
57974
-46653
90081
34402
31353
7969
82673
77438
-75150
6799
-16898
-88352
49697
64770
-28630
-91303
48451
-64445
-56482
51372
-43726
-4994
-88598
-67101
54404
90094
157
43748
58182
63118
60224
49701
-17226
1596
-65257
66228
49108
159
-98591
-80361
-97819
-30860
3572
55070
98519
-85170
73397
73674
49662
-77257
-38248
76627
-18759
48793
-41317
81675
-80197
-97914
-29825
1850
66717
-55038
33741
60469
-19453
-9587
-74035
-49472
55160
82450
-89262
41775
-95946
-3078
-63638
74892
-18315
23666
-58744
-56938
-649
-93049
49712
15472
-3122
-50946
-30890
-60122
-94180
51502
-68023
41995
67424
6502
-63021
5494
50743
-78238
2854
-44826
53870
-9349
-63
22327
13965
-46390
3313
-90377
-11767
98373
85421
14900
91653
-13790
-10287
90710
-72042
56730
37986
-1965
-36173
33717
67787
51921
-72327
79104
-6454
46532
4977
43469
-49046
-72685
-80491
-59630
73293
-72905
95359
-8251
-92099
-49921
53742
-36862
-16491
-3961
74903
-78029
-37848
85765
-96596
84146
-40836
10851
-90948
-12418
91647
36548
-61212
90627
59080
34588
45533
99245
15961
-6422
-56477
57795
48168
27174
47992
-18437
-25348
93095
81806
48773
93768
-53376
56316
13095
9693
11906
32352
-13495
36920
88200
17602
-97519
-81850
-56731
-82959
-99205
80152
42812
-97657
96552
-16730
77786
-27905
95863
74950
-70016
12499
-47372
30099
51042
-58399
-3820
72030
39090
-77013
-81728
96326
-44160
71267
-84721
-7047
-36220
-2198
-83495
28355
-45476
-57707
44763
-92932
24449
4932
96574
-97076
-4492
12016
-49776
-79487
31164
-158
44944
9543
90873
82330
82463
9624
4520
358
93590
-12096
84756
-57622
-4378
-31670
90909
48985
18233
71806
6151
78043
-94634
79245
570
35596
-47544
49450
12231
-3110
-10194
99914
51101
-51548
-79387
-93088
-36758
-85586
-84684
41673
64079
-49935
3094
37579
-77582
46183
13763
80724
-23354
-881
-34903
-72529
-18677
-23602
-8372
24815
-9781
-95333
31377
30607
-41674
94964
21850
91639
-1777
60397
86638
-78723
-51780
-25566
71119
89775
42685
65601
98819
-66150
-50373
52983
-25393
18570
64062
64320
33914
35132
-98195
4366
87864
-92380
-54086
-97840
31386
-38320
-18530
32479
90555
17785
-3297
-58237
24718
83787
-53058
-57445
-72123
-11279
19993
21371
-55438
-87080
84507
94332
-28133
81672
-93515
20778
19498
-37908
84008
948
-79009
94733
48011
581
20277
-75557
88814
60999
5055
-38779
43487
54382
7392
36343
70386
-87814
-84484
-65879
-62558
81994
-65762
74079
24475
-62618
97662
-94373
60308
84267
-7128
16909
36137
36515
-57600
-46965
-475
62468
5341
20163
96154
-72847
12657
64429
23446
70374
-38008
1796
-43364
-68586
88217
-11895
-34849
-2635
1662
34415
-21604
-81555
-67327
14044
93416
74467
-74296
-18942
16944
84721
-35094
-51441
89394
-33496
-63538
-34399
-39807
-69207
99795
60104
9015
-15296
4362
59254
-95683
69011
8267
-73220
-10954
30617
92906
-29843
-79713
72573
30892
968
73617
-34074
8419
62718
34134
47960
-94313
31915
72898
73226
17681
-24940
87158
34552
-16996
-97988
97774
32413
-75572
-30139
18545
34119
16455
86639
96994
82372
-13683
17470
-41639
-31453
-70336
-87028
-72067
8357
-92805
-28590
74017
-32906
36894
-97059
94524
95514
89562
-23382
35859
16468
80720
19721
1247
-41889
73266
-28693
61715
-70571
-85658
-71838
-90046
-49241
67142
-77343
-86165
-86008
32031
-57408
-79182
78880
-62085
6594
31591
23349
53828
-72874
-39009
46137
99417
-68658
20053
-81705
19621
55170
-21828
16041
7188
82512
-26915
-41160
-19901
25548
-12402
41394
-5728
14779
97346
4667
-73215
25633
46743
6206
12389
-9204
87961
-16696
60192
22576
18491
83897
-86617
26037
-38854
-82661
87661
28635
63710
-34639
76220
64914
57066
-49269
68900
71517
-96444
78201
-21241
-940
-67145
30002
-27159
-24744
49847
-74496
-13741
77929
9922
45116
56661
95557
-52330
-92590
-23633
-51674
12336
-80033
53188
95768
-69970
15532
-37328
-91700
43283
2132
-91858
17716
-24280
48920
64738
50138
-65971
87180
-92728
-17830
-22375
-16900
-11332
-42014
-51613
-91212
-1326
-13001
-89975
39134
-99860
84853
-10706
96133
75902
-25177
-95483
-52647
-88672
-21955
-81333
-50888
24730
76049
56979
-82614
18363
-39708
-50577
-89668
-44672
-27603
83368
-6884
-83073
-79162
50225
-60385
81817
18619
94333
6847
-12616
-10201
-3203
64994
33886
21714
18296
45
44441
3459
46604
-77687
-22597
-26958
-43326
-41295
-59809
-84870
-89191
50699
37735
13533
-28659
96186
82229
15225
-61272
-66323
-39223
22364
-85970
53701
27245
53749
-4232
-55156
-90415
-74400
82410
-10133
-40503
-44101
-79862
40017
16750
79155
767
-21214
20414
71531
-39389
-68992
65711
96822
72187
52838
-10293
99681
-78943
-32348
30304
59635
-9772
85006
-57122
87032
-56283
-53174
-21743
-1298
70381
11827
70823
-60861
-33863
-93136
-70763
83526
-52666
6232
-93197
-39866
-66112
-48290
45131
-70671
61075
27623
-13120
72748
10327
-53656
35258
5178
4786
-16793
56510
-2058
58552
-32759
7643
-75234
-27268
6220
89000
84425
-69832
-57160
14076
72707
-4338
16192
-52038
71743
46277
12153
-58520
29035
36545
-72141
-35099
16851
54810
82403
51110
-22846
5285
-12355
-53028
-66839
-5420
29190
-84917
-39828
18049
-29351
91128
383
-72592
-50895
55794
5733
-40248
-23797
-10132
15085
63515
92808
63886
-53844
-96412
20525
-51475
-63685
-26485
-87618
-50854
-37118
-24469
-41201
-29171
-14758
13634
-34604
41555
-36925
-36353
24076
9955
-76001
49895
24575
-7099
55120
68393
78785
-69359
45265
54986
-81575
1580
-17173
-54353
-39235
-56293
51851
-67570
-73182
-8646
16354
-76470
60320
-68546
37938
76196
-6997
-65914
99506
-10634
-58293
-86715
-19855
75330
-48881
62066
37129
-30415
80486
-42737
-63257
-78912
67128
48302
19206
-44139
-65517
52380
-1900
-55912
-15514
30971
75804
-11172
-18731
-88257
-36986
78830
28601
21753
-48176
23465
-97456
28320
-39099
17458
76582
12837
57327
-30273
-39096
42391
-47171
-43029
56380
87203
2431
-63557
27651
-99689
-71276
-68057
56263
52120
12617
47093
-45651
-19954
-18980
30619
82289
7401
59649
53483
-32660
3709
54463
7492
-49380
-38959
23831
-36685
-68063
28772
-99556
-71125
47933
-86021
-3361
43069
86001
-69584
52179
59878
3839
51708
5313
-6691
-68670
39507
-4836
-35721
-37006
-82687
-85451
-69385
-18794
-26485
-82813
-20513
-74943
36252
-43530
87503
-99858
75041
-25718
34551
-8212
-12324
5238
-72409
-18376
-55897
-25057
-56401
-33576
89894
47277
8056
-58032
86435
-93425
19340
48130
-77027
32001
-92972
58893
3812
95741
4582
83351
-13438
-83814
-10597
11329
-38070
-45084
-68241
68123
86334
42331
21274
-86396
31764
-29002
-86617
15192
8276
-43679
75216
88474
54099
4597
10923
-7396
-59746
-44347
-32997
-99409
70587
-28540
8680
78461
-50463
99786
-22731
81033
19300
-77842
32081
-96660
34980
-65045
46981
-6252
71062
9121
-25166
-78195
34300
-6312
18370
42783
-3089
74351
61457
-47788
-32883
-429
-14495
69507
-38229
10227
92512
39470
6914
-53801
23901
11429
92718
47281
91141
80630
99666
-92699
-11417
-71641
65331
7504
-40770
-52550
-16247
47626
95685
-93449
-29831
-25591
71059
41204
59364
-4638
-35068
17804
74576
25603
-77193
-37805
60051
91773
18070
-68810
69912
-90707
32150
87826
59293
35879
-40145
-49584
-28761
-95461
-49475
49391
81345
-60157
83528
-53117
-25483
13745
27849
69670
-43807
60180
49563
-79151
-67603
-83114
31131
57409
-93046
-52928
55962
62180
98212
-69769
-58105
29136
-46807
-76399
-42091
46180
32739
-71318
36021
-54770
84743
-30458
714
-84760
-87824
-5376
-24521
18929
98988
52811
-43661
-6124
89079
9997
66856
-898
20249
67617
14816
-23772
1857
40839
-40431
36124
-36466
-5222
-77601
-57828
90891
78013
96734
28477
66268
-75851
-11395
-35000
76956
50379
-60873
37823
-62969
25816
-22983
47752
38678
-17606
-27528
-57554
34323
-52219
20126
68782
9090
-27869
-48109
-67642
-49992
74321
10562
96573
35816
-49122
4736
90780
19119
90971
-19522
43977
73041
-25360
-47358
-51535
51489
-21289
62020
-95027
60927
-97198
86516
33323
65609
-7275
-51714
-99241
91195
27150
94034
-93336
-15092
1521
4672
40358
-95602
-96897
19756
-49386
51623
-50060
-28071
-23569
-24478
59705
-47524
23259
-86025
-77950
-38633
80378
-85116
-7832
-81710
19200
56891
-75847
43901
8536
-42810
83427
49475
93266
41890
-20810
87404
-41748
-43736
23291
6098
-44242
-28899
44102
-96850
-98000
-3562
21228
78547
12841
-36971
-5523
-54838
-74575
98951
-72130
85496
3360
46606
16122
33712
48385
33795
-4412
98244
-2733
-25699
-34410
-33151
-83484
38278
21322
-72545
-23345
99160
89430
-98437
-66830
-65443
76791
-84754
-81010
-65425
92297
39183
-91309
57919
66668
-72004
-80446
-7084
-60141
94053
-71821
62945
86938
17730
79985
-24450
60305
107
69287
-55677
94628
-66530
4668
-21401
-76367
-51385
-92331
52114
58933
-44138
-28814
65979
27008
-2249
38711
98617
-75386
-33484
-80635
-8397
22417
58501
-91765
90453
-47761
78750
39684
-36665
-74935
-86524
762
40530
77598
2239
-30847
-68306
6270
90743
-41918
4303
-5287
-33477
2263
-71237
-95049
-47053
43808
-85497
-81790
12482
10010
-11898
-40283
-9245
-31789
84736
-74586
38841
3198
96179
-19875
-71080
50056
-22102
91679
-12023
-74554
33754
65368
2337
43745
-45770
-21959
-28166
44914
-59439
37469
71693
82057
71000
-43690
67413
91018
-86661
30509
47441
-11539
-12596
42733
46478
47316
60916
71598
-1288
49303
90416
-57755
25602
13158
45350
62481
710
-96208
48898
44029
1546
-55923
64690
-77464
35451
-92279
2511
-97152
-10341
-94320
-70159
-52817
-23157
-24255
-6353
-79770
67596
-16210
62592
60764
-12807
-7532
58517
-83191
-72008
-28286
79266
91404
-54146
13534
-17886
34215
9475
45369
-55393
-96069
14755
15485
-90002
-28776
15711
70048
55545
82229
26073
-97980
1313
-34578
81988
27218
55462
-73502
68547
44806
13895
38083
5701
-63976
-95807
-29700
92724
29145
-4342
607
33859
-77942
-91615
-88890
8819
-46896
15287
78558
-90043
-44600
19234
-31134
52360
61778
-56912
340
23754
3975
-33369
-95366
21730
88460
14911
5757
12417
-50103
91704
55778
-62968
-99920
-28695
-29856
38462
39770
46369
-62337
54494
35941
81359
-12824
48811
-20526
-669
-47804
-87366
-8219
-85657
58269
-63257
-46585
78514
45403
-57531
38056
32124
-87739
94444
-31607
79252
-61373
-46489
60290
34428
27353
20467
-69730
7564
1825
-29277
11636
80462
46564
-13563
61724
-96923
54128
-82277
35491
9146
-37974
36619
-84952
-60052
28448
-51918
-82627
-97082
36974
4508
81824
-1440
-19327
492
498
69009
85833
-67741
35275
90877
-24261
-16397
27181
-47165
-77274
-57359
60152
35980
-72819
73429
-58621
17939
-42561
-15469
-92820
-96093
22164
-9736
-76054
46102
28540
-87657
-19516
-65961
68638
-14910
-53079
47469
-38766
-61043
-55041
93200
37298
25707
-7505
-42846
9340
96667
-74850
2634
-40638
17482
14264
5500
69046
-66616
-83235
-86820
-10669
53925
-28700
-31568
-87166
-13561
80524
91790
-26573
71641
69737
78171
40429
93115
41985
86261
-7225
95462
81660
-6164
-82826
-94091
12953
-70529
77873
89469
-94779
7130
-97748
-47326
-5709
-73936
90265
80889
-79864
1725
3000
74809
-23817
-90498
-53336
-77232
-87844
78486
83176
-26117
-34724
-78205
91135
-75176
26031
31909
-57820
-75539
40999
-63876
55825
16250
48006
-50029
-85626
-20129
76262
72731
-26800
-11218
73761
8037
-36480
32022
75521
-67457
-43600
90232
11738
88290
34033
20239
95724
-90558
39884
-98753
18186
-97566
-6800
-53318
43429
-47680
8151
52311
-22950
-95361
-31016
40788
83201
86633
56051
-27252
-17445
75581
-34057
-15875
-98519
-81260
44296
85471
13484
7084
-15789
64411
-83446
75158
43671
-19292
13188
-73607
-60991
88676
-67643
81455
23093
-31266
-59446
-89825
95514
-90116
62712
-18523
78996
14816
49717
96834
44360
-59891
69552
-23430
-12186
-50033
19396
16636
59053
42491
-34645
-42117
15662
-26809
2497
30074
2014
-25560
5309
1817
8011
-75237
78432
35766
-36238
81900
69875
12965
43007
78711
18158
39567
85216
79439
-89965
60941
-10240
95013
-16076
26804
-10608
-21176
-51257
-74049
-64698
-91355
-66607
6616
10647
-15528
71080
-5572
44484
-54171
-24391
48808
-27953
43990
-20462
69874
-7720
54141
-7449
86413
53322
-25324
-58374
-48242
14158
65824
85494
-11322
-62392
-17562
20220
16057
-66079
-88116
-38011
-27716
-3366
48605
4096
15448
45921
80727
-94470
98298
-24558
-53688
-82035
81190
67193
30559
97550
-67502
4597
-40202
88364
-26396
62838
-36585
-73698
-68587
73878
-59647
-74835
83390
79346
-3271
77857
-76569
58761
-51861
60800
16499
53580
86516
-10857
-80192
58786
2930
-83985
4284
-92972
-6572
-21323
8689
41860
-13405
-78269
-23022
-65560
86475
77221
8494
95605
-80523
-71753
13584
-2102
-73995
32024
80144
-22195
-32354
-78354
18171
55113
89075
55592
-90911
85068
-33281
46946
-44108
-72936
92838
64330
-28433
-88240
-42961
10924
11121
-75981
-84924
-11652
81439
11189
28128
69072
84870
-20269
-65175
-95529
-41925
-76424
11644
-51312
88048
-48141
25127
11414
-79948
-6734
-32054
-83106
4957
26475
-8991
88359
-21665
-6608
31458
9512
-90475
-24025
-56260
-39765
-38396
70585
-53494
-47952
60713
-49235
21245
-71164
58960
38071
60992
32684
18227
86662
-22656
-59288
-35760
41398
-93973
-84166
28830
93305
-60308
5237
56948
-79244
38079
38189
51470
30173
-22337
44068
30713
22069
74676
-92270
-79089
-47298
73208
-17584
-65831
1570
-83269
-81336
41064
78967
34239
-63590
-47536
9267
-12950
-67630
67655
-5046
88175
69063
-95314
-33986
27949
27811
44226
-10609
-6385
91952
-49350
-6638
-62262
67613
42590
-5420
-17487
-5890
-22387
-9486
-60348
-71302
83749
-27063
-25298
-87342
42936
-66650
-69527
-36004
-75034
-49585
26282
62233
-40934
-66594
-82122
6502
73978
81815
96326
-2252
6864
-91196
-43442
-42814
-88795
-57183
-17248
5077
40508
68015
-64406
6664
-44254
7655
-83516
-72948
-26468
70493
-81849
-10845
-40407
-26139
82479
-16959
-89311
59725
51934
-31294
-4732
96657
-65951
-51168
72854
-19433
-34453
66430
-81215
11619
-38188
-81421
-78098
31596
17139
-91151
11166
48595
15239
-21986
-25647
-2100
-42182
48537
60046
-17288
63066
-7278
-82406
-87596
-22874
92538
83498
-80949
11403
57436
-42269
-18773
-79845
25919
-73850
-57954
-13787
37666
-26464
-45378
59961
-2671
74512
1971
39047
25164
44189
17497
43946
32004
59793
-13303
61514
-99281
-47488
53550
50142
78393
-16837
64351
77611
-21615
58484
64106
-75791
75070
58035
78541
-99977
97442
-98565
46930
-93881
8117
38545
-98423
-95730
3538
37675
-43991
-21550
-72124
-94770
-3253
50056
57047
-81925
58441
-60965
-11394
-27552
-56611
91313
-87407
57920
-93934
16935
-59269
77113
-79976
-64699
-56910
-1830
-83148
-76647
-25175
-89348
9837
84905
-83980
16570
40449
4730
-30340
52481
-7042
-87246
-40434
80851
-62742
-78753
-22034
66035
96927
-4366
-58784
16657
-89500
-9150
-96255
-2906
80333
63031
-54692
-84850
6214
-91886
-66943
45740
-74704
5817
-54958
-98174
-59018
53620
-15357
22890
-15964
-16742
-67431
5964
-7998
-83082
-55111
8451
22835
-45856
2121
-38737
-88176
27097
-19
67333
64328
9983
-49839
-71935
-86102
-87422
42634
-68868
46303
-15491
81066
-6435
67449
73579
84204
-62417
97498
37270
75419
27752
41546
-57435
-36234
6988
-78862
-48605
-42730
77896
-76926
52390
-98460
-9260
-2303
99071
-89629
35202
73878
-2296
-35668
-64176
31894
-85883
-67634
-63411
-21456
18441
65916
94208
-57264
58755
-75646
-21496
12056
26333
-61882
-56498
93465
-23637
1471
95906
-92941
4677
-52513
24382
-10020
30230
60410
-11007
-12257
63587
46112
-58459
-79610
98931
-51443
-47454
-86963
-88702
-71432
-53948
-30364
30064
90654
-36448
-2983
-17891
19554
11996
-99728
-97826
-47147
-59744
85004
91766
5427
99487
22617
71722
-21101
-8042
-6719
4408
-26573
95332
25217
34680
-36211
14457
74997
-97189
-29223
82018
97240
-79943
67307
34588
-67331
-64450
-46689
77698
33750
78308
-94789
-29394
-5305
-79722
-50137
-85246
73351
-54507
25867
-22357
52093
38998
23112
77253
-20082
25628
-37245
-92144
94098
92117
58206
83055
-54692
-97866
-45082
-74851
-92966
43484
95557
-89930
-65647
-12446
-88513
-16228
-32669
-97344
-41450
-76175
17124
25059
-89386
3962
15428
-93487
65964
55210
34501
42216
33070
39572
-14758
-15766
40720
53793
-87457
76911
42960
67759
13295
38178
-38793
-58494
-95742
-34481
-15016
92633
99701
-64710
-79804
-25294
-75709
-28137
-66991
91180
-58562
29126
4128
-93763
95557
-98929
25879
51546
-22931
78579
-49025
-62962
-88138
-49926
-17916
91320
2681
30305
-99962
80982
52332
-15394
24468
91735
51398
93478
49465
34468
-78135
17037
-30143
-33065
-55696
-81270
33459
20635
24218
-51480
-5709
42623
-98456
-64387
38003
-14556
37871
57008
68563
-97543
-93821
-5984
51460
-33442
-83672
31239
-88865
26236
-52407
40552
98055
-96968
-90335
67198
94292
15471
-47702
-69264
-86911
-31543
26556
41232
25589
-68183
-58363
806
83297
-17997
-2350
68551
-68085
12728
43886
-31197
-73757
67090
-56582
-87371
-28606
89274
-21647
-72696
-10767
-14547
66764
-66189
84716
58823
-83517
4050
-85569
-47790
-16359
-73146
76946
-9767
76429
-67143
-8020
-89146
3302
-26652
2953
-59179
-11688
4784
2219
83991
-23330
36358
96415
78717
4130
42843
-45941
-47771
17554
95405
60720
54689
33718
-53050
-66374
-90111
-95806
-58315
-68327
-22402
-94601
-31822
-70186
27876
11923
92241
16147
25011
22155
-32783
55415
-36302
-37449
-43754
25656
33836
22798
-2931
-28396
28387
80696
-28905
51231
15585
-17593
33117
-7137
56297
-99469
-6755
62321
-16141
35329
51787
-95606
-50142
-43819
-60600
-61580
84650
-58965
1811
17478
64555
-98105
-30922
-81526
-14611
48578
56517
69422
25962
-46716
-70808
54814
94447
-86744
-5635
37737
85984
-99064
-96198
58670
28889
-82661
-88818
-87341
-86322
-75524
-68888
13834
53454
-9074
-91499
71863
-55658
11555
24004
-79998
8113
25864
-21804
81116
63505
60994
-74306
-44631
41293
4122
-2982
23457
-57801
-18572
-74063
-95718
-12994
78494
30305
-79270
-98223
59601
64244
-7633
17727
-93850
-22513
-58540
-82548
18900
3297
7546
-82142
58217
-56877
83622
-56006
-23687
-66712
-13025
-69715
-6478
28646
-59639
37900
24190
49151
-21242
-2
92795
91005
-69189
23326
-91870
9133
-13489
-55408
32959
54534
-69491
90854
12897
-35916
-46303
-41803
51696
83436
-95003
75277
-58454
11928
95537
-25079
19456
38859
-24830
19380
-30681
-46496
94726
9191
-97842
-76552
-91170
41575
94015
-41479
3973
80327
96151
-40896
-10924
-15898
93042
19945
-49358
-12936
48553
-31667
51049
69941
-19797
49513
60726
31314
77870
33941
-44755
67445
-59882
93418
-94157
74803
-19333
-1906
-97353
-61613
48460
81611
-24499
-23497
49820
22851
-44686
45367
99957
3003
70997
-29158
76933
-43288
56264
-81572
-77633
-81803
74241
-99197
-4895
-69469
-58557
-18515
-51986
80874
-40051
-74526
29015
58706
66297
42360
64989
-55612
-37618
6492
16118
67342
-95978
-41729
-28437
-28452
-28862
36597
32663
-52348
18354
-30900
87819
83655
-76098
34630
57425
-12892
50842
62516
13749
-54355
95144
63205
-23403
76420
-2963
24651
-46424
-83503
23478
72097
-87007
-15850
-49200
94063
4718
73123
-39981
-7453
-68751
-29241
49510
-48649
-8650
84036
37117
76876
10947
26483
67432
-57976
68667
4226
13290
80062
-11359
-12354
68325
-56190
-71973
-42961
-53126
-70942
83530
-20351
-94751
-58344
-98218
95115
2391
-53790
9294
4338
31973
4936
65912
-59349
-63249
-86259
83503
-54924
-1868
-38097
21370
-48797
59647
-72977
25755
-41068
-3050
-73180
2607
26263
-60072
-82280
8419
38628
-79227
-86298
-96421
21576
86699
-55051
-88991
-31574
-24351
-90734
-97073
-16378
-38464
11949
32659
-84966
37767
23612
-36854
-94727
32229
37598
72058
27913
69610
41079
-15072
-69390
39519
-49299
31533
-68486
-61398
-43433
-45037
52228
18138
95953
-39629
-22345
-77229
-76247
-85884
-92215
-25572
26820
-49910
68071
18071
33540
65076
-3444
90090
-29042
-71465
-30500
43218
26088
-25416
76707
-67608
-27197
-40025
36659
-75356
-4814
97430
-98356
63475
-96764
-92106
10338
-69296
66307
40044
73939
-30862
-73294
-15712
20716
-18456
-24117
44163
-24441
-32569
4675
1711
90675
-17097
83581
35227
-87695
-3778
32252
57025
70547
91732
98396
-74065
28063
-89011
81354
-75980
-59767
-39752
-34259
16272
-14910
-98494
-53165
-36736
-47245
47562
-61268
-56062
-80589
-3961
-61062
-38605
30332
-49921
41150
-79260
22416
-78746
29297
-29990
-1525
70827
56890
72604
16092
70863
-17117
-59071
-4500
22162
44750
37838
-63126
33964
-65970
-50843
88722
88220
23406
-37128
47108
3838
56455
-2808
82272
-55759
-23692
71680
13874
-50906
-48001
96790
94605
23940
-84094
37100
-14461
95161
41530
9041
30616
-56862
26492
62139
98496
98256
22937
90055
-30365
-40239
28082
22163
34750
83225
17073
-49591
55141
-53080
84163
-75299
-86854
40613
-28561
40875
-17961
12172
-53923
92481
-60015
-42644
80301
13569
-46405
42342
6657
99153
-56394
-96823
-46554
52273
61434
-54951
-14207
42323
77521
69825
48236
44197
11505
-34935
47
-84347
-3503
96257
99759
13710
14636
-2278
-88155
-29889
-30526
80028
14841
-93743
-35547
41655
10080
43504
-55759
5385
-31509
-12980
89965
-82872
-40423
27262
-70569
13370
31603
-95000
78771
77769
42844
-60075
75760
-65413
-72254
-53681
-53538
-44008
-56310
-99267
-23826
99651
-38332
12929
-56493
-10342
53345
-88997
96514
14204
-19756
-32861
37876
97626
2721
11342
-48036
-26988
-96870
-88908
-76871
-15646
-43004
-34961
18312
20280
-9054
90208
-81057
-86562
70826
-7709
65701
-34274
73843
-54841
58572
63204
-53118
-96589
-79480
36510
37773
-7689
85934
1213
-22606
14716
-54681
-8162
15426
87386
26222
-28269
4167
-74205
-86414
88337
-77614
-89436
74945
-81058
-58325
-68192
75500
99591
-64234
34976
-18891
-36979
36256
622
-80325
-63742
92264
38792
92910
-72608
18587
-59944
-74137
-94518
88626
21988
18418
39769
45880
55666
86618
17761
-42770
-93611
-36155
-73196
46476
-77153
19088
-77952
55572
22988
79097
66592
60518
19888
48388
-82448
-38888
31975
68000
-85417
61408
-4729
28395
-35782
71184
69518
-16383
-15226
72401
-56924
49092
-80470
92396
-86666
-49557
78749
-12011
-80134
-21879
-43505
-31358
36669
-78382
-69852
35476
42914
83902
41443
41307
-46
-88518
79716
-25234
2460
25677
-99617
74189
-38349
-37126
11989
250
-93059
94519
60977
-43795
-22657
-9192
83271
85097
6704
26429
49508
36888
79720
-56153
61417
-73120
52773
88678
-74059
-42151
95635
-63278
86228
40090
396
78062
51062
-79228
-27043
-24838
-77966
-11085
-25312
91639
-75594
-86248
69021
71307
-96937
15006
19527
-26195
-67406
91255
-15423
-25856
22455
4475
26979
-8656
24035
44545
-76195
99341
75532
-18731
31140
42070
-55937
-74345
38134
-96689
60628
77966
39693
27470
-4135
10021
3079
43069
-33409
-84083
86109
92972
60800
-71914
-26931
44097
57746
-95854
-47215
46145
-26823
80513
20418
-27669
-30026
-6573
-17871
-93775
-65561
-47648
74606
-9859
-46415
-84328
78606
-14766
-92333
-52829
-1453
-88163
-34086
-56143
-52752
7832
98895
-92022
-67471
27719
-50884
-95652
-71992
2157
-73919
45799
93135
-44620
-28196
25273
-41488
-38888
-20917
84179
83643
-80125
-7825
-84920
-23730
30436
92278
91796
9724
-89560
-16689
-91647
5096
73959
2808
-63248
59163
-53365
38391
-53618
81810
-13618
57400
-17901
41598
-32547
94369
-93743
-40860
-29663
31
-72659
57923
97326
14613
62889
79200
-18998
-17013
-27857
69804
-17407
-79259
68420
-51334
-25832
-75473
-60474
68401
73814
94015
41793
-22261
-95831
-17951
-41584
42306
-12493
-29326
-18433
-23614
-48579
-79795
-21245
-45006
-12791
57739
-99807
-89810
-85881
-51175
-45467
56697
-94920
60218
96727
95901
53957
4309
-86956
-58395
1672
35097
-9595
68242
61377
83269
80083
-19623
96154
-26763
-41529
63017
40092
19426
-55953
90964
16204
-60454
32242
80702
91307
50992
-18514
-76580
-43234
-91141
-66497
-87662
-55993
-29491
-70216
34773
-27568
38689
-48208
25681
-58666
-23270
66223
60324
69605
-4770
11686
-82744
-40625
70450
78537
88684
-88265
-33095
-33091
38099
89272
16234
20554
-40455
49095
-41791
70474
-44789
86457
61033
-31257
31429
-28572
-44490
-51366
-17882
-1120
8627
-12179
-38698
-86600
-406
-89659
-52647
57151
87313
54356
-97246
11949
76601
98057
-86690
18127
-9865
-65816
-24590
28674
-53017
59485
83045
-88792
28668
59410
46728
83229
29436
83615
50781
-36268
69987
17855
-45407
-39970
4503
52631
-72414
79073
-142
30910
47223
-94168
-41542
2443
-59554
28889
-67548
-3050
-38542
-13291
31537
94213
12234
2935
74505
20738
94599
56683
71236
-77893
7098
48711
98665
424
-46095
91887
88838
-86054
6792
-2119
94538
-93274
-41063
73618
-98948
-44817
-63987
91032
-43297
-50100
89261
55511
-87
-64232
-39934
43873
96127
87950
60826
31281
-47849
-20393
20604
-17670
62817
-69031
-94540
-95921
-43510
-97503
2947
-58273
-55570
61529
-2256
-5894
-39595
76158
-16069
-79134
34915
-74217
-51941
31798
-44883
72373
-62294
-6619
-14532
231
-43971
-48402
6591
47262
-91270
-33616
-79804
-23272
-23360
48477
-91775
-91496
58850
26438
25543
-34191
-86855
41349
-74532
15789
39734
25662
89600
15583
-10694
14207
37146
-50529
80867
18935
-79301
43371
-31382
-55086
-49095
21403
7770
-22541
-63655
25555
6277
14807
6807
-69857
58624
-47248
-95983
42225
43343
-12284
99202
39727
96593
-71902
54974
-48194
-64826
98377
-73451
-30042
-97053
-58533
-78380
-8374
-33910
52048
-17019
12052
49656
-14698
91276
66817
49418
51668
92994
-56149
-44765
-36366
-50604
24504
-44515
-7052
48870
99847
52398
43308
16566
-37212
-62506
51427
47097
82147
62907
45200
-28145
42117
89236
-3377
-36406
28333
85034
86544
-45976
-27402
23898
1850
76229
7868
-50477
-84371
66614
3848
-46466
32824
-75684
-18716
-62983
-81222
82186
83382
-93119
-80305
-7440
29042
52259
26215
-46707
-12362
-83339
-1616
11009
-5404
-91680
-61268
58454
-31509
-99382
-61992
-90196
11991
95304
67603
28495
36808
-12436
82949
17116
26908
363
65276
-52447
-75711
86531
28766
67383
50335
23923
51632
37074
-98637
48073
-36956
49373
60092
84346
25802
12095
-23962
70497
-73991
-15233
21741
-28139
-28304
-8337
36846
79152
-43455
56265
80104
98944
26545
-40158
-76461
-8221
16383
-76603
-80990
63965
12954
13797
48613
80304
7430
74755
-87198
99316
-78957
28318
11509
2089
-65393
-31471
41214
18075
19702
-58432
-14925
74130
53463
-65338
90291
-25190
-2882
74493
-15489
-22032
-4159
51472
-6245
-82601
65364
-99552
-99893
-45951
-33709
-55653
17969
-91672
-98096
-50530
-71888
-47531
4804
-10520
-56442
-13958
-15247
-71664
-69542
-5166
-78530
90141
-76047
15824
-61360
72221
-21421
5724
-10740
-4910
-3692
-50742
65079
-95557
53812
-56933
-23221
-91229
-29097
-12522
-98694
-92767
58501
8706
59009
-47748
-93439
39428
77192
-74850
86984
-22051
-5811
2410
-96961
37389
64495
-79699
-13465
77393
-64541
56470
-85540
83321
-75784
-72169
55777
-3406
30238
-53999
17336
48576
-12840
67780
-57825
11915
3136
58437
8563
-36352
-99276
17127
-2695
32502
-64737
40301
93082
-77048
-29240
-52121
-69180
37190
91223
84921
-80333
67378
48493
53534
11545
37732
35545
44306
-29617
71646
56251
-96856
-96247
-72976
-71521
-24967
-84158
66673
-98647
81285
-17629
-32140
95736
71554
-84414
45432
-82425
59389
15491
23512
86364
96668
56134
-24323
-49659
46429
-23540
55964
86711
81142
-16605
-32186
45656
-64710
67543
8247
-26754
16949
-85408
77175
-38891
-20200
-52426
-30127
-89692
49851
-87004
-54413
85230
-60307
-7968
95530
35015
53992
50448
28573
-48554
-82295
-12037
15494
17497
6447
-13406
98544
17495
47045
64471
-75841
-86257
50896
23408
66305
62430
15266
60173
-23587
85518
58605
-62411
-34601
-42783
-19303
-40617
-27634
-76954
-53208
-49179
62407
16388
-21734
-13414
-62007
1088
-47957
-46954
-93908
751
-18980
-62064
-3472
56321
-94228
60593
-34643
5771
-58950
67583
-55305
54942
34540
8798
45356
68098
-81740
-13953
76993
-38052
98518
57140
-61661
-27054
-13055
74768
37621
-41611
97981
82998
50348
28968
59742
-4596
4870
-9568
76131
5380
58131
54201
-22246
68247
81339
-8094
-28118
10861
-69590
78845
-20632
-30846
-99533
16016
-82092
35818
-30701
-26274
10696
90210
-67454
50649
-30040
62275
-42770
27823
-45049
-52081
69720
19122
-46472
34340
11812
42044
95234
69776
57962
56965
-27549
-22543
46098
74776
-63485
54361
-15340
-45260
52249
22610
13017
-11411
18129
-15481
-56041
-59309
60846
36131
50949
85367
13385
99512
-32175
-32267
97925
91333
86003
-41105
-47253
-46184
-62798
-72219
71297
69817
-2351
96374
-32996
93090
40579
49001
6073
-85209
15420
-62524
-66073
-79236
27943
-99043
66973
85268
-37459
-90160
-97470
-34361
25579
-29488
78311
-60759
31781
-49294
55635
-37024
605
-61841
-97332
-50835
80966
98926
-6419
-56365
52767
98929
-6052
96383
72062
8277
89163
-42414
-97532
-64592
-99944
-81052
-62391
58171
-26015
70030
-27243
-85855
-62358
-42675
50627
6274
46385
96040
67018
66355
-72885
537
-86805
46097
38891
97099
-49853
77038
-39276
-11561
38255
53647
-81864
55420
30192
16500
61264
41751
6801
78091
-73414
-83420
-12209
-74302
2402
59009
42042
43015
72851
44679
-25869
-73991
39420
-79135
81083
81451
-275
-79769
-19340
-12214
-44507
82812
-73345
-49993
-44568
58176
-2284
-43745
-17326
-11750
-19169
510
-79319
-40704
97816
8811
89053
-72052
-27771
-28434
56033
60154
-6762
-33309
-43491
35870
-39788
-75920
49005
-67157
-64118
78451
80072
25766
82656
78822
-86671
-92571
-64773
-46371
52467
66897
51000
-51031
-93990
-31742
-3838
11307
68679
52227
-13077
69563
8250
-48553
-32146
15477
-40695
-77698
65092
20717
44608
-81016
24483
-90534
22720
-83290
74006
-77356
-63173
64337
-96959
-63802
31245
8810
2824
-97930
-95851
94994
-60974
-42747
-30567
61524
9570
76507
11105
18165
-75758
-50791
17102
43861
19616
-12847
-10843
-78455
-73061
-66469
79460
41482
-19351
-28674
-54693
95121
-84715
91531
-11411
5870
90352
70835
-86025
-82263
-45601
-81503
10537
39677
-32872
79653
26003
-81993
-8206
-91444
-52460
-33918
-55358
13829
-24021
6509
62294
31447
31319
5868
-16408
71252
-56145
57544
19624
48131
-2060
-8325
96905
89991
33261
-21375
7516
87225
62314
13505
-43011
96263
91169
-34854
-23282
42008
36398
49505
17184
74896
-42590
49164
-30997
-59776
-49219
-75426
-57868
-76130
56631
11257
-7820
-88373
70903
38944
-17036
21086
15556
-82259
-45817
-34412
25876
25873
-3176
-66018
-31401
63373
16672
56815
-2429
28541
-87128
-53066
3133
2107
73210
-28546
-45356
96962
89108
-10302
81146
-66604
7664
897
-61023
-60241
60168
-20254
19849
32648
-85639
77321
-83459
-38624
-8254
-17992
-60383
-71257
71103
-74352
23949
-35356
81325
-12076
49460
86050
42796
84871
-92682
51318
-98688
11632
-67887
299
-11404
-2658
-84399
91468
-75951
51739
-67509
-95347
-16665
-67986
82673
88344
-91724
29119
-28711
-66840
-76705
-1417
21907
-32180
-54524
96354
-54592
-99593
34108
-27775
-87949
92289
66596
13356
80249
-70614
-43940
-43482
-6606
-97008
51525
-44412
72274
95382
57880
35957
64113
65817
40920
38616
-97005
-57669
-38791
-52016
49684
-36170
-302
91021
54476
24477
85659
99390
-32187
-11292
4638
53338
-39225
-5110
26969
48054
95845
-62050
9465
49714
66654
-22367
-23495
45230
33710
28647
24234
-47449
-31280
71122
-66193
77320
64041
-76927
21141
-80587
28689
-75739
-75309
16372
52981
33927
7801
36572
59067
-78166
39029
63979
10354
1720
-24284
37389
-25421
-69855
-23790
94873
25181
-17900
-82270
-80221
1498
-4531
44319
-34683
49478
20199
-83431
31759
37136
5933
-32037
20495
94415
46990
13973
1670
-9120
61023
-89478
85369
-92159
25543
-87704
-56599
-65850
-20340
-17180
-42715
49923
-71851
-58658
39298
12757
84282
-47978
11416
31771
-32299
-10760
-51437
-45508
85759
-57781
-59882
-68958
8021
-89199
-90957
36050
-17813
-90837
-81519
87089
96842
48320
77639
-32032
-61128
-36647
-14349
-94804
-31849
16650
-87253
-6609
-20393
-39492
20911
97727
-33304
-80299
-21224
34993
63583
59765
15698
64375
11990
19590
-34315
54088
14460
14652
-40204
-85362
43855
-39428
-25165
-77258
70862
-3067
64835
-20780
-47087
63482
-46055
-91224
6535
-34320
31391
-24885
58452
62176
89851
6238
-8946
-4811
-15476
92929
-72887
25031
-57351
10240
14796
-62635
-52298
-25721
81117
25094
-70530
70168
97007
21624
-35997
-95547
9469
85841
28911
2052
1712
-55114
40604
66155
94200
-86908
94239
-81736
-76400
64682
-22128
82319
86782
57347
-71036
73036
12953
-35024
-10828
-42125
-48894
-67617
62385
8544
-35730
45111
2437
16014
5023
60169
-37144
-4737
-43650
-19919
77512
-94010
50268
-62141
-3471
-51547
11558
-36602
72633
-29600
12928
-57803
20617
60705
1389
8504
-75796
-14585
-65394
-6788
11331
20962
-95985
-91555
76365
23510
-64381
-98449
-50440
-35864
-12529
18541
-69485
-88442
87459
68039
71203
-44094
-71613
-25358
56886
60398
-99417
-80459
-23118
-63386
46938
51436
-62083
66716
-2375
56152
-4048
22693
7927
15689
-26898
42613
-92683
26713
46952
-82967
24005
81640
58792
36723
-39774
96708
76841
-32329
974
-25095
-77208
45795
89157
-86674
-17160
87480
91109
91692
-5888
-12740
-21040
42973
25212
41842
72952
37899
22666
-536
-56670
-36464
-34244
-64332
18927
12725
91657
92759
97383
48295
14589
-17440
-54772
-8457
53904
98899
-31554
-65090
-35891
78052
92311
93212
52756
-74971
85135
75781
19701
-63373
25583
60380
-5343
-20946
548
53742
20411
-50615
11836
13144
-30944
-36235
-3520
95980
-48497
60141
22344
-94046
96476
-18032
78330
-6574
-92127
79046
-89177
71203
93978
80901
92428
-44239
14681
-46641
65619
38282
-72590
60569
-96587
95289
-1033
91932
80500
-19620
-29373
86486
-78673
68517
17185
95381
75601
-9792
-17528
78220
-68636
-55302
-69829
-59716
43827
-74129
27102
-51931
-85186
20823
-7787
79253
-9893
35853
90984
-76397
-96976
76388
89895
66425
-54489
-55744
98906
67244
-17306
-92918
-68881
-11547
-92407
-11879
84029
25065
18242
-47334
-19478
78218
13022
97082
86450
-49041
30008
-15389
57035
-65740
-72956
-89043
33522
82623
-57702
7378
75969
14579
98458
-46119
3205
64241
-98628
-40191
-39522
-2807
-21569
-25402
-12867
-22233
-97992
-23303
-74594
21128
80617
-55016
-91570
91319
-74701
80423
8679
65890
-29296
48607
9124
-7354
-85995
-71192
33195
37026
38580
-72463
-35618
-66657
-34137
-25261
-78254
-22637
29024
9796
-65550
52810
90416
-931
-28579
-30027
12924
-96174
92439
26439
-30811
-98331
-24342
99380
-51401
-60963
-84219
79303
-81408
79455
77224
68603
-97993
12619
92417
5199
41552
-52567
-62792
49169
-61755
61000
78350
-6394
32311
59928
80790
-96995
-56002
-98423
-13195
51480
55544
-45494
29621
-80662
20304
-79587
-10788
-39651
14360
68318
-82364
76922
-75774
-38598
-52402
56777
-10331
12378
94702
92967
88081
-81213
31404
-87996
42034
-42058
-16741
-11535
87461
88246
82316
-83066
-33826
16437
-93972
6053
50628
91919
-39045
-90579
-45800
14954
9296
-11231
-66095
-17881
10886
59717
-98036
-93417
14571
47004
-91555
-73242
85008
-75669
90700
-85602
3824
14582
73788
3168
-14525
90833
14076
-47064
-98496
-64606
95760
-28104
93423
-44024
-89462
78058
-33255
-75366
-87072
49755
-2260
-32615
8521
-78278
5071
-99625
-25406
97353
79346
20176
-51257
25132
25590
-72751
92956
11099
-23201
-82439
-8435
-26722
38672
-10699
-88834
-50025
-31442
67027
-747
99432
91489
84018
8138
-20812
-91481
-54456
78707
18596
70060
73396
-51388
-54263
-82896
-48460
-23451
78337
38096
-85513
55565
-35576
47373
-87340
-24225
-23065
17732
-21573
-69688
-97619
-69968
-42160
-9618
11574
-83309
-5208
99275
-93139
43934
16362
-98555
-75069
34789
39731
-51103
30793
63419
51945
56233
-92274
41570
76654
94194
-45879
50732
22120
5598
62145
51266
-45784
-96313
-72680
5280
-19855
12962
96553
-96468
14479
-64129
96504
28516
35667
88188
-81154
-23506
-35791
55734
55008
-14421
69713
20756
-21203
-13025
23900
-56003
-15428
-36455
-91048
92282
-49546
-12438
-26380
73280
-58779
-30346
143
78713
77439
-42968
6821
15838
-88536
59475
70647
71862
-62587
-57924
75948
-3825
83202
-68556
-31555
68544
24739
-27023
13595
-53240
-76847
-13190
80460
-44711
-86023
-55427
-72077
83448
-93915
76066
-95081
54749
78642
-46026
87227
-46169
35367
30507
74818
2790
35687
20150
-54925
78600
-48749
26874
67574
74835
26031
44558
-96757
-2552
44133
55578
47795
52988
87453
-67026
-91166
-24283
42229
-94015
22865
4298
84820
12080
-93530
36695
54609
-57683
-96998
50445
43461
26125
68071
-33250
-20271
-86338
-87787
10564
-32068
48940
42743
-28097
30324
96415
9324
-42699
-52959
19981
25968
-43192
-98128
75153
-25313
86161
-54459
15712
70885
2371
-38938
-87996
-69439
76451
26588
-31789
-54266
-68393
-36129
-39083
-64786
-69632
72155
-620
-64611
-98406
-7669
58144
-28112
52950
73571
79246
69384
-4961
-93266
90327
70513
-1603
23212
-98796
93595
-55001
37823
66242
-33234
36790
-81747
-48354
-59631
74853
-55461
53057
20715
-96365
25848
95358
24477
36971
-93730
-23113
-94258
-5578
96968
38817
33980
-12934
-22468
88743
-57816
-96204
89139
-94816
-62733
29548
13250
56196
-39598
-50930
-77070
-34668
6394
91966
35576
-17283
32840
4715
-86436
49486
-29749
-52344
62739
-82914
87826
77247
1427
4092
-71111
37200
-6824
51839
59246
-34886
-82907
27468
-69611
28203
-52809
-25770
31624
43483
-7170
41011
17129
-98863
3287
13323
1355
-47038
-70555
9955
24534
-59265
11919
97848
-50474
-78125
-90041
-22429
-16990
79124
-39316
-27851
-21107
67249
74708
46492
-57007
64006
-38488
6744
-96071
91540
-9770
74788
-84129
41218
-53474
83661
84474
-89097
72446
-26318
58256
-43684
-35491
68135
-46002
37810
31391
-10052
-11067
96166
-33865
82513
39717
-23253
15779
79054
85016
2085
-56769
-57764
668
81864
90068
-38077
-29189
95222
-71151
69426
-46521
-1814
93308
-79150
44716
67483
63613
-70858
22282
-14661
-55393
-71713
-60703
-91465
-89156
29669
2755
18055
90769
73212
-86818
513
31946
-59752
21161
-22297
-31027
-88578
-74718
-44283
99218
-51824
-33597
-75595
66517
-65533
32911
-58699
11760
-8212
-54928
79014
58557
56544
62832
-47442
-65492
-93635
-14647
51869
47601
-41430
41221
35409
-52560
46781
-86955
263
-87181
-7517
26470
-97117
93660
-20278
-47949
73664
-49289
72876
41469
-12444
69494
-16624
-31653
-71129
52090
-1270
-73959
66178
-16338
-48472
98274
30751
-85035
29969
-37858
-23285
81355
40469
56807
78732
91655
52187
35379
-32571
9860
16567
-73710
9440
-29874
-53169
-68842
-58748
-39360
20956
-68965
-69145
-5497
30441
-93288
-36525
-54214
-19916
39579
90451
61104
-64251
-2443
4264
32143
60335
-19016
-28088
34476
92986
9674
28191
84008
74840
-7671
-23655
-37877
-60879
84481
-79330
37426
-504
-72642
-58418
74167
86203
40077
82211
-60633
-72403
-14075
-68249
42174
94886
98795
19003
-42198
52173
32237
14472
86458
39663
28738
-15730
94493
-66212
21466
-60884
-77581
-23251
-24108
64310
-63182
13307
17053
80993
80714
-99572
-96567
-64957
-14948
-52692
-9087
-67758
-14565
-74307
-23262
95455
-63667
91873
65
23551
-90243
-47214
-50520
-69249
14775
-50304
19255
49485
17770
-30455
-48805
11409
-28103
-26860
32248
70319
29796
-42743
-17753
-47957
41747
-59108
-36772
-57586
5621
-60671
-96029
-91243
7059
-64581
31532
-218
-88205
19006
2064
-59122
-73913
12394
-86565
-56090
71302
83275
81127
25175
25540
19338
97213
-64305
-91782
-12550
63422
27425
53736
49142
75311
-13328
-52241
77243
-36729
-34236
-80668
20686
77043
-73494
-33128
66952
24799
-69428
62701
76506
-99883
-26020
-26081
-72560
76064
69840
48688
-91552
35228
-18487
39672
55268
27680
-58296
48191
62190
-16950
55648
10026
8383
-16099
3807
-2043
-12284
-23201
75628
91367
-91957
29691
38954
-34377
-66007
15928
-3533
51227
8047
20298
-4487
63332
87098
-29405
32598
-5777
-19430
86663
43628
-40203
74614
-24428
92738
74972
16134
30781
-42192
44542
-63087
31361
-26734
-57460
3998
-34341
-88005
51087
-49
-59042
-93928
44539
-48976
-31217
76747
67978
50224
-1689
3116
52650
-40493
67209
31491
61570
-30890
-53358
83259
-52517
-31133
16809
97830
-6793
-10799
-40290
-48434
2266
40616
70665
73032
-32787
-50839
-65273
82212
-74799
9793
-33122
-14277
5035
-45087
55171
-16575
43002
48167
-67044
-95814
-50836
-65251
19989
-49770
38814
10765
5642
-19167
-4170
-57881
-59653
-92156
-40793
4282
46917
81025
64619
-51994
-50203
28733
11382
99225
-67568
-28481
92077
-81061
471
78284
-73030
-59685
-48022
12605
-90358
-28453
80079
-75656
-79297
60368
-78542
95704
97301
20296
-27278
45167
-45547
22167
65122
19822
62768
-78752
-8151
89290
-29960
4939
84995
19380
-89359
52324
76370
-22032
-526
-46840
11649
56477
98205
-76727
-75118
-97656
-24855
13242
20638
51839
86490
62154
2603
-49125
-39429
-66450
1596
70253
36790
22420
90492
78320
-59172
507
-27466
-99949
26787
-5551
25339
91476
-69626
-93042
-3451
19467
43316
-18184
-98670
30009
-28738
-83443
-77237
96428
-21703
-62715
-34954
40379
48961
46832
86140
-19705
-62468
11849
22880
-5987
11791
-75303
34072
21968
-63800
29918
-42545
55508
-76525
-50738
41090
-81207
-70851
-51574
35398
31359
-87420
51671
-64018
18112
-60538
-36676
-9162
-14371
42806
8654
-10487
23041
-30968
43051
-46227
29049
87684
73160
-20928
-62820
65572
-17086
-96916
4332
45934
-54192
6081
69776
-19307
-30201
-38774
-75605
-95465
53333
37268
-96965
-87327
-21708
-17804
-16279
67221
44945
94997
34613
-57806
-62538
-40651
-16695
86314
-75325
58572
72803
11422
75047
45276
-28411
86176
-32668
88068
-6278
-18887
-79686
32125
-51784
-34534
-45493
-94047
80377
27458
-44789
88575
4278
-3545
91583
-24528
21707
2055
-8135
-74457
-36318
46548
45853
-99642
13480
40163
27365
-4144
17080
15545
-8984
-66261
82231
-28245
74352
47828
92353
11941
35960
9155
93349
-34770
-29473
-68989
83608
-17433
24382
80637
39114
74276
-43907
-72431
52989
-13981
-64720
34531
98219
-40761
-88652
80680
75261
-97840
50651
51074
-88393
6623
-92552
-69096
-46414
33700
6617
-21317
-98240
44544
-82189
-7544
-6271
14303
12124
3657
10318
54428
60722
56092
6282
22109
37566
-52805
50473
85877
55829
-71238
-30564
23396
-28575
-94834
-31067
-48054
-13864
-58035
-47162
-48871
-46109
29490
-8371
18992
65378
42276
-63241
2018
-45590
-54094
84325
-48834
-47163
63349
-41823
-43141
98703
91801
-97418
-44409
-95315
-79288
46148
4823
24429
-7525
15523
-70071
7162
1185
23920
-80382
-34264
61259
-79069
-49450
-80097
77332
-10667
35572
-74856
53938
19253
-94044
-87268
-54701
-93591
36762
-52537
75880
70612
-26227
3520
-69097
42013
29164
56428
58304
-48558
32
44027
11356
-39025
-50866
22214
15104
65715
-97779
-21834
-14868
15677
-58408
37900
73019
47817
18020
71438
97064
-51523
36385
6258
-87613
65448
-37394
3657
88330
-25787
-77460
91063
77215
-38672
39572
42562
-6235
-26603
-10767
-15972
-84308
32368
40417
79926
55744
3732
98386
66658
-18043
94511
64421
-32585
-32480
8164
-23384
-34358
-62971
53929
-14026
63695
-63513
48195
84829
-32319
21305
-83372
-79130
-17539
87628
-97971
49921
-24748
10325
-79858
-85169
-56247
-49676
37964
-18476
81560
55701
58690
-53232
-18912
99325
98643
56909
-65134
91411
-23990
-88747
-82478
-97631
48030
81490
12162
-92912
-62109
32013
73146
56954
-40577
66558
-77265
12133
88537
-59969
-68958
-38700
74753
78455
89288
-94450
-39702
45469
20275
-96048
10432
56279
89784
-6148
63134
76351
35823
-60116
-66222
-56838
-97615
-99892
87247
-61303
85435
-34256
-56703
-66412
35060
3251
17151
-15012
9945
35368
42950
-91041
22837
-34365
-77985
19151
89604
-11937
94248
-32861
-46655
-62602
-82333
59882
96427
9420
64010
-40994
24724
-30695
94121
77012
-74943
75685
-21633
-59845
-27052
41597
-33401
14066
73382
-57505
47810
63643
77436
-51029
4853
-47598
83735
-22678
9192
-9862
14033
5279
13163
-11019
34767
77740
-59578
-13213
34749
-23811
-25445
-97730
-4081
-52145
9591
-51763
91916
-73848
62029
60439
51681
99694
-35258
-82636
13795
47792
81870
-20810
71549
2414
20979
36817
-54336
6918
42533
-10031
-82653
-18746
65569
-45132
-77777
-18111
-26029
-44539
79062
92638
-11502
79728
39328
-60800
-41898
15098
92162
-74986
-69694
-37659
-9083
-91963
16590
-86879
72708
64667
-87261
9899
-55317
92599
-76578
68947
-16176
17472
30552
-29017
18702
-93219
91058
-65693
-91892
-67265
99698
-64706
-90258
58330
19994
54831
-43524
67696
-27996
-66712
31743
-66828
-16086
26732
61940
-7642
67831
-15486
92932
10632
83712
74431
-19995
54605
-23720
-90748
94187
73983
-97454
-11096
-31828
-66283
-59802
64348
1465
-11101
47203
-30945
-22879
-50903
73483
21653
-30616
52452
-76029
1728
-99644
-46868
97826
-16941
41495
-19219
64216
-23787
49382
18436
19874
53889
49925
2973
-31504
11638
-98035
-17778
-97906
7740
17396
55703
-44320
59217
-62442
-47018
4271
21824
42563
-73164
-69649
48895
-9424
-43611
-42026
85641
67809
-21643
89172
-45189
526
-58105
-91339
64201
29260
20647
-37638
67883
-95128
-6031
-13824
33338
1008
61327
16966
82189
-23017
8768
31531
-27880
36581
-46473
-38648
-12133
51102
-76033
-29735
-60521
61187
76373
30935
67798
7638
41355
-10337
68462
7799
-98434
95379
-59818
-41233
32886
48478
41672
-15541
27503
-49093
20592
-51784
16709
-62057
-29816
56353
-40709
52887
-83222
-10133
-50661
-63106
56562
-2967
81020
-65138
92960
52923
35619
99156
-86423
51033
-71799
-13825
-89510
98509
52444
-82255
29556
12835
69306
32456
28534
-11134
-96673
-64384
-54135
-75837
78231
8990
-70013
-30182
-17147
40511
33942
-84029
36079
69092
-57028
-2808
-22670
30675
-24855
-62996
65142
-82318
58400
12258
6169
77623
-34970
-77106
-58285
-33698
-35362
-7399
-89076
-17342
80899
-82791
49259
56829
75487
88660
-29639
-8470
50369
-17740
-96397
-76951
-11851
31400
-44391
-75898
37090
14145
-3450
59516
66415
-26051
29851
-98317
62395
-10233
-30465
-48286
-98209
-66630
-18622
-31000
26389
86823
24474
-32623
74518
-50211
-56580
66276
-85431
28507
-75640
-15954
40841
29258
-5819
-19681
-24771
72122
13652
-22944
-40433
88132
35519
30181
-35374
41019
-24099
51431
58816
35646
32631
98830
-95344
17905
-8613
53471
-4466
44361
-58381
-60708
44501
-19327
30221
25263
30560
-69134
-40911
19080
54969
51059
-44086
-976
-67180
-32617
-92818
98433
-65860
-81151
9985
80933
-34915
93442
21775
56177
-56576
35178
-44942
-39659
-51086
-39791
83802
-42151
40985
83413
38106
54897
83939
-15943
43282
69859
-99188
39595
67537
-54342
-33017
-68317
-45618
85647
54159
97525
42267
-64293
-16403
69640
80974
-42648
56646
-89065
6987
-99171
-36705
74250
83742
76522
58063
55985
-18283
-97488
71065
61899
85637
-79604
-85875
-38833
-86694
-29369
-81188
87697
-65009
14625
-20206
-54118
70588
1982
-20575
55926
57277
31180
21184
28901
-51779
3073
-37239
17364
77691
65956
-52517
62221
42764
81555
11163
-79583
-86833
-73212
70523
-18805
9698
-81613
76536
-61534
38298
54692
80151
-33943
-70729
-84392
91510
-53873
72413
-46163
42525
52594
42463
8104
77906
81552
41729
23806
-46207
15038
-690
-34344
-96189
-24492
-8455
56224
-439
-79353
79842
-26866
90448
65691
-83210
-75055
61975
31644
46584
-10372
-36484
-81396
25624
61952
-25088
20283
76965
-82983
-37793
-30171
-50104
8016
1409
31088
95780
-73165
-48936
14088
-98630
21404
98288
93102
25164
42313
2424
-24502
10668
-68979
37887
67081
-83304
-98399
5846
-41402
13822
13192
20753
53283
23755
-43467
-80699
40762
908
-41523
-67423
31265
-11059
26169
57381
87758
39523
26868
-28208
38881
-43386
73839
-1979
-78988
98441
-82640
-73252
-49304
64694
-11641
-49532
-79532
-25818
-15672
-45183
-80957
-75460
-14587
-6922
67217
-49135
43812
36956
-5840
-94874
30378
-37510
1451
-89051
-42835
-53439
23539
2199
-3157
-13574
-19415
-59328
-63251
699
91473
47391
48407
24485
27473
-4290
-18241
-52987
12001
34539
70441
46809
-4434
9250
12448
56619
-7596
-75739
-77757
-31670
87111
21004
64756
-92185
-87144
-23056
75788
-10862
77249
98414
-90286
-8845
-97808
40396
15197
61594
-68707
-56088
-28477
16651
-53530
47961
68205
89710
67576
-52955
-83894
-32383
-67990
23414
66590
67923
29267
99123
84890
-63576
60884
-14475
9898
-92047
-76639
95652
99788
41111
-42815
-83690
59605
19010
-6460
73322
-16273
92805
-69104
25217
22248
78430
-79222
39100
69056
-5753
-39664
-50098
-67372
-98272
-23617
-83595
9200
65107
2036
-25835
76213
-25851
-23435
55602
31449
84123
-97669
98293
-68443
-58917
-61740
-30437
68422
-83052
85140
10831
91305
5414
91116
-76006
78108
4731
-79631
86247
47412
-66963
13176
-80160
54409
-25527
-82333
44568
91001
53039
19226
42019
26115
72278
7283
66416
-61946
25402
72158
-61657
3980
58452
-82248
91132
-3954
-3719
59415
-62352
-75011
-98502
87462
2382
64891
56129
4313
20810
50051
56843
-50202
979
-3046
27669
-42430
60233
-73594
-16324
27638
50441
-28041
45078
-84347
87445
83751
15934
42593
9350
77228
-38895
85902
-91189
78436
-77251
85556
-1347
-98572
12078
17505
-34636
-43886
-83295
-45426
-82763
-64282
-19126
60558
-14332
67369
64456
-45622
22328
-73718
69066
26181
2491
-68067
17179
-58710
87616
1317
74710
-28642
-56906
81487
-18782
-66310
-53368
-10382
6008
-66731
-71627
-3065
-1100
-50614
-15396
87130
37818
-70471
-3201
31193
85667
-75131
51386
14938
-13530
61112
-60870
-61936
75937
-98513
75200
-181
-86218
75447
-50972
28168
66317
-14611
-28940
-46318
-55597
12109
-59496
29475
22103
43032
-86060
-72597
66820
23918
79814
57185
27959
-90811
-28655
66746
71683
-91657
69759
-33019
98666
-99201
54618
75844
9650
-61057
81076
-84943
51656
87191
97745
46470
15835
-37429
-52134
-27598
82143
68347
91654
97819
36459
15791
-72842
12218
-52072
-38
-10301
52588
62239
-37530
71985
-16656
17085
-32346
62390
-59445
-18411
50248
48293
-20266
59742
-99567
24754
-80606
88033
-15411
-70000
33109
19479
28253
76233
40697
52728
-31657
1735
-86362
3198
-94637
5761
23379
29962
-99675
-95340
-39631
-33098
2975
63293
-97363
53111
-22531
-55115
-95193
-70202
-24527
-8058
-58529
93365
31332
-15886
-31766
54043
-96867
-49516
39438
31335
-90907
-34696
-56551
-48020
61184
33403
22914
-75554
57136
29293
62908
-82918
68
-90128
85575
-51017
-72043
-97380
-99483
-24966
77273
82732
-75190
21451
51283
-49635
65432
-57756
-80375
-82858
72880
87117
-64772
-51513
-49768
-1494
24862
13547
-25733
34070
9059
9285
2951
26932
7660
-82704
53192
-6071
64429
62623
53178
-14526
57328
-4501
61769
-81456
-46517
-64630
31064
71080
95605
25688
-38136
52008
-65161
97255
-96921
-50522
73836
5908
75292
86088
-2525
-87414
3221
-5406
54202
-86677
-44522
63388
59819
-86132
-34106
-41257
-62948
88586
-7902
80869
59099
-37538
91059
-53540
-82959
-12914
6298
65871
47852
71953
48739
-45713
74560
64196
-97810
90597
18201
-69393
77833
-92268
-7904
-99399
64894
-41916
91732
88065
15672
-59475
-62297
99849
-48084
-94120
-61478
56129
-3118
-67794
4542
-38054
21332
-71722
-79324
-28895
-18440
-43218
-91362
47738
-49791
-69143
97477
-9065
-43963
-76564
59449
-32896
66869
-33656
69185
-43429
70728
42265
-37750
80288
-46946
-12463
12459
-82490
-14927
7756
95608
17296
97462
-61883
51956
32666
17095
83048
59016
13321
-14797
-16841
-93894
-15491
-38908
-9744
-83153
93004
-29129
10758
-41498
-48723
59656
-5398
-55410
-25027
-49071
-28609
38431
31961
-67390
-23891
-95457
52295
-83555
-51267
56880
-49840
-76062
-4823
21230
-12839
86664
36995
-11222
45175
-31876
-89929
52568
-10143
-88975
5047
-90042
-80286
23617
838
8595
47190
-60906
79545
22004
47828
44120
90188
5125
23358
67598
-26236
76609
66653
62627
56919
-65485
25014
-81158
76404
-43207
-34896
41835
69244
-74097
-91225
84829
63864
76253
-99367
-50778
20381
84850
21214
93277
32094
-57438
-21696
-43705
32014
-54767
93047
79104
20847
-46852
57584
89763
46307
64284
65035
44938
-42338
-78595
87685
-1080
-73007
-67973
95225
9312
-83101
-82916
-86242
-85707
-16482
77647
56798
-69121
98918
66773
-50099
30495
50819
-24997
84753
-72319
58485
-235
-9823
42768
-38878
-68605
-83389
-10272
-67363
98644
-71477
36835
96373
67655
-56106
-15445
62009
58059
82091
62759
-15355
13402
34067
-50524
-27691
-24420
48524
-78669
86911
51918
-78838
-98956
90441
15165
22485
-98884
-15855
-50568
-21288
-40780
949
86590
63526
-59090
-78650
33276
-347
-60438
-89596
37149
47188
-11219
1501
72551
56854
70560
-8081
17361
-69515
34584
-54079
17514
49516
66200
-22776
-96019
23851
70177
7368
-91458
11932
-37664
68202
51194
-89499
96821
-29481
-86768
-23866
-29195
7015
-87083
43166
-79258
-15450
-54227
-92802
-75736
-9983
10408
17630
-8984
8615
-83767
-20892
87301
3622
-98828
-37419
-87670
-94309
37837
62952
-84539
48268
4329
-36029
80461
-79615
-90384
-74780
-81906
53615
-59163
-66571
40753
83794
-83692
41202
-14152
99467
-95808
-97860
-50587
68525
-98213
-63700
80602
57271
52923
-83870
-54406
-18538
65323
8737
60100
-57817
-18062
-43113
54091
-9494
-41274
-31684
11666
-78952
-3877
-90317
10153
-48330
90030
59828
-37268
-97389
61164
37518
-80222
-56267
14413
-53136
-15818
-85233
69982
-49876
-54238
-20666
-5535
96913
-63368
38348
22476
95079
-25147
24921
72953
-61938
-79083
-41455
-6043
-85780
-6456
-94170
-69932
-67015
-31907
-3858
85204
37159
-84840
-86853
-9723
83125
-22456
69914
-25199
22390
64623
-66295
-92050
-63284
98738
71017
-94513
72414
53250
-81897
-50729
-34509
-12848
48265
82744
97879
66353
-95120
-65406
31773
53459
93288
24453
-99694
24239
36050
-83546
-44812
-89958
55718
83672
24854
35816
-40521
9294
-56987
-39167
-57610
52870
38113
70315
-19779
-55336
-81695
55420
136
-41037
57232
-50620
73630
33552
-72956
2960
-11494
-48059
-31250
-49869
-56129
83116
-56413
-19050
58522
43274
-18895
-59856
-79822
92290
-66049
-99756
80537
-68
19559
35955
-67932
-94134
69578
-62031
-25953
-96359
25434
37039
-39817
62336
31624
17882
3732
-25146
67755
-27127
66460
29550
20483
-83067
51478
-293
-70936
-18933
-95924
-53482
41905
-11886
-29640
16532
58955
-50598
80894
69758
-10821
50896
39354
46587
-26972
31380
47475
2223
-64770
-72972
-44235
32404
66656
19616
-80635
-95329
10800
-4865
42472
77061
13858
-53451
82088
-59805
33400
77100
-5168
29674
178
62783
67793
-80769
24463
20189
-84317
21112
44695
85334
95648
20761
-91884
-24297
-43745
29913
-56001
3262
-54266
79522
-39729
-40382
92669
72484
-8869
-10904
-80050
62867
82193
74242
-29275
-74309
-89466
51178
-9555
-14064
84687
80537
60723
69385
84705
32240
-76444
59703
58385
-79557
-8421
-76137
3353
7654
-38965
2125
-2
25897
2008
-3157
-27693
9249
87192
62394
18099
54707
-72122
5865
56623
42128
-53880
-97562
59965
39346
21153
-59015
-69028
-71038
94367
-13737
-49238
8619
-32546
-70286
51471
-53869
82043
98964
-91181
65071
68421
-14814
-87092
-372
-9745
-40665
21030
38793
24948
-50446
29586
19839
68991
27942
-25971
39950
11268
71674
-78054
-80110
19505
13937
96483
-69559
56629
39441
49768
-75513
-83154
-56341
29028
34187
80969
98053
27362
-606
26417
39192
46055
-90186
11863
-53972
-46340
-2192
42973
21425
-47035
-2764
59637
29053
14244
29373
39256
15541
58086
-57507
-89415
20588
-43266
-55091
-9191
-70954
-14937
-20611
34748
83060
88569
43222
3183
77565
-36201
41811
-41768
-58399
-99421
-99686
55065
44505
12772
4672
50452
-34492
28713
-1569
-20732
55025
57430
87539
-20091
-64662
-82134
58163
61455
-17001
27815
61663
37705
-67296
25009
-73019
72864
-69554
-12856
38719
-46895
34547
-80144
-78138
37387
-48303
12720
37880
-63799
-35527
-73127
-4388
-98630
28060
42801
-11141
-82274
-41502
-56706
-67989
78664
66390
6714
33799
-28503
-15626
-98056
-76653
-76731
66691
-58707
52998
-64853
78301
-18308
-91544
-13559
-3704
59516
-36131
9285
14647
-87508
-71206
-12309
94539
-73656
44027
-10221
-96163
18697
896
-32140
97540
87397
63905
5275
-37977
19164
-90102
-73953
-44899
50517
22010
-48844
-91509
35843
-11542
34959
55404
-78213
75011
-77047
46026
-20873
-68172
-52364
-7654
-64122
79534
16250
-17328
-45955
12142
-35564
-94932
7215
19189
-8089
52680
-53065
72152
-36266
-42453
57067
-23038
-30761
-35639
30614
64715
78609
-45937
-55421
17738
36096
25189
98705
75141
63671
55114
-6220
-64482
97203
78673
71053
-54814
-75805
20108
-28150
-82907
55852
28696
2661
-9547
33135
-18687
-45910
-81962
-11135
-41321
-77919
69319
43598
-80955
15356
84993
-55975
8351
10819
77361
17968
29462
51936
17941
14853
49283
15926
89463
59042
-30630
25943
38060
59084
92315
15867
6014
-85860
64034
-98646
-73535
41397
33977
-15047
72387
71135
-68689
9037
-9681
55692
-56692
38348
29722
-9270
5884
99812
82878
-97943
43055
19408
-56144
38832
-76731
89585
-86070
-13453
-89372
77269
-49282
-87172
59157
-59746
94586
-85798
-15883
79126
18514
-82710
71518
-61361
-89141
-88782
54552
12594
94575
89873
-80604
-14683
-72078
-26212
-36520
30512
-79854
93387
-2516
-28965
89807
-86892
20186
-52716
-58466
-55044
-57684
-9513
2762
-81592
15124
90923
30546
76195
1040
48814
78406
-2229
23250
5153
40634
-94052
-97260
88894
-29823
-57357
-40693
-46138
-65577
60289
-23396
-71330
-90203
-43944
-9184
14835
-19029
9447
6230
59316
-35601
45522
-36855
84160
-59510
-61243
-99038
48904
-69045
94787
-840
9889
-74369
11789
-78097
80269
6810
19591
20499
-94299
77973
47150
65105
342
-61427
8424
44497
32622
-34557
4186
-71907
-90470
-72264
-92010
-46330
89444
-31603
-42685
-28926
-89590
92125
-45338
-22124
-35795
-89890
-10409
65349
20442
65433
26960
-45032
-93219
-19786
-75320
-65959
86118
85215
16091
25998
-57904
-96711
40324
78968
-43747
8948
-55163
50094
22482
-79636
-56224
5708
-58440
22898
-55592
40494
-54804
-99965
9991
40269
-33957
-83362
68160
98204
-84193
76001
-70658
53744
-12968
-59561
-3489
80380
-44673
-81907
-97597
-58894
-25126
-13588
-2250
5296
67318
69900
-12975
-33658
39540
35574
93676
-81112
-72574
41497
64691
-571
69251
31139
-22116
60042
-37984
-66455
-16747
-45527
21397
-38929
-63422
-33114
-10698
-2139
54450
53573
-56527
-7772
99929
28979
3784
-21450
68691
-4765
-43947
80612
-33494
-64598
-26136
84358
16652
-45803
93364
-51469
-78100
-71802
66025
-70371
-59059
-48002
11795
73999
65014
75678
-77291
-81468
21679
76321
5947
-40589
-79375
38395
25315
-63821
-67085
86172
65223
-5519
65577
74318
73255
47849
45311
60123
34314
51652
-54823
20967
