70472
68217
-14365
-50536
71435
-18483
-94054
-85227
-74091
48187
42144
-10628
86407
-81731
-42392
-20549
-64458
31576
-87587
-21149
-29463
-40898
13704
-2589
98828
-87305
65471
-33926
-1918
60724
-34531
85925
-49940
67282
17219
-85786
-19888
-2690
-19754
32669
-94223
34300
13893
38207
43116
-68090
-58866
88710
50233
50010
-51354
-40392
-28465
44455
-72155
39236
-74040
23423
-52304
-18479
94946
29567
-23226
63424
-89681
32548
29340
-85421
34985
87001
76678
-80547
-60163
-72552
-24521
26264
43177
50617
-78800
-8823
-29373
-37129
39649
75771
-60394
-98529
-50115
-87016
-99829
-20885
-83168
17413
91253
-53369
-89957
-3587
-48258
-57592
33138
96164
-63970
72935
22294
99319
37254
-49506
-96677
87096
-93294
-55968
-1214
-9129
-18113
-79387
-95530
97155
-47840
51997
-30019
92450
10224
-75997
5012
41797
30300
-74759
50796
-38318
-74538
94038
19967
89986
-64591
26911
-99792
-74545
71416
-93328
-84969
16316
8111
16160
88960
-80630
-65393
-4548
47468
-33497
63280
9978
-62408
-44712
-33457
-13061
17573
23291
24754
-85920
41406
-24822
98126
97932
33819
39823
59031
74629
-11091
9954
98291
-63700
65988
-5629
30200
21594
33628
-44886
2416
91844
48555
-11904
92849
-36871
23295
64284
-19610
78473
21501
-90255
93506
-67292
-18289
90904
89189
60264
-71217
-99521
7607
84921
-18830
-16735
43485
-59634
84705
-76709
-73073
781
86660
96241
-2551
18677
41638
-97970
78363
-96833
22472
-35362
-75423
79760
82419
1091
31769
-85367
-18688
32953
-92359
66990
31578
-7563
62765
-37054
66141
-1704
24186
64690
23870
77124
-7567
-42067
24333
-95820
-46497
-15481
-18574
-69309
-90535
38241
86126
25806
23177
65191
354
-11006
-21955
85638
-3705
97487
-46961
87219
-98145
4839
67859
-98617
76425
24802
89394
-33612
84695
-72833
-3754
-29342
2060
69468
-30192
4060
-12912
-11950
97208
-92810
93109
76275
53520
76527
20382
-3174
-85474
-75281
91811
45854
-65108
89119
-67095
66216
42552
-84809
55244
-12812
-21349
-14700
3759
9483
36512
2626
41454
-38827
47088
11529
77555
21368
11816
27312
52621
21023
27585
7134
-75266
-45450
54539
11489
-12081
-65716
25415
52299
42019
58124
15122
-8788
27273
3053
-48569
39735
-39050
-79735
88459
-35215
25916
45697
64848
88755
56539
37954
-7097
-13865
-90515
-19750
22386
-12152
54273
62407
-46273
94050
22170
-43980
-14018
8810
67874
-21797
-458
60345
31987
6503
26562
70874
24090
62865
-90142
-22328
28107
-28018
96044
-38476
87414
36317
45802
7533
-42686
-25653
92898
-58845
-65063
-60347
-6179
41685
-93769
53067
40908
-13073
11264
55546
30942
-69734
-68829
-45746
-23207
-13916
25666
-83811
-65318
93989
45
18
-24813
37252
92321
-95743
-16241
19229
70423
12027
51930
7318
-53761
-981
-67999
16239
-90260
-87682
5317
66478
-62920
-39189
-41474
40223
56159
-38728
-37302
-87637
17933
74963
96601
-47882
-98625
-33549
-97422
59136
51763
-87043
-3484
2040
-74374
70141
-45932
-56464
89473
-77207
90957
-86987
-90270
16244
93980
33737
88577
-71039
48274
80694
-83852
12128
37360
-76266
65802
75662
5736
-75737
35023
18327
-70694
46776
69791
32571
46712
-33967
87134
85894
-18860
-99200
-94037
45282
81014
6340
74593
12098
77110
-851
-24421
-74433
41142
84363
42226
-56119
-99020
-24938
87744
-28541
77904
-43453
-87213
-57835
73254
-55740
-71468
45731
35559
35894
-76831
75280
98578
59466
-70550
-91741
-21434
24984
41653
22726
-961
-26794
30210
59773
-2419
45510
-29113
55336
-38143
-57189
75826
-3546
-98340
-9243
34597
74025
16732
-17
13
99
-7855
-93699
61579
-7473
28539
66034
-25865
84547
-3479
-65708
-69857
9795
85652
49841
-90344
6680
25809
-94981
-87222
3592
-65797
-14128
-40747
88071
-79735
30835
60980
-62306
-31432
3053
-41115
49670
54156
-52962
80990
-27463
94304
-99144
-96608
54767
50241
-72073
39389
7827
-43037
82054
73348
-20148
-68695
-29764
44159
-3869
-66552
50975
-50982
-60036
-42331
79122
38830
28765
-95270
42865
79847
-18626
44122
70166
6776
-5375
-57274
-53219
-630
97805
-63312
99337
-31690
53765
47517
-41842
-90075
146
28475
39331
-88742
-4144
68672
-56194
25053
23313
11476
31344
59140
24412
-8493
-41644
97750
7454
-83003
-82364
18614
-34958
3978
29693
82580
8794
81738
-39615
40791
-39787
43841
-16276
51870
-55621
-80646
47451
-65175
-12950
-31351
-69505
-42265
-96586
93913
-88077
82287
72545
-70472
89301
81188
-6466
51865
47481
78578
60562
-66699
-57470
35058
34257
78716
-11508
17431
-96851
49335
-69587
-34144
69462
-84931
28613
-49415
52727
35175
4106
-11055
15546
-82374
28854
-28683
-86661
39995
52675
-26335
-65577
-71129
1371
7082
-34975
38170
29940
54640
56007
37533
-18121
-62930
-82533
-87136
-10846
25342
-67330
39958
-63519
-98507
-12716
46175
68569
-68570
-57055
-7387
46498
41312
61244
58338
-87336
-60409
9103
-12668
-6369
4759
86743
73815
-53103
-54051
-39458
-63505
-33520
-52760
11169
26788
-97170
-34827
43003
39276
3533
-72782
-57289
-72763
-49990
-6375
30673
-76147
15522
-79315
76589
-90237
-11120
72540
-51714
-41583
-85737
42256
52794
-69245
71883
-87079
-76883
-63481
-93683
-99220
-69528
-90555
-63393
-42974
-87488
9192
66288
35578
29998
90702
30605
54466
18748
-48905
26265
44696
41498
89910
-71136
85023
-19913
-40619
-37875
-52524
5691
-17651
27252
3042
-90391
56178
24420
98785
91794
-4816
-11392
-14228
-12822
-16922
-89573
-36631
74585
-31053
-61094
-10267
58731
89765
22423
-60105
7027
74345
90820
-43095
22976
-75989
22419
-11189
-58582
-50517
44938
-11914
-836
-50143
13765
32706
94466
-44773
-12674
7006
76113
26649
-29276
-64249
44164
73627
-49449
45811
18330
37255
63970
-81689
38380
-16150
-12689
44980
-9818
-65845
-14346
91891
49139
-39411
44614
-98739
-2437
62440
-2130
66969
-33561
-86796
2199
-33883
-32767
94452
-62911
91133
96215
-89320
51012
31922
68933
-53163
-94187
45900
-54015
-51769
6213
54319
50479
-15651
-77756
79992
49384
-56779
71237
-1756
-18436
-55744
-21563
69679
37718
10116
-75942
44768
-45369
-43420
-89773
23642
-34923
6911
4380
27102
16814
65637
51940
-53002
-75716
-64199
-70747
-39809
-84455
-97412
-70788
2796
-52985
-16946
-46916
-40686
35419
-92200
-94259
-410
-18940
-75921
40856
-1177
-62745
-74375
9947
-50774
97671
78393
69074
-57960
80551
-23479
41707
73657
47216
-17134
-23792
62433
9994
84187
-48433
96234
-46298
34024
-86104
6423
52863
-74907
-19295
-3427
24604
21258
45229
-63566
-4588
89025
94889
85345
61712
-6345
-13358
71078
-8381
81795
-79948
-86287
-51505
58173
62166
-55215
-44450
77789
28442
-45260
28397
53576
7872
27959
87493
-98168
-27379
-14159
-69918
5511
-34190
61853
32844
-55630
63011
-14941
72725
441
-94425
10085
-76223
-14854
-26844
86972
25488
77884
-80815
-6433
64218
43600
51741
10070
36766
-77246
-91315
64833
-57234
-39550
10341
43322
3311
85431
30909
-45466
37783
30398
-99399
47929
82611
49652
-35682
12151
42545
26161
36098
35424
86168
3094
74534
58839
2125
-2851
38226
-80880
-465
-64109
60303
-49950
64421
88639
48964
-21868
45381
-19197
-8926
-88538
68042
-71704
90555
-48655
39333
54919
-57449
-96914
15283
28884
90599
-89288
4851
89393
50738
10353
72219
-12439
-50117
-82982
-8467
-67116
67228
50868
-41456
-31774
-91209
-64255
-63695
-29313
23386
75820
3867
20654
-2546
15358
-99743
-14284
-753
37736
-14058
57458
-20077
-39752
66468
-26160
-24787
-25024
61206
14660
3406
-25941
-29253
91087
-92149
77210
-65816
-68173
99142
84323
-65162
-24382
-58630
-26639
40656
31870
-63784
89777
65211
-51251
46596
19879
-25115
-88923
-48503
-68364
-63916
86241
-80750
-78253
-82450
49502
71264
-77003
-30880
75010
83091
98752
85087
65954
57103
-71719
-34307
54536
97424
46414
-61769
-82430
-41538
-94682
10343
-63692
-37026
14338
61553
-47145
44135
-75727
-14037
2442
79383
-97654
-29060
45975
-31017
97210
-266
-60733
38439
19085
-2590
57029
-74335
-28750
-91267
91806
64858
89106
44189
-18467
-26287
-53177
-14045
-40894
-19317
31427
-65483
-54775
-333
63286
66243
-40884
-9723
-86164
20573
-38402
93646
19800
-33977
-30383
1697
52256
75562
90482
-12402
-75097
12775
-60527
36386
76025
-65219
45301
29118
-67250
3154
-34374
12317
-72593
64068
76901
-16807
90605
81074
-80482
-82632
-34448
79827
80345
13932
43114
-92866
-49637
-86242
21032
50291
52445
-35752
-11476
-1023
11590
39602
23168
56367
66562
-2299
42359
64772
33323
-10678
-97952
-12191
-6251
-35742
-37236
22896
-10001
-89139
-70744
-53214
3728
-8437
23459
116
-35970
95951
67789
-5254
-77903
72764
-4940
-39936
60541
-24463
71360
-85503
-74516
62411
-46235
93141
21796
78502
-55266
-61262
84584
-38131
14690
49586
56539
31406
38097
-28136
45818
-91345
-55156
-59699
-51684
-44268
15686
7770
-35643
-59956
-87283
8411
41459
2959
3482
-55033
18906
-47612
27633
-44932
49238
50726
77734
-43619
-63532
65424
-73071
-839
-8308
79984
-74985
30339
92272
-87297
67730
-81440
19516
-3738
-80067
-67889
88751
-26642
96310
-76474
-88037
-45786
-11444
-92613
-62488
-11377
18841
80695
37884
-69018
48329
-60124
53298
-57649
82386
42978
-58973
-92491
56943
40163
-32454
8318
-48480
70298
-91708
-64130
-78278
-864
-14288
-11383
50438
49913
-46871
70181
-79543
40950
-45001
-68234
-33061
-41193
-97050
-99500
14113
-31899
12580
11760
33124
-44594
-29351
-18670
-61297
-19729
-29262
11488
90328
-60333
56364
-33154
-52196
-65940
-37385
56911
-94422
-35132
-18833
86536
-48536
-13154
94280
84608
-94621
7928
37090
-58066
33001
-87783
87892
7821
72858
-3074
-37838
63129
33696
19443
16673
21026
50341
-19153
-17949
72169
74801
72417
-95049
16469
65633
28383
28517
-58191
67584
33458
-62714
-35529
-57508
-53819
-44559
-24866
54602
-11372
-34222
95700
77704
-23574
-69015
-2949
44992
-19912
-29903
-57634
96931
-36963
-99831
14692
-73510
-81443
62143
80868
96671
22842
-68760
98898
-36487
54186
-96817
61202
82149
-87724
30520
-23
83064
33612
-72372
91260
96962
-89699
2808
24138
75920
-75542
-11480
-47914
-12930
73307
-90271
-94825
37721
-61248
-94911
44892
56445
-9942
55053
43270
97402
-51165
78788
69699
-46304
-59105
20
67890
34857
35495
49920
42009
8264
30833
17153
91077
-438
41730
71395
-6852
20216
-34634
51194
-60790
-54719
34909
83766
-79621
43868
-90807
87806
84491
-64920
30391
34532
66570
97266
-81586
2948
-57033
96771
73645
-13340
-93184
31498
-37386
-96621
-88813
77085
-11832
49630
3896
-10506
-31995
12095
-44162
-53069
40536
-31488
32790
-37184
92664
-7751
-73557
-97925
48893
-5071
-57516
-35282
5364
80654
-63880
85431
10138
57723
26804
-27974
75691
4676
-64087
-89373
-82945
-27176
-31165
-20252
70432
-62292
90512
-45886
16975
-25137
22615
-10212
75721
-5357
21169
-3127
-2431
-51184
-2964
-97138
4578
-94980
83674
-86563
14601
73938
-6199
-33712
68174
4125
92431
17331
-36126
-67368
-65946
1722
78412
-78970
66914
-55338
-63922
-52757
48421
15551
71017
2548
94359
3057
-3867
43437
97098
-26576
10766
59409
75364
-7889
78823
88166
16448
-76594
44692
91536
-58067
-47257
18752
30987
55339
86772
-92440
-31090
-10294
-19761
-73393
-43820
-84187
-82420
38495
99465
65633
77652
76297
38532
-63951
68152
57980
-70669
-96882
99660
-94389
-90721
-44318
-79689
-14466
-61770
-23173
4281
89253
-29534
31679
12960
74327
-42909
95205
33573
4770
76753
27299
47304
725
-22202
33677
-20397
63374
-27915
-21594
-74754
-88226
95652
11520
-76338
5976
-74671
-31324
32232
17980
1891
54225
28352
9454
22525
18531
-68251
-75568
30949
21498
82805
-96554
64552
-38535
27132
-19533
98864
94688
-60115
22607
64157
-20633
-20628
-27061
78968
-42234
-91341
37191
57515
34764
-40264
63711
68792
85306
34497
9875
-5016
-80224
-48292
-66181
-45838
-63263
65694
52678
-91738
-90891
-67971
-24068
63982
-13849
52721
-66150
3039
-35171
-89857
55559
-20909
-22581
7405
-80983
-79409
70410
-4953
43565
46689
55798
-42537
24600
-61927
-57396
36225
-84588
-69001
57128
-42243
58194
-70044
-79412
-22090
88939
-94661
90948
1658
16779
-45157
12910
68603
-65475
-87136
67455
61831
55447
-59270
17406
61676
-17703
91852
-4451
45918
-53592
-56588
-31492
34680
-9414
61805
-67898
-45319
-54589
99297
88111
-34472
-84932
-65772
47442
-72239
31755
8926
14335
66722
-72658
-60969
-57675
85379
63027
-80640
-73630
87539
-36039
93148
-95640
-16797
43860
-520
18173
-25099
62492
-50824
7950
-75984
93625
55768
-98560
21419
-53954
-80679
-7169
86461
-11608
4275
67052
31880
35738
73313
-29049
78646
87555
21337
-54270
-77483
-84829
-46143
68914
27829
-78321
-76534
14258
98787
72075
-17240
-42481
22902
11372
-96684
-36035
-86111
-17401
6651
65507
-63999
-57564
9484
-47285
-27946
-79852
3313
91784
-56101
46997
77328
24438
-581
-12911
-62055
24695
-15246
-74947
-30503
42868
88052
-51982
46738
-21607
82843
13312
-59474
69316
-1217
-38190
95787
10408
-67978
60320
48964
-31511
54788
-86333
-71630
-19409
25681
-22950
90491
-42193
-54539
-93614
-39671
-17435
7728
-27038
3819
-22785
51961
-12036
-80977
62772
98697
-90987
46743
17509
78820
10032
-30756
79711
-72362
-73406
-11328
2202
99763
-77664
27276
-63932
-32493
50215
-55829
-46853
4834
-87384
70039
-95414
2017
82019
-93391
-14345
-14189
53463
-4405
16226
66731
-38178
-4324
68151
-40663
35863
-24148
59103
49793
37350
91774
-53625
-63170
-41999
-88830
27719
-9080
-23873
-57520
-18965
-27980
-34072
15693
-9237
-61920
20054
-66379
81816
23079
-58405
-46944
66726
-33016
-45293
-31077
-144
-79564
85789
47902
-41074
53743
-74673
-30222
90176
62807
61035
34210
72055
-94386
-43253
83850
-89145
2032
-1167
-96108
72500
78399
-2417
-58835
38311
21177
38082
-2752
-27073
-46846
90873
37166
31114
-87866
-25955
-88508
-97614
-2449
72940
9042
76311
43892
-95724
-94045
17637
-31276
-70616
-90435
63206
9222
8783
17863
-10121
66125
30684
57
-22880
-74398
81427
97701
-17266
59366
26425
-15280
-22915
61126
73625
-66113
32437
-63678
11074
-23635
-881
16393
38099
-22927
21529
39966
-11784
48563
-32462
32101
-10080
-57430
28241
-76221
-78811
83854
-50389
37651
-42752
-14099
67880
59668
30155
67470
-27069
69812
-7586
37514
-36880
-76443
5306
81950
-57260
54578
-8061
-94197
-26489
-54974
-19081
3686
-35719
27604
61688
42350
-28413
30148
-37380
-43015
-92191
18218
-7862
86220
-21523
37445
4025
60124
34190
31276
56639
20367
63147
37058
-23216
-98625
-17428
20714
-73965
-64796
-61572
-56392
59872
-53630
-59971
-70351
2111
-55566
-41308
-43783
28364
-82145
79396
97310
-46420
68252
48346
5155
-53360
95217
24818
-76606
-29287
26292
-29943
-52241
-20979
-74156
-72512
1753
89896
96205
10043
69045
-73060
63493
66121
-31156
-93414
48143
49014
6806
-35950
4884
62038
16015
-64437
48212
9639
-9539
-24311
-77272
56859
68678
59502
32203
-39964
-67998
14311
59286
-52056
21388
-78795
86213
8578
96617
59990
-86954
-92462
67792
44455
80283
-53111
51403
-31692
-26810
77789
-93945
-32213
95387
40
1626
-45324
60080
73798
-20397
-73184
26155
-80940
-68831
63884
63878
-19782
97555
-43824
-9120
-99867
-91312
-88431
9985
-33690
95694
35854
75957
-41751
-50998
-69142
-79377
-51798
-65152
12801
21022
95331
12714
96386
2147
-91576
97823
-27123
-49672
-29632
13592
-4441
-4606
13148
-11450
-42433
-94076
-57953
81934
39582
-18654
77270
-47364
27878
81930
15068
60723
82391
-74038
-29009
-92945
-16574
-61261
-42142
31223
-79473
7069
30370
31816
-18359
15164
23804
-91257
78323
-27010
73618
26920
67453
55477
-37950
43260
-55340
5102
-26109
60192
43014
31770
-2126
-90023
38063
-24579
49756
56527
-2288
9515
21666
-74703
-14606
95862
8028
38987
47232
-18270
-50002
20488
-64974
19248
10939
69343
3501
-38732
-5365
-25985
98027
99661
-68094
-66032
34099
-81915
11087
-49852
-67576
-74942
83462
-39294
-4163
70632
-80813
-83896
81708
-47480
-41074
-2589
-44480
-4213
48866
-90485
57863
-3660
-44301
-921
-90728
-26960
-55531
64112
-13235
-64184
-58967
2040
-86671
2039
95454
-45304
-68363
-28412
10875
73030
13666
-84695
-96447
-93252
-43924
85718
87228
-5949
2904
-32145
-74670
58940
27281
29090
42138
92133
59888
45894
27540
-4598
-80056
34452
85445
31370
1713
-98193
-46619
43911
75082
-62169
-35036
-25517
-28272
23600
97309
-7362
69805
-13598
43925
64512
-32543
69354
64018
-27244
46275
-50674
73325
55682
-36255
-92628
-78877
-2407
-27650
41650
50047
-86405
68868
-30603
-77188
4160
38454
38526
25592
32362
-57280
-7103
-92380
-84959
84082
69105
-93457
29868
40683
-69462
-94861
-40466
-57396
91246
5225
22531
-90995
33493
67347
-24303
44360
77830
23607
-97527
-76227
44581
10757
-21283
76543
58728
-43447
86717
-79618
17656
66271
-84353
95793
23325
58992
-67689
-10341
-69462
-39463
73806
73375
733
94490
-8174
95873
-48532
-71883
-98985
-34548
-15002
16086
-73874
-74371
1495
55540
9397
-10288
80146
65296
-44435
-94971
-84827
-68784
2109
55620
-44661
3558
-52597
97435
64591
45508
-3586
-1385
21041
40402
-75090
-90478
-66475
-7205
14833
-69779
35247
-64390
-43668
-76266
-23901
66607
92484
-76667
63864
55911
34338
15129
66960
32262
22297
92055
-69445
84172
33760
-49736
7092
36196
-20101
28888
-39844
-85805
83000
10969
-9519
-25477
53534
16010
-42009
-87133
99866
-85827
93483
64947
-29142
46772
44271
-42146
-84886
-96605
-48986
35623
-69690
62775
-64516
-2230
63181
45005
-73988
5673
17003
-85351
-36125
95681
90009
-55924
-69038
58460
66746
23632
33229
82806
64666
-52217
1536
87728
58341
14933
81641
57813
6565
39058
-96329
-9232
-28653
-17874
6804
77961
-46118
-75169
-21888
40458
62471
5119
69847
86153
-60549
-70428
76923
-57558
16808
82648
-82050
-60520
-24598
-39692
24472
42040
-5490
37864
-33516
76526
-83451
65450
48199
67305
66800
-49280
21223
-47617
-27987
23361
-88655
12783
70624
20129
-48404
80725
-56877
84477
-30823
33232
-81203
51556
-48785
99683
-86797
-94640
-84773
79169
-7773
-97475
1310
68448
-18116
11511
80129
69280
-97610
25032
28716
-76332
-460
-29805
-28426
44854
94484
50882
-26816
-93199
21601
-37189
48116
7390
57490
20374
-94001
11878
-86968
43054
44595
-15410
3628
3248
54945
-2963
-5727
69681
-87132
-89230
46341
-81732
-89211
92313
-83963
83875
-36062
-27947
32310
-9890
34336
-96980
-96225
-80464
29543
-59044
-30980
48317
-54532
-28900
83949
-8837
-62069
-61566
-38281
84959
30498
71659
-33492
-81845
30767
77788
-53704
56086
52633
-79147
94645
-79807
-55854
5059
9662
11949
77221
93199
-72793
37938
24510
-56217
97600
-9923
-75710
-34579
20425
74280
-51602
45494
14436
-67542
35438
-98214
-65854
79376
-52127
54002
-94317
-23994
-45595
20307
82998
-26422
-22030
98626
61911
-51854
-71064
53442
41859
99587
15289
53236
-441
62309
-8868
93136
45507
-1124
-13612
-24719
-45589
95473
52796
19095
25464
-16490
-21804
22976
876
-49894
8587
19398
37338
66624
12578
-95184
95138
17719
88985
-40101
90065
-21310
-92596
33163
-20681
-50240
86871
9998
-59220
73552
38219
76486
11578
54470
8205
40748
-7773
-53531
-84949
11787
-6057
-79654
-22203
30468
75572
42323
-95655
38421
68436
-54048
-92879
25018
-67863
71935
84172
-73807
-35674
-53995
-53022
81602
95019
67535
86255
-92964
-13044
65844
-62465
28740
94915
54739
92644
-94079
26924
67920
19886
7444
56619
-58821
-73954
-85869
-27214
-53135
7496
-9273
-26511
77960
54047
-47125
-68919
-83314
10970
-52281
-11701
-22323
42102
-9282
-11033
3205
-55960
43961
-91788
-54099
83932
37198
84698
50799
44541
-74225
60893
86751
80373
86143
44302
-12134
18109
19281
-3891
65703
-5637
-86551
7140
16603
-45053
-11981
53281
73295
97053
26895
-8290
30499
12002
65003
-95695
57927
68168
-856
-75017
-77682
-95784
36222
-91077
-37640
23383
-68208
15813
-48244
-11675
-94194
-26282
-99721
7829
-37332
-5096
-39663
92156
-65924
82630
-36652
20143
5549
28099
-73397
-67620
-39926
25938
-88164
-10468
-55491
-40330
-3989
23000
-33638
-46870
-56604
37739
40811
-53717
90552
-98398
8609
2871
-18372
27283
29298
33150
33935
-47614
-97653
64260
84267
12060
-26531
-25898
19291
28776
-45930
-88047
-16901
41172
35124
-56726
-66257
62558
17012
6003
-53306
48929
-47131
-22472
-94192
99490
64231
-78557
-32230
-59338
-6010
85863
49458
-52660
-98892
-1627
82716
78484
41063
87748
-50636
75323
-94191
21426
-93288
-37359
11932
-6595
-2387
32934
-23195
-92372
-47424
-51970
95512
-90090
5423
-3557
-49332
48442
-32064
-53622
85541
52789
-83972
97035
-86208
37391
-5726
-52015
19165
-44398
-31679
10700
25051
-48928
67284
48903
28012
-4396
59334
45711
-14540
-82156
-5843
16472
-9545
80921
62110
-89220
-46724
2602
-1964
95411
-56245
73379
4563
11385
-49260
11287
-9483
98613
12575
53074
58091
35089
25856
-10949
30278
77443
12534
-49361
-17924
-78869
52517
4464
-25543
-36384
22581
42533
-28304
-13287
22989
-31551
8806
-32805
-86227
-12543
46579
-63118
91386
21760
-71698
78740
78165
99428
-48039
-7800
26048
41195
-17107
66744
-67960
-9742
-21142
3950
-86682
30752
96956
97254
77329
-63423
52856
78010
85608
79204
79498
-99985
-46183
88455
-46438
60177
-28948
66446
85561
-94550
-14173
-41690
41935
15020
-45201
-37492
34933
-4315
-72337
-64137
-2289
97262
74191
-13990
-21731
14123
32284
-45151
-45936
77926
-56593
96919
27803
52043
-66964
-15065
-27010
-48774
-6409
-7430
98342
44592
-86555
64568
-2995
-99047
-66825
51236
5114
-14796
-60949
5325
31100
-5610
-10171
38261
-13858
70706
-1443
94507
6224
62789
-31725
-15047
-35064
-88544
-35037
-32948
96532
-53108
43749
41346
-63443
75744
15915
-70881
3573
56153
66604
75674
67598
82498
23367
70361
82198
-73408
76993
-78627
-61943
-16007
58089
44005
-87245
-1578
-59933
-53340
-67697
41350
99516
-51549
-59437
36596
-6932
49115
-9732
-90818
-58217
-51228
-5989
-56919
-72315
-38921
67633
8098
-36720
9104
41717
76913
21640
-19822
56670
87176
94103
24224
27154
59423
-30581
-87538
19652
-79589
84452
26713
-95856
52982
-88465
-38396
29331
-4119
71278
86727
89782
50352
78623
34385
-77949
3565
70770
97249
32648
-38604
43552
61585
-77112
48754
-28128
15322
-9776
85993
23266
-84397
-39532
26491
83151
-53379
-38891
-83350
-89620
93722
-44013
53061
-20046
-74028
30487
-33836
-78260
16305
77676
-81121
-55383
22994
12703
77726
41849
-85382
-71032
96561
-47203
-79208
-51138
76582
-13247
-85895
56459
-8283
-32115
68016
60152
-48417
-80891
75671
41933
86242
99168
-80640
-14686
-89109
20275
-29527
-67136
-1445
-21192
58265
-74975
91610
42074
21926
-85169
23108
-58716
-18151
-82080
-31452
-30391
61854
-52988
47482
47740
21613
-56797
-22928
-50653
-69039
-13176
-12377
81356
-65613
-68508
-3699
68388
-38158
-15764
63969
-67954
-93046
29917
-27091
-43467
61575
-53601
86357
-42296
-20122
-81940
40562
-20575
-22957
45163
-87354
7242
-15947
27108
-67643
95806
-51671
-24948
65752
12706
93018
78172
-57147
6659
-99090
-48695
90804
-45062
-29576
-9813
-11674
32306
-45639
18153
22907
91877
-14238
66938
5232
18168
-49666
-70063
-43426
78536
11918
-9091
-45570
-81446
43243
47994
-79422
-63033
42871
-53823
25677
-44172
35271
20059
-46259
-41507
10167
-31717
81488
-85396
-56848
75407
-60604
29793
67753
81428
-7807
62962
12917
-59732
-31979
15773
94090
49528
53936
-9584
51642
-37631
81071
-54503
-64465
25166
-2880
-89381
-36946
-25602
-11351
-60304
-35841
-57107
65247
26058
91378
18434
-89815
-55631
84901
14854
-24379
-76814
-88265
-89994
3695
74734
-88145
38117
47422
28989
-94367
63783
60581
-31932
80065
-33136
468
51651
-32238
-12604
85789
50498
81421
-16066
-57713
51405
-21844
-51018
-58356
-71404
39434
65640
-77510
-22371
77956
-84506
-81184
-16672
23745
33683
-5116
77687
-63560
-65616
25998
-47980
87930
-41439
71404
60049
-43756
45328
-81470
44184
41845
15694
-1688
64989
7494
59688
60958
-42782
-5142
-10907
47363
-75417
-71923
-11679
64229
82586
-8796
-60034
75631
32301
81389
-51763
-89370
81714
26297
53392
51851
993
49538
45523
45546
8133
-89796
-19606
-80761
48763
22114
23499
-86985
66725
77641
2886
8002
1157
48923
26169
98002
94536
12600
-14908
-21241
-2718
18211
-33187
-63972
88788
68453
95404
98889
83319
-4031
91602
46766
27718
35428
-98874
-81577
-74021
-49841
-39163
4423
7220
2166
-26708
-51997
-37620
-17603
-95984
-1801
21051
-67357
-47360
3437
-69288
-15114
-10226
-11804
-66824
87975
73022
-70930
-67537
8026
24315
59467
-84084
9397
-77693
-79486
-84236
93713
48547
-56971
-12981
-94147
-36742
-90839
95981
21800
-53053
81060
84578
-11040
93775
93622
82720
22876
28663
-98500
-66375
-98357
998
-40554
8971
-75686
38141
14008
83451
93720
-97223
-72281
21088
40069
75798
77223
-62181
-16062
5224
-83390
16061
27091
-10370
29762
-62088
71161
55579
-86767
-63394
-24677
-67808
-82999
27880
-13848
80643
-27617
65179
51370
-61819
1317
52801
23647
51293
82116
-59724
-42363
39659
14988
75885
-66929
25537
37321
-17200
-60018
35498
-37744
-5376
23283
-84153
-22391
52800
-40612
20810
31427
-7416
52642
64487
1790
52390
-65066
32924
-19260
-99885
21764
-81349
93582
83806
22025
-151
53778
-54748
-45786
83282
97561
19132
78549
79461
95795
-74656
38576
-77384
56197
12577
-3976
38373
61397
53849
-69103
60845
797
-81488
39423
-57976
79224
-12240
6767
-33748
-23184
38048
-1681
12577
-69829
-22976
-81281
-48604
31182
-66296
-2100
70434
14310
-15895
-94885
35958
92940
20215
-1976
-61806
-97412
-82533
-73392
5037
-17473
-53089
-46965
79036
-96237
21390
94884
-69824
85029
-91385
-86076
42428
52939
-46584
-20192
-75618
82812
94408
40684
27321
57030
-66825
12259
2426
55925
-75248
-45600
-56118
-52162
45996
37753
11396
72391
66083
-75357
-85916
92190
28262
99281
56455
32318
-14037
-52887
-86302
50608
-18381
95261
-76244
-7056
50850
40479
-14058
36233
26809
-54902
-45916
33750
-27754
95209
93090
15924
-63614
27543
-29914
-15210
83657
-49637
-37176
-65439
87187
-7256
-94837
-45048
73195
73760
-40560
19142
-86919
-82735
821
98148
4396
-96681
38079
-30532
-26010
-17392
-66500
-95982
40032
81002
-8177
-83698
80543
-17627
75126
-10406
-78022
-13092
-38007
-55488
-68883
7265
59219
-52322
-68769
-35910
-55417
28542
76948
31650
-40488
86434
71922
-55281
-33153
-71907
58003
74320
62907
37883
-52991
-30869
-11458
-12272
90299
37792
-71160
-93937
-25252
-12012
-10705
2277
29971
63881
5983
-60041
49459
53984
-92655
68642
-10833
25943
14070
96166
50320
96013
36122
94034
29050
-92168
83434
90329
96032
51435
39535
-5119
-52492
25467
60881
-94456
98959
60532
-27948
4187
69841
68153
-6493
-7743
-31921
-45682
-44519
85655
5904
39177
-15860
32006
-55408
94862
-33014
-74814
-78610
21500
10083
-40096
25906
-30873
-99898
22028
-72129
-45632
96183
45353
64898
62608
-22389
-12454
-53255
-17992
-85644
-80062
-33094
1914
26743
38789
-44386
-52604
-59692
-44937
72589
16049
17693
45970
58301
3676
16696
65314
98758
18189
41398
89047
67791
95559
61012
-53755
5411
20252
-56572
43725
91964
24040
-92893
60490
65622
51425
-41837
-51908
41780
-93731
54973
-64578
48491
-31945
28174
-47581
14190
5138
-59492
94022
12934
-73160
-72730
74011
-3550
-84573
-13214
-46918
34785
74361
-1244
-78398
81146
8734
60706
38778
30878
-2306
11067
-51153
58729
-34437
90591
63883
86353
-36661
23135
-64988
94048
-51981
-9176
-87167
60629
-21398
-84900
-24252
1586
-87370
-96897
-46266
14751
-36611
-51332
-402
37462
-40211
-69347
-73096
64746
-4646
91870
-74388
46373
37570
-96178
-13869
89968
-24789
34723
-98696
18954
38699
-98766
60794
16781
94356
96691
-67094
65057
-18504
-63691
84577
-25915
-34007
-50274
25459
-56309
-98022
-18256
-98787
-37480
27630
-85521
83160
-19387
-78511
19235
44602
-73842
24733
-86722
-11542
-8771
20466
-65857
-78935
-18905
45148
-17538
99620
555
-73094
60287
2929
91230
21733
-30996
13718
93999
17330
-39349
-87458
-7833
75933
56585
-19391
-29252
84123
97629
55919
190
51396
81488
-96948
-22085
59230
26908
-85628
15806
-79112
61452
66282
-64028
-61985
-64838
-20869
-87634
28770
-29152
-12541
-18597
-89732
-12862
-13740
-2543
-52894
14968
-63287
61813
-81715
84288
71513
18782
23807
-6815
-59647
-28087
-78838
80104
91651
61606
9232
98165
-74062
95651
-42363
-31990
-94086
77547
-22095
55956
-34446
-12220
45420
-95442
31369
89029
88167
70658
-22944
-79042
78766
-69599
-64896
78988
-11144
-81221
85693
-37076
69595
86777
-48499
50723
-47833
1042
-40439
-85575
87590
-85108
-41858
32248
63255
25255
-13342
75616
2218
38552
29971
-73333
81273
-75937
98548
-7411
16819
18480
-85414
-18562
53215
74379
-63401
76192
382
-78584
-33355
94677
-20331
33053
-45021
68486
24101
-14415
-3896
-63039
-32046
17383
-48492
-10390
93243
-21635
36278
-5596
36385
-50144
-48355
8810
29478
58873
-80501
14262
-29329
-36187
-78969
96598
99645
-88643
-85420
-512
63606
95052
47585
15732
73888
7024
-70242
26278
-43424
-11745
-32105
4069
94270
74306
56563
-34380
68204
-52137
-38434
15003
-38499
14521
-68832
42026
-18851
-8049
79631
79646
48717
43850
77724
-50584
-20915
-86242
14911
-54937
90579
57998
71247
39547
49727
-63989
-77308
19806
-34778
-57918
-80310
-28469
26255
44855
65085
5320
-98331
-24428
72972
6168
7020
79140
60907
63776
-21134
-96520
39286
-94033
-18241
-82617
80491
-28783
30514
40027
39321
-8242
-13469
-99307
-5037
-94037
86331
-16763
-49201
-61871
65321
-43023
37464
-35141
189
16883
570
92281
-2540
47731
-11979
-69675
74624
82000
-73934
78479
-40057
2575
-98915
-55078
-25522
-99437
-29239
83865
86515
-8599
-46227
-74266
-76462
-27048
-38079
36592
58741
-73065
-67511
11908
-90633
1455
16331
73900
36181
70093
-77885
-80147
27630
57120
61976
8752
-87804
-85158
-94698
-40493
-25027
-30068
4820
5925
-26100
12213
-59376
-29538
23962
-28964
-59522
56159
-28949
72768
-17034
-49645
3063
-18467
4974
554
-99785
55225
-36443
-62319
-72906
-39983
-41295
12611
44900
-31547
-7835
-58893
-84275
34648
43863
24620
23203
60101
-45396
-50023
54801
55524
24363
-39455
91889
-22909
46353
-45935
92673
-87530
76840
49402
-40069
47978
-49280
-42707
-25660
-91385
-63887
33582
-60923
42194
58693
-17063
-35073
-55910
-38613
21549
-40515
-42920
41576
-83886
666
71304
-30393
-27145
40361
-64064
-78713
72356
-8622
-22891
-81651
-8129
-68363
89104
-32534
13454
-98052
61298
-35809
-27288
44538
-76990
57527
97785
-55977
-40252
76238
23994
96287
-75297
-95630
77583
31008
-55028
-9533
12089
76813
43600
-50047
-94415
-93130
29102
79993
64135
16445
-99552
-50468
-9030
-52193
-64592
-37874
98838
55378
-4717
-90231
18432
-12767
-76102
19585
-78745
-26682
56415
-55007
-24423
-71716
35167
36217
-29894
-71703
47645
-33679
-93482
34544
-18342
-22389
15882
50559
13405
-88274
97663
11440
76483
87166
-80719
90351
-8928
-14981
24229
96437
-70337
78888
58632
-91250
-73998
36687
9810
-45481
-71602
68438
-58238
40424
70295
72295
63217
82104
19015
29347
-59635
-69124
73309
-28512
-94319
25941
-48073
-30138
20042
-22097
-96177
-98864
-61462
-24481
-55955
23968
20925
-59950
-25614
6664
-13436
11761
47095
-98972
54340
78633
-68661
-7373
68603
46086
-87602
-26981
5888
-8832
-29003
74173
40413
-60950
-42166
-96328
-22439
83250
-36405
-23962
-55857
50423
-46850
-77322
-68691
33289
-93326
-49327
-18857
4606
-35310
-86518
70156
-18792
-6376
-20600
8219
-7929
12973
53840
-13482
-67837
769
38476
-81563
66810
48012
-29399
-42826
-91652
-71944
47891
-28510
21680
-42942
-71442
-77454
-16413
-73486
-80178
-9856
33721
22832
-90252
64610
-57300
-96087
86007
35162
80151
-43854
-64303
-25591
-93446
-91261
-37815
-73410
78294
33888
-63446
1681
5075
55801
-94428
-44375
-76327
71112
-46093
64969
94348
76988
-1745
37088
43449
-98596
56587
-60869
93290
88069
85538
-17913
94175
-29203
77552
84282
-71968
63759
4969
47266
-45813
-2760
76856
8549
24486
47389
24457
42011
-4573
-36310
-30682
83477
86288
13320
-97568
51362
6147
79695
77485
-6424
-50233
-15314
-46051
41316
31148
-26552
-1746
-92512
-83124
-29778
98487
52376
-67228
-98530
-78251
22972
7435
79173
-13049
-79717
65589
-37080
27997
49516
93831
-83372
73422
18453
-58130
-93005
-47006
19733
83174
65340
-24160
80964
72665
-27294
67008
-72013
-1759
74510
68756
-89923
-1092
-69317
-84597
44754
26560
47662
-37700
-8643
-98288
60548
77515
44437
28358
-36809
81569
-62816
27730
96419
-76000
96119
-81779
-9379
-36204
97403
49481
6519
-297
-96258
78172
-49290
-53747
-10332
62267
-53651
-85446
87409
98822
-76466
-2480
-53628
79043
-68421
42310
65932
27368
73849
99065
17355
66936
-18322
-11151
-46867
-89062
76337
88808
60442
84111
55405
43390
-20080
61152
25864
-11615
35310
-99036
-93
-96914
-3684
-23620
61261
39712
-91745
53325
-10944
-73043
-73737
22492
-71793
-41742
84290
66992
2601
-43288
1517
-29979
-10297
68117
30785
-35171
56719
82016
-28890
-67698
69327
-89538
-8457
-46669
16826
51439
-74653
49682
38092
56
-70665
1357
18661
-55130
-69132
-88192
46376
-11557
-10166
-18774
-58535
-19443
-92679
-7067
90533
-48732
-44750
31693
-95622
-70743
5580
51971
10899
-96104
3149
30953
91381
95266
-91824
-93256
-11050
94719
-97545
-90259
-41430
-48330
14589
89058
32390
-27745
11105
91917
-98086
-92290
85039
78578
56177
25104
18885
-94776
8001
-40398
-72397
-89519
-67132
11410
-90288
-40436
95550
26459
7394
-92535
-30346
67333
26819
60136
3114
56251
-27281
23444
-79937
-56536
-71598
68867
58599
63357
-86377
-14597
-77397
6216
-29936
40688
-29884
90932
46298
-46283
27968
-87660
45955
56486
-65869
45276
63193
-91260
-84421
-96713
-91024
-48458
16726
-11874
53082
-88816
-30950
-47644
79123
-85061
28632
-88340
75831
-78926
-16057
-25811
46649
93315
-27246
67740
70399
89212
-73200
62513
40845
-95122
-1507
11349
36538
49242
-63294
92487
-66299
-52751
-36151
-92229
-99319
-13104
34133
87824
-28090
-87078
-55561
61497
99936
3398
65867
8311
78430
93648
11251
16832
79421
-33663
12630
-46734
-70991
-72589
24871
-41535
-66841
-51877
-24866
31618
91108
-19264
-9545
-87429
-12946
83131
31742
-52224
81952
13838
-13498
-57069
-24724
89275
6172
55775
16698
97756
-36634
-49076
-35359
74646
-79918
45806
81632
-30708
-98554
-58634
-80814
76529
28940
25076
-29803
65127
-22534
310
3311
-6293
-89735
60198
21209
26202
-13526
81564
-55796
98833
93261
87504
-44045
2107
-80759
74818
88371
-83684
-8952
51721
-40460
988
-37020
18718
-60328
-82975
89095
85023
-73082
58427
-52105
-39356
-3683
-44542
63965
-2416
-92363
73615
-85768
-34981
47789
-74155
-60248
-2464
-39112
67808
-39882
-37663
-13900
18057
53393
-22314
59112
54658
38077
8878
-75465
-2666
27188
-73803
98305
39695
46918
-91788
7164
52835
-66913
-6123
-66824
-98438
40520
-32233
22936
69708
-66651
90698
70078
-38496
11034
-65905
-87032
-47353
52731
-31024
-96264
53537
-54092
-74066
-37563
-93745
-94272
-80187
-92508
-60888
-37977
-79495
-82920
8268
-26223
36751
-36977
-67392
97682
63589
-86019
-32591
-42854
-75064
41721
42199
20074
10309
11434
-31523
37318
89024
-18284
48368
18340
-21094
-61909
47945
20498
11835
-26672
12081
77763
-32987
84723
17494
42604
57006
-24201
72906
60138
-26619
92869
32649
90532
-75000
21093
-42778
-72579
-18247
-81055
-27462
-88486
-33172
-62911
-23715
19152
56329
-91998
-32601
-36383
99715
-59339
67043
55551
15153
14052
2580
-87870
89671
-56948
49413
-67549
-30702
48449
15886
-66665
27625
-20515
47884
16588
-77040
2345
70399
-64522
-26334
-76184
33002
-6228
-90133
-57875
-21552
-71449
25968
-35115
-8840
26637
-46241
91819
96510
-13248
63424
-57966
-69142
-26325
-15044
-23936
83828
-1890
-85135
-20730
-10945
-54968
99982
92512
-95682
-83160
34248
-28101
-26148
70711
14291
-25146
-16074
-25670
62806
-66707
40707
-46447
28514
72092
-59619
28639
-91109
-29557
94032
88746
-60039
59813
-58554
-5358
-6188
-57258
65518
-43505
99810
-80104
73784
-33689
-96504
22915
-86617
-71048
-76014
-96946
-75043
-55373
-84987
26771
-31102
-9060
79026
11087
-1254
61236
-5235
-85762
84701
21329
54724
4776
25369
77690
79628
34366
-34793
65995
-54397
22615
67762
16987
1576
-430
4734
19251
-48378
95722
-67317
18487
-39956
52453
-76610
63081
-93280
-25927
-21724
32531
-88643
4857
-85001
40916
9160
-55256
-99163
-23556
78958
-49580
-9085
-97836
59695
58062
20681
-40921
-69733
25882
-34987
-63131
99444
-8852
-3406
70790
-6585
-27513
58332
-92280
-99362
-31939
-55698
-63569
71524
24081
-6410
-55169
-79905
-37359
44064
79996
99161
97072
-16611
-6558
71141
38938
-58755
-52463
-13209
77452
-88599
81167
91445
20801
85195
-1042
-71414
-5917
40359
98060
67551
-54444
28638
42569
-38282
4533
67825
-98631
-92453
13173
-46594
9277
-45826
-13049
99329
-88914
-29082
36630
-31664
-89147
76911
71262
-86359
-7079
-75136
96214
33972
56281
34736
52185
-76032
-75134
-74981
73755
-45896
80086
-43875
52158
-95569
-68021
78175
54772
6049
95739
-74600
21496
-88704
-3600
7628
77569
-26047
36556
-8375
-18020
-68955
-80195
29732
27100
-22388
49544
-53374
58108
48002
85766
-15901
-92473
-85383
-72320
85505
26452
44417
-6279
56486
65912
253
56925
-1833
-75669
-89464
-79088
8601
42020
-4288
3211
-28607
-25216
-7105
-74041
-84645
-47133
42
-76300
15901
83047
-35086
74439
52859
-51049
-29891
-97491
46398
-76954
47847
-38064
59216
70043
15406
19350
-36790
-86530
93463
-97720
74940
-29819
18206
76911
58555
57371
-77531
-50431
83390
30624
-37202
-50116
-29413
-27610
-76088
55035
-48896
713
34853
68305
-78824
99203
92821
99561
-64525
17550
-51243
-62875
-90984
63077
70728
51270
-16065
38423
-61330
61099
-18725
-39974
50339
-12990
-14735
32793
30267
-44547
31096
31356
21168
-97607
-23601
-25326
-43168
23941
13923
83031
-94133
30996
27729
90676
-6854
94428
-32832
-3370
15020
36577
-85284
-94581
578
2186
56658
-9727
-20262
86418
-69898
1407
-6585
92036
87817
-9472
70693
-40236
-18349
-97556
31433
-82734
-32048
79400
66596
-63984
-42507
51466
24947
62130
86543
-15683
12796
-57013
57444
-18300
-42149
-22931
59297
92160
-64579
-66214
94831
-12734
-85529
-53370
-6924
78871
5948
-39585
-33312
38289
-61507
81909
-53738
-10515
24057
6321
-8097
-35711
-81128
34183
36552
-71444
51265
-6758
19549
45361
-56546
-56248
29034
80618
-60152
-85686
41118
61290
-49159
39255
-48146
-10682
-28678
13540
22573
93985
-27768
-55319
-63134
-85290
-26133
14298
-36975
98941
15295
54267
-87263
7444
-84176
-85003
-44430
96784
-31549
24214
25170
-86249
-89245
68320
-15567
-29932
-64721
-49872
96840
-99789
67260
-88373
75592
77553
97589
65032
-27935
24452
-98585
97110
-98031
75936
52964
9466
-10509
-82934
23985
-51147
73240
2049
77034
-75121
-42882
-76235
92789
15633
83396
9033
-24751
-4875
95633
-80806
-64201
34934
-98833
42182
81410
52590
88265
59657
98869
-30399
-52922
95838
-56107
-81746
-82287
-70869
10784
84149
-26487
-82009
81721
-34087
-94324
-50439
-95369
51085
59695
11747
70520
-33329
-50192
-13155
-26875
27846
15370
-87637
95664
-24792
81323
-18967
40046
93367
3569
-3559
83804
-52105
-60240
16103
-23145
-22460
-78130
98579
-39917
-88409
46160
74054
-25214
99210
48946
39005
78337
22212
29671
-60857
44612
88248
23986
40639
61315
32272
49411
-83714
-31683
1283
-34970
30814
-16460
17296
30048
-33780
-17806
-82485
47715
-19268
23113
-37836
-70941
-49545
20624
-43651
-94492
38811
-49831
-41517
-74573
8290
31143
34789
51735
23097
82696
79069
11564
9332
-66198
31122
-78832
-79772
-74759
-91440
19138
-89958
79096
-29483
-91155
-90052
99035
-18160
56452
78327
94295
58489
-70988
18857
-38828
-88422
96633
-71422
-14034
-8384
17084
-39696
67552
92188
-33935
66557
-9202
-33703
92535
18752
31609
-315
-54347
-8345
39567
-19169
-14649
-43978
19113
-49412
66643
36123
99321
55291
-11325
55217
-79356
12346
-26226
-29814
98549
-84439
44155
-96614
-26805
-32068
-53696
-90273
-46049
-39103
-58275
56636
8105
50869
-59318
25388
72890
42123
-10186
3962
83911
44183
32559
-37380
16401
35278
19328
99007
34124
7749
-12412
43811
49572
67160
-64974
-30716
58660
19662
-8075
72455
76789
-70823
79073
87491
-92943
-87774
74959
31552
96776
44796
50368
63686
-7861
3142
50692
-38494
-53339
-10068
99842
-8963
21434
-80561
-65006
-78779
-17613
-46348
-21429
36412
10339
-60638
-29643
75808
-73703
54674
-75979
82634
14950
-30730
-65011
-8109
79370
66466
-95472
-93075
-98891
-27290
-61832
-28453
-78492
38306
-50641
-10948
51410
-88865
58886
-23416
-79948
-13308
-28150
51460
25466
30012
45512
-77686
80831
35358
-59814
67615
59567
88368
-90742
73889
-55397
-83199
-77329
-87385
-83914
75273
-8790
-9106
-64747
-22222
32806
91459
-77117
-20779
24610
17524
71229
-64621
98273
91938
-60970
-1313
40640
-24009
-15958
9443
-12186
-14096
-34804
59853
-23479
-34898
20073
59752
29273
-56565
33723
28775
-8168
-40589
32374
97979
72600
286
17532
35997
-38509
58364
-34401
-92877
76242
22891
46096
22403
1404
41751
64276
-94716
49329
57604
-95565
-58945
-44569
84806
-72193
-94246
50951
-84433
-83950
69768
21136
47722
-684
-87471
-17911
79359
-63501
-11758
53497
-56876
-72370
-98954
55233
-12332
40227
31891
-60847
10611
-61371
59866
6198
94658
87541
9390
64088
-30647
31074
89653
69172
-21350
-44898
71610
3235
35029
-65558
46316
-10617
94901
-42308
90056
37901
19576
-59107
933
-13910
95225
8475
-63059
25573
51327
38451
90473
-73514
-65783
80061
99203
-55481
24252
-40422
-67616
-6546
-45376
38842
20846
-4142
77413
-44922
-64106
36554
4553
-84352
-3940
1174
-68695
50350
-58678
-53893
-6173
98255
-70966
70880
-11683
75020
12608
84335
44754
-67957
-5158
-16628
32806
-2520
-41586
-95045
-59344
7455
-37642
-57018
13141
-55633
-53906
5661
-6579
54905
-66342
93257
-76687
86799
-69697
96599
-62444
-78501
46617
-37377
93892
3454
98571
52504
-61690
60870
1795
24569
-41965
46097
44842
14470
-73302
85460
67339
52962
-93120
74498
-56754
38296
12910
76623
-96553
-10220
33000
-34759
74691
-94350
28022
-26772
-4068
10751
17255
-1806
-41359
30021
30411
-71409
-84862
87842
51567
95525
42079
-475
85439
-4927
-76271
-60438
2365
-34521
98183
14323
-21561
-66257
23447
54245
-32262
-55816
-3074
12240
23557
-13647
66386
-73786
-40205
-3838
72062
8461
82002
-591
80495
87386
-1509
-29324
-60863
56324
-81358
72811
-89090
28543
-81847
-76180
-11216
-1949
-89928
19589
81229
15037
75721
-36875
-65868
-80321
95425
-49911
2558
-27609
-37220
5061
-99703
-22075
-49242
77183
5667
47336
25724
98879
50182
-93085
35096
-33114
43880
-27420
27940
83523
-67511
47296
-2225
-68355
-41243
55490
88620
56641
88728
-45293
-20789
91334
-16013
96176
65167
78203
-23650
-18475
48228
-44948
-58282
11264
-6422
19944
71498
67496
-29346
-23427
30457
77615
-52693
-99917
54806
41128
2512
-5566
47850
77580
96041
-85700
-41054
5861
-6259
37211
-54439
-70761
-58933
-73403
37234
-57710
-67418
-85427
1046
4290
-34722
26043
-75470
-95140
-97691
-95476
-54918
25168
-2525
-70304
-69222
1136
21813
-45196
-86739
76469
-32186
-53677
60634
81232
2430
846
56058
13112
99761
-35894
81686
-58428
-7209
-25298
-3077
93370
-19314
96737
-93519
-32079
2956
60973
11818
-52873
6785
91755
26664
-97810
-38106
76567
58794
-26764
-51579
46790
4343
-72660
-83044
76272
-98001
-38818
29063
85183
60734
7398
26998
-33381
59160
-93924
-49522
31778
-70609
-29082
97002
-42660
86207
-1787
-5255
-99919
49037
25119
49592
-93294
37246
12858
-94837
-34541
-45308
73526
-27330
74912
-81610
19151
-2156
32485
98369
88449
95058
37063
-74602
-8910
-80868
93633
-56269
-57600
-44862
94151
19293
-46363
74032
70181
-9954
94536
-26411
-35712
94461
15869
-11810
-80656
10247
92435
57585
-33824
-63830
40929
10986
68695
71116
75323
86883
-72805
-94755
-97280
96593
-10265
-41251
-19604
84247
-75183
-95089
-56615
-79914
-87236
-15633
-36894
-27905
30821
-83140
99484
51296
-96048
-92577
62631
16034
1609
-29759
-63722
-48785
49558
20206
40336
-15261
-15321
-33980
-40802
7577
84414
52095
7296
59495
46351
53933
-88593
-97935
24389
30208
-66690
43108
-10711
-19111
-61983
34321
5476
58818
55609
99249
-46762
-93750
76562
-84815
-58757
17818
60421
2386
51121
58106
-39432
-95954
-93015
-37809
-87959
-16912
-68511
28806
-96944
-75835
-90971
38859
-38918
-45608
93168
-89970
78423
25727
45383
-47340
-67392
-42783
33887
-16322
77922
29798
-11048
53473
-31300
51522
-40673
-77656
75841
-75010
-96868
-69572
473
97967
-438
88725
42237
-27895
-37994
6270
6652
42590
83994
-16056
19324
-6727
-94513
77821
27478
-40699
-45699
35673
1054
84335
17679
14131
66870
-85961
49162
81685
36316
-67616
-10296
88979
15993
9082
81732
-31883
21495
91011
62083
79629
-99200
76619
37491
-9229
94777
-10513
8125
-35849
-48730
12467
85578
-33051
27348
-99505
-50275
64518
-55012
-55389
6412
-14749
-63037
17860
-84507
49886
6070
17113
-9693
8384
-98002
-12209
-64045
-70207
-29687
65124
60662
-85481
-98588
-78872
6943
-70823
-7128
-94204
34714
-67643
-9485
-47546
67545
2383
57093
96619
-35849
-1307
97719
84744
-22212
86274
99679
80324
-6381
48538
63242
-30998
-66672
92089
-38142
-48693
-4801
26411
41852
12129
-52258
70039
-58053
13014
7764
84712
-78253
-93771
-82671
61843
-76795
50446
16580
8111
67589
2092
74733
82905
-73251
91557
-14856
30720
-21209
-10584
-12702
-22756
-9783
-39759
79807
23454
11044
68807
5572
99996
81448
-74167
-54140
96674
-74696
-60698
31594
26429
64239
83689
86359
3164
94406
-96434
41816
-80886
-223
38761
-66605
84350
5320
-2658
-16031
87664
77073
-56086
53567
77403
73871
34328
-96058
18480
23733
-4079
-54400
-44602
-15659
-94094
-47443
4929
-78813
-29288
86848
45304
52646
96441
-39139
96894
63370
5581
-29234
66201
73744
-47889
96226
46528
-52418
-30229
-38351
-65080
98267
-64301
49207
-94252
-18150
82668
3660
-44311
52301
68798
-57719
77784
91393
46032
-98812
16544
30062
-37733
-14220
15352
-68282
-19854
-93323
-65155
98933
88079
-80905
37796
20413
-75142
-32553
37381
-2017
34522
43105
-41137
39263
97715
8942
8946
94597
44412
-27788
17089
-58830
-57156
-31511
47592
86525
12241
85288
-63283
16662
-9993
-60513
96321
53332
41837
89921
-92589
-60148
-90870
-9934
-86849
-57962
96842
5678
-52239
-37654
-90291
71661
60718
-5940
97172
-58278
149
-61161
-1743
-6038
-89479
-79657
4222
44832
-56885
-55983
-45126
89112
69689
-2129
-61510
-3077
83609
-6660
84712
74304
-4520
38185
-26523
-22401
-20861
-3774
-44067
77748
34566
41689
-59287
-14159
93517
-59796
-94499
-67462
74544
-88183
90513
-56960
60898
-61477
-2168
76427
27220
-5474
20448
-39503
84034
27089
-37796
97859
-34242
74500
-49226
35233
65784
35490
12214
37460
34950
46786
55174
3785
-80049
-16606
-96388
37487
95382
96849
-65613
81222
-53148
-99246
-11180
-89140
-36270
97299
61444
-76414
54795
76220
88885
-663
86691
-97037
51527
38135
-6097
-83170
-86382
-46443
-93209
-43476
-85941
-15904
50685
29393
61848
-95114
-59442
-13472
-58725
50983
6303
78693
2037
44966
42980
-14199
-32568
89868
54978
-72584
-96836
52447
-21622
88139
63951
-4424
48216
78926
-40662
-76983
-80808
-78444
62004
-27629
26908
-99969
18392
-29488
-43534
18849
44620
36321
89498
-40127
-64088
89088
-88623
5056
-30637
66370
59584
39656
50186
-5806
75771
-62175
-53370
12090
79450
-12347
20433
55770
-16366
-88704
-19010
52153
-33053
81239
94110
37935
7431
-81639
-45771
-19656
96939
24873
-88570
12124
48203
87783
-88106
-30653
31393
-53914
-61626
-81675
-47994
-70145
-62649
-70346
75240
-33437
86694
-9902
77668
47406
-93910
62023
16303
-90910
-1659
36196
-647
55361
40186
-620
-65655
32860
-33383
61187
84641
2790
-53632
62411
44125
-98699
85066
-26338
45867
-46415
-73790
-67413
63909
-79637
-10282
61149
10139
-96070
81222
92967
87352
61649
20873
74050
64851
-80835
6326
37965
98137
-5225
15520
99455
-52907
-83317
26804
-53990
42445
-86201
-62787
-24098
-70889
-14590
-56746
57177
-70732
35113
98003
-57494
16366
19408
-816
58010
-2199
-99086
12842
-40698
-88503
58178
9253
6968
77359
-36502
-897
-99160
87565
-41801
2051
-35834
2095
-27861
61116
-45381
-53055
73543
-32458
4143
-81871
-79934
-22499
-81969
19792
-10934
26270
-18521
-83028
-91962
-81619
54903
-97962
18335
77436
86682
76375
20613
-990
-70424
78559
-65477
-37896
33691
-95356
-73094
-88003
-5099
-354
199
-36822
-71430
33772
-19287
-6000
12198
-5940
-13715
11782
86342
-41689
9143
-83087
-89348
-20888
-30670
-6416
68373
19170
-98849
-51420
67385
-54910
71489
-42957
56085
44828
-21511
25600
36853
7834
39958
63586
54311
51474
98388
7473
-58081
-90084
6223
-78015
-14047
-18789
-7380
64722
-14225
84843
-97364
-99863
91942
-40377
37317
5342
69014
-10287
24868
-28808
-74626
77213
21861
-94643
-44803
-38511
-18608
72708
56718
35021
65328
-80892
44524
49505
21654
-38034
-1506
14273
76952
-74661
20308
-39989
39899
89969
45458
29961
26598
79650
-41220
-69443
1328
-90989
98408
11173
-50342
47934
-2383
-91972
32721
-3971
61264
6869
-55674
90939
37389
77101
1189
-63067
47609
-62725
9194
45129
-27335
89792
89788
-7469
2763
40398
-59601
11733
-50667
75033
95448
-31111
-92770
-24095
-93788
-43673
66291
96370
87314
-32950
-85668
8635
29706
-83002
-47753
-5361
-12338
14508
5049
4878
4519
-3935
40298
19266
11585
-77409
24567
-52461
-37184
-67886
95138
57237
-38149
86635
2044
-17728
-55377
-62831
-9140
92927
-14512
-77022
-26985
80715
55710
-81297
34095
-39941
-80639
19192
24255
13712
90261
-30847
55042
-18485
27603
84208
49897
23084
-90473
-54711
-24899
-23865
-58226
-56939
81176
57991
-56010
-99192
-76511
-96307
92683
-75096
22374
55099
69835
-59514
57338
74343
83217
-50548
96236
65786
-3867
-49938
-33047
45621
95019
-63772
-97711
86522
-83429
-10899
14914
-36069
-8868
-494
27036
76624
12275
71448
86001
13278
14916
1780
37857
-83347
-51248
-39274
-62695
-44008
13607
18804
7172
-7270
-8135
76723
-23994
32665
-44377
-70078
80946
36359
-35494
-57592
-46997
20550
-52526
68715
63654
72502
87427
91916
-15449
22061
-90236
-69071
-3459
-12376
28000
-31132
-21124
65342
-48958
-39577
-77593
-77906
59853
-2939
-2671
-27458
44548
8413
20730
65101
-25330
57865
49267
12729
-62124
-25802
-5903
96220
3201
-10760
-60754
81859
14039
-61498
84489
-66876
-88373
-70579
78114
-72509
-49348
-22823
6983
-2592
75393
83871
92520
-94574
66374
-28824
91274
57122
-34090
66080
70097
-51583
6025
27238
48475
-81218
-76945
79719
-35089
-60718
47507
86904
-17466
51992
-24449
-78898
45945
-78567
-38099
51236
58339
3604
-33892
-28756
51362
22511
-19544
-76894
-56962
71286
-22941
-11215
85318
-19304
89814
-4697
-12200
22008
16380
21071
-98037
-54025
-35617
-95731
-10337
-5518
-7808
-68839
11029
-3089
17644
-12944
-51409
63597
7430
-53410
-37902
-1878
51846
-22908
4972
-87015
-24119
-79973
79503
-62106
-14488
-74506
83940
-62567
51898
-16999
-83098
86899
28724
17125
-1015
-76985
-89663
15589
81549
82455
55093
-22439
67261
7493
-3700
-67279
92184
-99897
97979
-75229
-38410
-56761
-53461
-84937
93473
85433
19093
84214
18796
35715
88289
-31277
66908
95311
-17028
-39181
32759
-98393
19145
-83377
-87575
68420
77382
-57004
-88405
93803
-54726
-15383
98962
41386
10117
-13641
42564
-85917
70773
82476
-74936
-81670
-27132
8781
95445
89204
92836
-74026
-16929
37759
-32721
-71130
-76853
-26159
-41654
-39686
-55841
95913
73981
-99111
-13707
69157
12767
-90857
-72253
-83859
-73554
-84610
-71799
65274
88152
-19926
-59233
69723
-1634
-72942
-54926
42795
-39080
-76757
59588
-82528
-5964
-34366
-83269
-69266
-6653
65489
51491
74632
90689
2893
-41337
79971
-34374
-15594
73799
-51837
1991
-22280
-59009
40901
7411
9442
-81047
-22902
-71960
-20348
72466
42572
-5100
-69692
-18601
49964
75021
-30295
90311
-90806
-16862
-81544
-34418
-82888
81604
-23596
44229
-16167
-4971
-42535
-30957
64591
-67714
81069
70127
95909
-24403
67811
-40032
23963
-99240
48075
32135
82574
51472
46912
-32011
-5182
-95597
3450
60063
-54728
-25556
-36379
47664
-14959
6198
87596
-20341
-37334
-93399
60841
67003
-90795
-82393
-60852
-33714
-42746
-47661
4896
-91214
-67566
-6647
-51120
-90368
-69042
76686
26685
-39205
-32719
-96519
-2358
86105
36761
99129
20279
88698
-49197
43176
96401
-33189
-76296
47538
-80980
25750
29496
61226
-89548
89795
-94160
55745
-14383
-7912
92062
-95980
25914
-24985
16370
39453
75483
60121
-76583
-83101
57918
91543
44344
67746
98113
4000
75704
-15897
-43720
47263
-33778
-2302
-29982
-67214
-62015
61339
41526
37131
-94983
-31
-14777
-78922
48493
43625
-81828
81361
11894
-94846
62907
-70950
29259
27999
-66992
-94780
-75838
4729
7073
20316
20715
15131
46561
82157
-51189
-8995
-83545
50367
-12973
72497
-36056
69250
-5244
10144
-82618
61323
28115
-40339
-32703
318
38122
50328
-5324
-68053
-68197
91683
85066
-6201
-52346
-24339
69384
55247
36929
-94783
-97415
58729
15053
79440
-8462
48458
81277
23980
-48453
-29728
-63809
70560
93503
-82248
1980
-69903
-91461
25391
-85388
-79117
68799
93029
-83714
34301
22598
49484
-87998
-85734
71257
-84532
-98109
5307
-34501
54297
32958
88810
-44
-98939
-62365
-18548
60060
89743
20433
-52965
5479
2315
-3642
-90282
-10515
86719
79708
-25502
41748
70105
-76970
81487
97700
62718
55579
50720
64849
43740
-57682
81030
-49076
-7912
-30273
-71393
36880
19110
-18817
89861
72948
-15304
-13044
-32082
9809
83511
-44081
-19434
70395
-48791
30496
-27157
-31512
33738
21893
-34525
59583
-89570
-62456
78351
73597
88642
-50981
-62962
-54709
-99378
13351
43781
-73644
97795
60078
-82005
87069
-45396
-23847
-59640
14215
-46829
37293
-29091
-90492
32248
-55180
72485
7688
23871
-58292
9713
38816
79640
32493
-66092
11450
-17237
77794
25670
41303
8922
21816
-86110
-37160
61787
20197
-92221
-28934
30510
98784
-99408
94571
73997
24829
82347
-65247
80039
58555
81356
-30617
-7285
86569
4950
7125
89820
34307
11739
79788
3102
-48821
16840
-97742
37307
-38235
51841
-37692
-42907
-76450
-71396
-50716
-48521
-57603
-70705
84753
2458
-52076
-16186
13056
-69147
-1575
70517
73984
91045
98501
-61158
85344
76374
-62094
75082
-30756
55864
80009
-79188
92258
-7448
16139
-81374
19757
-73808
-23183
99561
21064
-97659
-85779
60549
-53091
-1697
42930
85135
31285
71199
20819
-75312
-1174
-20323
21899
-7254
-81256
-90035
-5540
-73966
-3418
-23901
-78428
73116
-70373
-83227
22411
35293
-76412
85760
-49827
-11112
11418
-29955
9623
17180
-51334
58188
-20375
-92833
44000
66417
-13650
-18355
99965
-93677
-93665
44621
-10285
19192
-18662
97821
28560
38193
47858
-36846
22458
-41047
-41551
90201
-91828
39367
-76932
-16401
-98414
41375
3476
-74604
-21274
-37045
32320
7647
-23293
46610
-95026
-48899
10077
-3729
7285
-33999
50109
70755
56873
73134
76875
-59866
13449
-32694
-45209
63775
30214
9302
-97145
9944
91782
65052
-12932
3885
29243
-37744
53550
77949
-83549
66386
50484
96894
-47320
-73443
-87488
-13319
3759
15666
52581
1129
77336
74545
-43621
62811
-13507
40284
77451
-67547
-37202
21336
13243
12861
20393
-25894
-616
66458
4620
43885
-20657
96284
-89812
-4628
69900
62136
-28863
-8977
46965
27548
-69833
-98397
87676
-2441
-36104
45483
46371
84992
-46627
-74018
5690
-57744
-42984
-18561
-75494
44984
-99476
7294
6545
-88113
53324
19606
87620
44592
8443
-14610
16766
-44787
23289
7899
-98826
-15232
98129
89987
-72780
6012
-85654
92409
26027
-33302
-19654
-99765
-6115
-45130
-13529
59834
66587
-28715
41682
-46523
-45818
-81447
18930
-1733
-37459
20410
4729
-86265
97605
-39422
-62596
87234
31798
34248
48518
57459
-64140
88041
81328
-53018
-19023
26078
57002
-20622
32138
65682
69267
-96672
78291
-16502
-95321
35414
-10883
-9506
-66598
23702
-81069
-548
-44690
-47593
51994
-88151
34428
7425
97610
-50402
21468
-40613
97719
-20086
-26499
-92672
78465
72765
-48547
96141
5876
50789
32039
5972
-16779
-88838
-50430
-59226
-83880
-49141
-83923
-79685
-18846
-29942
-11615
-88245
-59530
-96015
9213
-23368
16953
-20354
71507
57192
-56310
14994
83302
53828
54315
-52663
49579
88944
-84501
82937
-80701
-61755
-58787
59247
47813
-22987
-42225
93754
-43586
-94939
-62990
-75419
99020
64262
79032
-67541
748
-35164
-92367
-45267
-74121
11779
51695
7823
-91132
-94544
65205
-54381
-47693
-38450
14650
-2116
-46678
-41451
-95385
-95740
-22039
-97200
82152
86979
39811
24779
-93481
-36278
54466
3102
23704
-60238
-30705
-20184
80526
74952
-44843
99702
-8357
28441
14579
2005
28075
86511
-47276
80455
62197
-80362
42764
2216
-33218
81993
-74273
36070
-35878
-76427
85108
11876
51840
80611
22348
65467
-38936
68895
-56569
-73729
-99629
74012
-72431
-83695
39650
-4708
18298
27631
-76338
-81507
575
-57571
-2970
50474
2990
28260
-77494
-18277
32053
-61161
11605
-43928
85771
-73679
-17433
-99106
24928
10309
-5344
33605
41571
-57711
10322
52086
-12899
-58736
-49104
-19960
542
-2771
-7393
57831
5801
-87111
-54892
-72109
7086
-55798
18076
1744
76061
-61818
-44586
-44672
-77118
-16827
-27593
62063
32043
9081
-34505
37336
-56072
79657
24699
-94478
-50363
-3297
-30576
51374
13170
-88544
72849
-54431
-43645
66819
77294
-93894
81612
68012
85599
85578
74324
-7423
-28072
27921
-6028
-75735
77862
61604
59725
-72255
44655
28714
44321
-58997
43789
-99480
-91424
77631
-64882
96006
50445
-26257
-14188
53093
60248
59
44411
8008
-29593
-71145
40185
-54499
88577
78816
-8421
-17292
-2069
90248
18489
96252
-88113
-80274
-38357
-49857
61257
-33979
54906
78792
35982
19537
-11059
67997
7680
33089
-35282
69298
-81098
-79083
-55996
28106
-26034
38925
-41813
43475
37252
-12114
5326
49071
-64090
-11739
-62764
-37317
-15620
12305
-27730
-9306
63566
-92498
96514
77453
-39813
8404
-4087
41190
18744
62678
80199
-24164
-63039
-28885
7687
91267
75964
-70399
32408
4014
14779
-30856
-17810
-80749
-34461
-73183
-97387
-79286
65356
25877
96011
-42532
-18804
60288
47835
37023
30923
-91157
-51381
5514
-82017
-4059
-23193
67111
-35116
-60536
21271
-28380
-15117
-41770
-85398
-64881
34069
19657
-59517
24919
-59716
17402
59452
7346
74399
70411
11146
15858
78258
45882
-28742
-61840
30002
20423
45371
-13127
49014
-7579
-45600
79433
-50590
32311
-72046
63729
-20473
-87427
-7594
14478
-86195
-1619
15553
51605
-84243
96936
67544
37830
-99651
-89577
68166
52949
-33204
-66116
24837
-20979
-22601
62278
-88439
-4119
93695
44197
-17918
93702
-3255
94029
-98594
25551
-32296
50139
47404
32962
61290
-15586
-42217
-5140
-10434
-31655
47991
-57756
15600
-40332
22819
-66834
-88283
-55539
-62551
11874
-74398
64886
-22724
33234
-42380
29904
26537
77081
-28906
64472
11550
-32882
15184
-12228
-30602
-81771
96100
98460
60819
9219
85029
49918
-23714
12790
-32307
57386
-28559
-44759
-32862
76174
-73007
-70955
-33561
-87
-47913
9591
-50348
-18549
14937
-71857
29980
-72425
46462
96954
-73300
42984
-30323
27383
-85751
18892
14550
10824
63213
-1332
-53351
-80551
-82551
-68976
25058
-7223
13500
76495
-59639
60477
24914
96581
95458
79053
-52956
-11037
-33827
9374
-74045
29793
7019
-52484
49988
-7805
-12197
-77498
-67046
-19180
-64716
-29822
-15346
84754
-11834
46163
4797
-98917
4990
-86879
-42420
71513
50498
8112
-72471
38011
-17786
-4371
34141
-44001
-95977
29966
-99667
-48968
21033
-28831
-562
-2196
-93604
22246
-53307
80138
-54096
-48570
6259
-77972
-40615
6336
-79363
40087
-18343
-13853
83350
83793
20646
8546
-42403
-79384
27460
6087
26802
-64461
-49560
-93862
27569
-69248
-41340
-75551
80228
-36996
99293
49865
7265
-84606
28450
-42634
61948
66041
64075
91437
-12813
-51444
-14403
-51022
-64572
-96258
23629
4620
-28671
-65289
91420
68565
-39376
90055
21636
-37210
-83557
95775
29273
-98582
-6379
18465
58797
-61690
74853
30260
23816
37893
-51971
-6285
-92822
-16231
46514
79794
-40330
78524
21521
-2788
33206
27263
-388
60282
-89541
8790
62306
-52538
35986
-97500
75120
93447
11428
-7152
-75626
-53494
-58533
-65198
67860
21732
-54978
-35705
-85406
-4152
-60125
80428
-76417
-34766
46580
-28328
79955
31033
62188
-27005
66746
-96480
11399
-10897
84193
-35908
-95682
-79109
59360
-36438
-64495
46982
12677
26836
45717
-62407
-75910
598
40652
-19909
84154
-92452
55539
86162
-72028
-59369
23040
-70109
-12979
-17937
62498
-87028
50484
-14576
55073
-92249
-45218
57366
-89117
79776
-35335
5204
-19796
-22826
36639
-87976
33089
-68218
-49068
-95167
89061
6664
6676
22848
91800
6927
89816
-18874
74860
-8178
30210
14986
38217
-7780
-57020
-52549
-94814
60168
98776
59730
-76900
6054
-9259
-46641
9544
81133
7622
21476
50518
77239
-10543
21408
55210
10041
-19006
-53777
75469
-90702
93310
42935
-1138
-78929
-28365
-39561
72284
-11140
-96227
37208
-72874
-16440
16458
-93670
-53613
-11571
-77717
-66215
-55827
68626
22106
19842
-88722
48449
19959
-57890
-97628
-20463
-39397
85961
-12876
-39548
92996
-3952
96464
6406
36884
48081
88905
-40458
30405
30360
-97526
-38710
-16304
-20088
-37096
17059
-37491
-70294
83290
70829
-59290
53036
25936
79674
-10246
58604
16147
-95971
-84597
97639
-91665
79645
28434
28737
62808
59392
37126
-19885
-44911
11433
-70062
76881
-52108
24719
4230
70606
-54611
-47125
57744
-6972
8230
70513
-389
65638
86424
82374
40888
-82286
-97018
31633
-40904
-65488
-55804
1610
-11577
-44536
-20320
67607
78172
-11335
-18335
10942
-43779
-38714
-92474
-82617
-18894
-6185
68242
-69325
30047
-38575
14991
-6428
-91959
-88802
-8286
-40355
-22184
-38249
-39071
-53333
84127
-40742
-28490
-42443
44358
-92394
-87677
68502
-25363
34506
-36581
79233
28320
-92813
-96541
-8873
-46167
-6203
-83670
59739
7540
-62343
-20959
-21703
-21425
-41076
58469
74416
8609
-33052
30169
-23788
-5652
-66295
-94651
21657
31583
45926
53124
-54692
7765
62674
18038
33561
-13486
-15342
-13523
-34209
26115
77245
31663
62705
-41741
-59822
32437
-24662
-42106
-60046
25838
17693
-93566
-63409
-45814
51084
-97025
63048
29626
19006
-31117
-35966
-73742
98468
-2952
5711
92789
53573
6026
-56003
67432
-9622
65359
-8671
39538
-54515
17332
-60029
69844
21666
97366
63473
-3308
10056
-31750
-66828
36368
-70592
15834
-94455
56621
-97302
78717
-66651
-64711
-97166
-87018
26243
60302
-92587
-60607
28654
-83675
-38846
-79021
25117
-62526
75895
12510
47438
-21228
-22324
-45118
19280
-83106
-45650
48353
-27697
54855
97229
-84933
713
71390
-99496
39119
34774
-23089
44505
43510
-56751
-40136
-42977
12340
13685
-99237
-36731
-87395
37985
-29669
-24052
-18868
56128
83029
-44969
7497
49179
-60347
75200
99400
74346
-44311
-38955
98445
-71854
3855
-74302
-89820
-76281
84047
36850
821
19122
-10769
17993
1009
-58384
-62719
63776
57290
-86078
8671
75982
88633
-72905
-66707
-76892
-74377
33326
-39146
70544
79671
-66022
-76293
-31396
99316
-57846
-97663
-67924
27208
-57519
95340
74572
38652
-2090
29608
-31992
5881
-70810
85587
34559
9901
-86069
62262
15389
-46806
-91614
21663
-34004
-16029
-44902
-94683
-23067
-38868
22176
77945
-33988
79935
43480
-78899
-29689
-97527
-22627
6721
8028
77616
59273
18382
-51827
64149
72103
18853
28992
13765
29222
303
-19266
-48161
-60519
-35684
-26971
66746
-42247
-44890
97412
26537
98265
-6364
74600
-68230
-43541
-22418
90919
56240
70674
-29379
-47607
-62962
68177
-77016
72482
-23770
96806
23319
12209
42445
-6165
-50690
20680
-5217
34379
83657
-3497
47233
-19023
28894
7528
-93816
90998
80774
-82222
35001
-55765
96286
1772
18429
96369
92836
-23869
-83910
-99881
-40717
51562
81263
2032
-85335
68209
-25734
-93891
-56740
-86141
21828
-44205
57397
55151
98344
-89716
89340
74414
-8437
22879
64137
-54568
-9774
-81301
-96432
76400
-27224
67593
-99610
90282
19951
14501
96938
1769
-77635
-45669
-57997
46655
84149
-43070
94251
-90134
-90469
47715
6844
56282
-64096
17790
-48611
85789
49255
-65334
-69946
70321
-81078
-84074
27603
-37347
7529
11556
-61771
15371
20404
62706
95435
-80444
-9624
37796
-92854
55999
-40515
42602
-6962
-21394
-97778
22010
29767
-81659
52081
-96836
-58097
-85949
-79908
25082
-31447
8154
-65916
82612
99236
29845
-92688
-52432
-90120
36456
-65761
-4637
-36998
-73321
-72382
42492
43183
43264
29773
-71083
-34915
-89593
52994
76915
-36103
3357
74486
-92515
-95771
54835
80438
68203
-31082
19228
16924
-66046
-65629
-34401
55811
59270
-57535
19843
56852
61599
55520
66414
13805
71730
-69581
27725
-72422
1283
-51511
44790
22315
-14817
-56823
91655
-94239
73526
55888
43432
-76310
22471
56981
76196
-43727
-76994
370
-3345
81793
84115
-51851
52987
-16759
90676
-59118
61750
-27166
81022
5684
77542
16758
-81212
-57962
7941
-59483
41745
24086
-48123
-63634
60611
-20900
71722
65595
-53469
-15628
-61686
75447
-24727
-54069
70028
45430
-86057
19476
17481
45985
-94567
-96035
41521
-37070
-88261
-70425
-98901
17756
-14971
-96527
-33752
69461
92275
66273
-64861
75636
44881
83743
-85950
-72243
-86397
23811
-56719
32528
23679
92274
95919
14746
5136
-73654
-20880
-37196
64621
47933
-51997
-55246
81363
-23800
-36140
-98916
-49165
-83458
-60721
-83493
12420
21122
30187
91937
53169
89574
-93191
-7043
-53514
40021
-31783
-11789
99466
55294
17208
29131
-641
-11544
-54386
-5081
-30517
-41274
95922
66695
79933
5979
-25419
50552
19763
-79111
74109
-82126
12238
-7980
-21116
-3066
26086
-32841
86173
312
-58996
-74110
-77941
-10768
64911
11534
81798
74570
-47332
-51010
37336
-12413
-87626
-74172
23264
-30561
58378
59420
-98638
-32873
-59082
56694
-84277
27054
-39093
-8341
-21627
6953
-42081
-45017
-46713
-58170
52256
92581
71921
-7802
-30306
53592
68654
40054
-89898
31552
-24028
89281
-42306
96955
52388
-77039
-45814
-59714
-84781
73877
-44939
18934
55261
22081
-40890
7323
-71075
-75807
-95831
95952
-51823
2853
5918
-27649
61277
-36547
7435
51243
37305
91084
97963
53064
-7072
-53635
85572
-95095
62180
74118
-65779
-26982
-60932
-602
55149
-31407
-80433
77910
32581
44491
63094
26783
-34349
-11014
82442
3987
-66258
-62329
10561
92069
35615
82438
9509
11916
25145
65672
-768
-87650
53335
39458
-20086
68701
93685
14558
-1750
-78682
-84229
-62975
54178
70813
36740
86755
-61761
47781
-6308
55370
29458
-33422
-81614
96982
35835
35377
39041
49286
14116
92435
-8245
65729
-44019
86903
39216
-44272
-2985
60713
28891
-93205
-54749
86125
-95103
47943
-65923
90259
-45865
-31971
86291
77220
91920
-20838
40793
-6724
-36063
-37270
-47459
-85326
58279
13417
18639
-63928
53461
63070
-76672
68037
77612
46398
60352
-55569
43904
53220
-92873
-2054
17685
26130
39461
42149
-41287
-19169
-2216
-43785
10939
16195
99083
68780
71283
-49679
-20214
15683
29058
97994
79969
-46074
-96240
-84480
-51858
99737
94160
-42961
-98306
79257
85348
-16927
39170
-19204
-21663
61259
74543
-56681
-64494
78857
-51571
-61505
1253
-42644
-44126
-53221
-88310
71655
-3009
92174
-94470
23879
19199
16043
-61393
-50845
-39890
56942
-72132
72915
65108
