70651
47312
25441
27124
63275
9453
75033
98198
47618
67659
14824
74723
30501
15740
21165
638
99808
20321
48283
85548
86925
61066
95971
25125
48495
8696
12603
27705
62122
85536
54073
5440
51435
66194
55930
53082
27469
37560
62034
61412
19953
62632
3577
66079
21382
58369
12295
14357
97304
8801
21738
76091
140
41243
10527
79046
31346
31305
5143
74208
54691
96805
60443
64683
24105
44933
62554
31917
96835
6199
91633
35458
31737
56036
77781
16455
94401
54208
57532
32356
95369
3891
98165
12423
28571
47578
86809
30016
68033
22907
56255
41617
58828
93880
22199
16341
20484
77332
52393
1427
46771
91673
33726
96774
75787
74034
67252
78888
47960
29467
49360
32230
63964
4371
73248
24454
38420
25586
50920
5759
65489
70312
81954
18853
48628
91254
46421
92904
83983
80525
32016
36911
28548
54094
99812
30125
87589
73083
94671
37318
84002
93883
37510
49855
54292
55771
69282
76408
75710
25534
52670
63138
56671
67667
3558
38773
61440
21186
54246
37063
54411
69927
59217
50680
95346
45524
81058
71666
48228
52644
60242
32118
98021
40784
420
36614
66464
68086
65385
15647
62252
89593
72081
16827
38636
22016
84136
62825
38452
57315
15910
34206
11767
3428
16990
18593
71702
85058
37263
36307
69967
50285
35890
52288
36996
30509
34739
82568
79898
76426
52422
72788
64644
32896
77615
54558
68519
70032
76285
82982
11063
70693
28512
1517
28317
66961
60708
46830
74340
81933
39308
85415
21834
32633
57532
85593
78049
53262
71587
71825
63982
90575
55195
1643
71589
84930
62532
7916
11417
53745
60906
93034
76180
19035
81979
94920
61059
77175
29130
98780
85396
66638
11773
46847
70723
58146
46014
84166
14592
60737
31034
37157
49010
71430
69291
44886
64445
17328
85160
63345
15434
30435
14942
60532
44935
91370
79973
35327
29995
94925
95512
29201
57991
21944
86470
35274
59210
67971
61237
96175
87424
51663
73740
23836
43010
59474
77799
56360
19025
28781
98057
41276
86343
71709
13082
46125
85690
27243
59780
93986
40818
69975
13609
69979
26349
33216
5052
75746
91100
75892
48768
98063
79662
74692
89254
24788
10926
87296
79947
2743
94333
57678
29989
4501
4214
41137
52268
59691
44301
48353
39539
863
37448
21153
71326
77733
67879
88631
690
62516
2259
10198
24584
91964
99203
18930
97002
43850
31043
34506
62707
88954
9828
30089
62667
38693
4018
31400
5107
82738
36193
94066
45948
95971
42101
30039
40836
2887
8975
70964
64020
91124
93943
5991
456
40832
25854
76404
15361
38652
20304
61274
67504
50776
39430
54761
40049
33296
73067
91908
19794
56625
70075
73540
53077
76979
40043
16131
63789
59749
22590
60635
79031
73576
40373
16623
53654
17303
35244
36920
86595
91387
78190
55918
79823
70339
44240
94716
92938
65784
94673
76616
45226
55640
3092
17755
10571
61363
37687
29923
35686
75569
71144
30076
55271
9142
71734
84327
56476
36664
97312
33929
88316
23235
95964
78314
27040
74923
19871
35558
55316
44513
77418
54476
51175
88964
3229
23183
82084
10383
13728
54972
43256
99166
47146
43429
47577
4562
93816
31484
78584
76268
6037
21429
99420
47807
22218
19227
13555
48771
56825
57412
95243
36670
60841
43694
92223
69558
36088
79927
65358
55902
58039
46716
58043
22579
34233
78277
32008
32291
94486
89248
41989
76843
98277
25599
20137
36982
62943
85056
97756
52311
5185
32658
42406
75812
21409
71205
42466
83535
40405
92725
13236
18264
83952
69599
42543
42051
93907
81966
65106
68345
37339
55686
41024
25469
84269
65508
22245
68713
25117
73562
20322
88278
13651
47937
99578
6551
91361
61165
84756
97170
38660
41750
47639
17217
94563
11476
64030
96216
45439
98596
86667
20924
97077
74732
22
87525
8934
55514
95002
32974
53470
95264
92109
56151
67518
93974
76937
22931
87735
12229
71800
77653
49206
31080
45881
70102
21269
2582
87341
50917
45055
83356
35261
53223
49668
28180
39176
30636
68636
96533
73364
40672
24614
88121
94334
92512
7519
8490
10479
92237
69764
60015
10711
64709
29835
22408
65887
78036
91462
12417
17504
97233
37278
92303
3025
66896
68921
42516
5911
7619
15437
81432
37633
72051
43933
26600
45331
14976
89659
93087
62955
20725
45584
28721
81706
21600
93664
45093
57509
53765
48258
51564
67603
42350
91743
44454
30663
47166
62420
14978
60832
52495
89490
4794
80550
99419
85099
20574
52047
68090
91946
64075
64994
74923
97813
78897
57707
8147
70865
8637
43281
72934
64094
50027
818
95405
28736
61344
38476
23026
71341
36493
90023
9383
15213
78064
99285
26760
22676
81613
98394
61073
80023
49017
48408
72003
29545
19286
14523
61844
71816
6717
80478
36160
55688
11502
82743
34264
44018
26278
6190
64970
78896
95224
95014
55040
83633
55702
89098
51233
4109
1512
36623
84938
52164
45736
2599
70215
88552
27725
68476
76463
65509
31014
94990
89563
2114
54571
80777
48896
28912
60511
70213
33834
47573
55567
43122
54478
52749
39133
56662
65802
2013
43726
10298
76444
3923
34868
39132
67035
67197
86176
24046
61747
66955
13109
13819
59399
4024
80047
60428
59431
78479
32472
33128
65006
87714
69277
84857
1120
70243
70480
12821
82169
23886
97370
17639
68707
10949
81420
73968
41656
18714
40926
9323
46169
39398
92898
46576
7870
65695
81737
83561
37221
3697
35225
27057
9300
56097
51944
99297
72616
28286
23653
79793
78907
25049
85551
61684
31543
23880
89245
54813
94340
23569
65951
4785
27445
672
1125
1878
55078
29700
57186
20958
74393
67684
36403
60294
61052
44017
48317
37637
89745
79992
68151
34768
64642
63972
42332
80294
5123
69813
19557
59241
39441
47118
90692
86375
51540
84774
79953
36338
51983
37688
68690
84455
13574
25601
1144
81584
95377
22380
56360
54221
65734
32088
56022
28716
27362
93894
66669
26584
48678
1056
98138
46071
12490
22675
84455
68961
76387
44046
81951
29348
29064
22389
46828
36785
85339
73333
21017
27220
38546
73967
12123
97386
91081
76699
75834
1996
65636
22082
90258
13361
18462
41762
29665
96747
86802
72729
43948
78471
98295
66390
91958
55010
44965
66060
98646
24853
2788
50901
52953
7685
48886
22919
48756
21318
79713
17303
61290
47721
91882
24673
21534
21309
81247
53734
63091
4788
78200
52765
12142
5691
90773
2644
55046
32415
13327
85822
737
79511
6738
27263
47116
3559
84857
13732
78897
32546
10347
68472
77977
65958
33182
31825
78548
86952
94930
65107
47082
56250
68199
75941
28889
68808
32372
35742
71577
5575
39026
82713
44719
34726
82568
57827
15742
18070
47322
97731
30669
29664
20049
74838
17262
87832
76285
22352
93874
40088
38929
32794
64725
15735
20214
20499
22470
45720
20891
65833
22802
34589
37489
58354
8571
73850
71764
78529
30180
59575
60192
29091
66870
81229
85969
15479
66403
58799
36646
3310
11679
73602
73319
8564
77639
47381
71699
82358
70462
70495
81927
86867
83496
38798
73663
51345
51805
19953
67807
89075
7833
55201
36735
58078
55086
13987
53565
19797
44803
17174
49132
78944
37493
12048
53864
38502
75073
73347
1659
36561
75222
88839
31976
54410
76296
10295
68081
8834
73060
91070
92310
50485
7439
77778
36832
5295
89572
5543
84689
60468
92578
93468
19069
77370
11430
59509
55104
24415
60864
11373
98016
83353
13982
58431
57072
33754
82309
15822
48937
84724
37727
20035
11404
13416
97155
66160
95328
12964
60929
88476
3854
92089
94651
24196
87331
84687
95778
50075
68645
69604
29048
45308
62535
15275
54416
69832
5964
98072
94444
37298
54775
6172
67504
82840
73927
38358
5223
99410
56412
37028
79980
36855
18624
77753
91031
2504
84366
56386
67280
891
51844
59017
74435
595
14086
66851
20961
4474
96185
30832
78822
58607
71261
62905
39796
38414
47378
60126
48379
83275
2219
35898
97972
21375
66321
77204
99063
14081
79136
59583
56725
693
44645
42247
5247
146
54691
28940
2571
40220
98011
77833
33963
99223
13625
69736
64519
73317
43276
83724
26301
9459
73895
88094
7052
70312
79689
66408
23480
9664
92863
17589
77676
82092
71235
41553
23841
11777
11269
27976
85324
24271
89038
31450
92791
51448
57228
39386
34212
75882
79609
24797
49178
81464
6784
22133
76160
25591
55733
19903
64798
23718
26778
20889
99669
43141
76496
36149
48243
39499
1959
97282
79679
15274
17129
86836
54681
89494
55832
99625
12125
13956
28482
68086
53305
67653
41445
88808
37428
68131
6157
44355
4609
51355
12044
58691
82732
11282
19260
77558
70868
35896
26703
8026
73180
81867
36519
52117
5484
68056
56053
81764
37175
85091
36406
19137
17609
35300
14763
85599
74325
88636
1418
37972
8980
23774
92026
58221
17063
73410
33888
57072
88471
41480
11868
58262
85517
96472
60433
77536
90168
92391
74948
27690
59440
89069
72401
83365
10180
41551
8172
78842
72822
74404
73846
4374
77416
97099
79863
20337
40155
74489
71980
56692
91329
28302
73057
42547
92304
18481
31457
41564
78786
17573
73055
99733
22653
41004
68881
39016
87621
73164
62187
81365
70628
91543
9605
14202
44318
36729
32967
74160
82510
92904
26535
42247
84944
29206
12103
18146
53110
95422
72433
60295
52436
58290
700
74808
39355
95485
89821
30261
31158
24561
25209
98076
20591
87293
41616
23773
41941
55571
20325
68060
16070
29849
62519
69619
2272
62012
93581
40815
68630
93685
93831
45419
43527
71640
60203
70203
6033
34442
17639
79056
18737
30560
409
12025
35642
96165
75391
8968
13560
70476
63604
6586
13673
24893
38600
88633
59881
30266
16315
83564
42734
29244
74912
16325
27715
61325
97425
46666
43911
34124
89990
92268
54740
38687
97334
71648
50428
55693
30580
97573
53966
80833
87383
87650
75595
14242
8305
8327
51997
26308
79147
61423
8424
65875
64593
42387
17038
24443
95959
78804
31613
40454
71369
65590
29108
21523
13915
92549
33597
75541
30813
57137
85256
92475
22728
94633
64536
91164
90866
46395
16246
71938
14312
46702
33251
73776
80178
87010
31057
78420
71863
26074
56756
18848
89855
55587
71863
56846
69232
38805
78589
94384
33452
31761
11905
78403
15258
26009
73110
54377
23634
3407
58868
75923
10928
74123
36883
12259
11746
89992
10746
97059
80762
95455
80237
74874
96896
59815
24983
11658
44636
88093
94555
84576
25902
95351
62461
43398
64684
48048
17586
1530
30264
93125
93908
79507
19825
13514
96259
91406
90889
86997
70415
6719
29502
14987
96352
92441
23319
756
90737
40994
21350
32613
68714
83249
53178
5880
76146
58180
32969
9704
4011
81030
71956
86698
85593
37048
47791
13296
69524
8495
47483
62235
88524
58395
94939
70158
10581
76984
50761
76268
3774
56692
89432
70250
4991
61945
60933
2621
6112
57211
54837
48119
37061
8782
41530
98623
442
56290
50463
83528
65987
64919
93669
23847
47369
36525
10047
1736
86513
51069
3736
92272
15572
73808
34157
88357
99894
64777
22931
63689
22033
19737
20236
70779
20452
39140
17074
15334
37885
9055
5505
76960
26951
59787
25662
69192
10219
42719
2605
20726
63956
35140
38389
38854
48453
86850
50659
36537
8529
13090
35521
94455
87084
66613
95960
73058
43199
35327
2254
23692
25056
10715
36549
28317
53146
78548
54751
81575
45297
86342
79478
93468
16283
288
94694
24001
13533
66716
64884
86138
61841
96880
63902
92531
90477
84867
45976
19435
68104
11862
77252
38275
7565
66511
71402
16750
98685
35175
41334
48365
76736
53729
98182
1040
69560
69488
76916
48969
77449
51982
80639
6980
39295
20714
92329
25409
75358
40189
26550
8763
7710
85790
62878
95962
84950
99940
82248
91311
70697
26776
54143
54375
89523
77039
94613
21906
68327
95748
60241
23570
3346
81462
1459
58309
6792
76872
38804
50283
15375
97532
19954
8988
54415
77800
22488
25299
67039
1608
31172
90050
78676
20237
24542
65014
87882
2958
75308
53076
21361
28575
52215
61019
60036
50206
96885
22842
8860
66297
35963
86125
46492
63089
36190
74462
30069
22438
7472
61377
12521
78266
17554
81449
86764
18022
38477
85443
92001
55573
5367
31600
97939
77784
74515
1690
73736
96701
33738
13381
65307
83904
47025
92030
80238
23830
71816
70918
2862
63153
32681
84407
20523
84892
27828
66454
84995
23655
93647
67998
61274
13409
57049
864
45086
71310
94612
17143
90592
62873
21053
99779
87472
40992
66338
67344
84344
65836
39028
63407
95380
46948
21467
3602
33271
60802
58759
12298
20446
71498
20538
32924
54627
32018
1909
94106
71240
39044
29393
98930
39005
84640
59123
64572
46052
53122
87205
54487
83108
33814
54400
21302
3955
11577
76070
69324
19645
20116
85163
25833
9131
74611
66552
11206
26884
92310
50778
24198
65738
80371
47947
75355
56791
71071
34950
21652
16772
40246
61033
33891
55299
68330
43968
53258
62368
80655
33184
61655
33452
50149
34938
46692
81595
91165
54134
92721
6326
40280
80871
40174
36673
44318
44193
34322
41964
777
13201
63173
99224
32696
52406
79245
47807
41645
79171
92634
2536
11552
82519
16453
70286
85463
93749
4473
61597
72455
86673
10314
56716
88508
6824
82109
64231
83606
39289
85460
23247
79975
51529
40851
56258
10554
90494
86851
79661
98973
88243
44218
25262
7540
64464
8234
21142
44796
41524
91317
66952
20124
52585
19368
50027
72058
23796
85437
85162
94954
70967
89050
62551
35505
59101
38648
12292
61283
58680
83739
83633
20502
76930
25468
19272
36676
23814
74046
68396
89197
70853
16521
65851
10907
20553
6741
35635
28966
81420
63926
9839
501
88969
20338
23960
72006
35068
4564
8911
57448
40692
86321
78641
17992
15366
21795
34968
2606
94237
7299
45945
65016
13859
41712
44206
93942
15122
38664
98399
83053
42472
88115
47787
30386
5988
8099
44025
26046
91143
85730
36748
59354
4009
89968
87628
9519
91957
94438
25494
45368
5732
43148
78593
7823
27346
69157
42349
54051
67966
2105
51265
10125
23130
43680
21585
75259
73292
85993
1340
41591
22106
11512
6717
53811
85339
49368
40861
1618
28668
3880
27082
54827
78678
7060
56662
42366
23572
93173
54029
11641
64333
39332
42538
91790
75202
42040
29647
10534
70239
57095
71869
51463
28741
56448
78823
15301
99445
17751
36617
94446
2470
79628
36071
31981
47948
65043
25529
14281
12821
65680
84780
62163
5173
15038
58840
50918
31543
38772
49451
28475
99418
12191
49919
82422
9240
12498
77359
94607
19794
77011
42567
62668
51585
49332
2896
20210
52045
85349
50652
47515
67100
90042
32538
47345
43499
10043
98280
31528
12091
15831
95197
33382
19726
87701
86747
87315
81051
28315
15871
33979
78595
70160
340
51267
32433
65174
78703
39414
77742
96693
51997
38134
77744
74724
25204
97763
68339
19148
54285
38707
26136
14349
11785
82121
45427
97728
49153
74739
97993
66074
84251
75419
61040
14528
33155
84892
38754
33139
66913
15228
14391
1683
38070
81285
83740
66515
7585
53231
80919
98384
68271
43886
36883
82555
58739
91092
58179
50941
28042
12064
54907
1010
56274
17556
33518
90839
32101
10394
34016
13854
17525
51424
9169
22747
82851
48183
73647
92297
32076
87331
94153
31198
24072
37290
70632
89420
70225
80979
89475
80491
51147
94390
97114
82514
76663
37202
71044
82965
11335
94285
45301
51545
85255
67390
92792
913
23521
57624
19553
78939
62213
62163
78277
75274
44786
74287
69595
62394
35489
85276
92488
59429
52829
87750
18657
13192
71176
29734
50078
84437
91304
75449
50060
33297
45116
5442
28707
59767
83001
96832
2854
10398
33976
73024
55852
80183
24637
46427
30618
23821
88852
86665
95021
86425
85348
19691
8748
85085
8203
7717
47012
10828
10382
93256
94749
86340
56971
2011
86255
13955
32182
54984
82198
97188
29595
27135
6928
37496
2395
85603
24612
87002
78826
14827
71560
53877
72091
9882
57572
16992
31427
65583
72167
41539
85666
80721
55583
52116
5258
80968
94868
14783
82478
95046
79341
95100
47648
59500
82452
35191
28142
6156
66466
478
6965
68745
4598
96782
46369
70574
3061
79716
40346
48742
9325
97032
82434
47178
47255
33494
90464
43401
45388
5888
36451
46043
13465
25249
83686
68640
64088
79113
44386
44870
75909
82372
10974
77976
42033
58146
34331
24164
99011
26641
43979
81246
62342
80766
58008
83483
26501
43314
20333
24416
36771
64549
78848
68230
27186
37013
60479
33593
97879
44182
29327
63911
5657
41285
91382
95636
92841
3475
51119
28771
18952
65770
84249
9843
27603
83822
95449
57956
94962
69108
23230
23062
79904
10172
87177
48233
99781
63659
68661
51391
45559
63442
82829
93917
77301
19689
70272
22826
94626
23718
24603
74671
91030
33730
20086
19628
30271
42807
91216
10938
10722
4334
26382
88140
20341
42320
22971
62172
87700
69859
57648
14142
60764
29213
87833
54908
87139
77574
57203
76029
66613
66425
59034
29015
80971
91810
70201
79231
37384
8664
93223
9927
24022
32735
52674
82422
6977
75992
50121
52054
13138
73004
38808
43474
67292
97049
66332
20560
20410
12998
64698
49067
4150
54484
69965
87344
96374
61101
58713
74653
83838
70678
93877
85865
56135
98208
32709
19749
22572
36608
55974
66090
43463
27369
24255
30405
43878
27709
68066
86931
33264
66755
22948
32655
19982
45579
10553
39101
96625
45268
2875
82414
49171
6642
7801
65831
72310
84122
760
15169
2709
52692
70079
63039
14415
14073
53950
32487
56376
7711
66956
43788
51727
89055
38117
85712
55461
4053
61025
79410
57072
53307
30910
91459
83829
21924
33389
80578
12424
42923
84560
78608
48464
72696
34744
94640
71105
38602
93958
37226
67235
53224
79362
4578
68398
23847
37616
46326
94149
28617
92303
1098
23715
36203
57966
81825
9786
84794
60855
36506
97410
25799
66593
92869
76255
93079
78878
71547
18224
15023
39178
94425
40949
906
77822
83438
20889
64294
43143
25304
9207
58873
25306
18327
91896
6895
69119
62487
23000
47426
54362
4125
98665
39461
84482
51610
46000
94439
93002
95013
77924
7696
56380
99253
75419
32165
95670
54438
26265
82887
26018
92118
93824
69360
34579
77784
89659
81385
31857
59513
68985
51360
33040
66624
55124
40113
86679
41160
33669
22240
42813
41535
50227
32803
64890
68562
15541
80433
8391
59101
25362
53386
4607
99857
69158
85594
29820
89511
86505
8877
42286
30840
15963
76784
93423
94046
62178
28110
18886
18320
94726
8117
96323
77085
7412
11386
62989
45658
3927
20641
39316
52062
86298
54774
71733
62964
97465
43044
27958
3032
97028
52935
90006
33828
4349
35227
93879
69721
37680
88354
58580
96962
6233
37504
80828
30916
4902
94527
82228
42617
90904
45537
60144
13752
15911
79418
18749
96899
20429
48501
33106
1068
97812
38583
41162
76939
5314
33098
21659
95190
13351
57560
39897
90748
58596
91711
61212
8336
72484
35987
9392
98662
84977
17124
59459
40813
32471
45566
15705
2055
53954
80351
56070
48195
74100
9341
9833
68737
40629
76945
8671
92723
57518
28334
53209
98497
48281
29807
81002
10362
10022
82552
15301
98748
98242
32976
28020
11456
30597
78461
55744
64167
42596
54749
6774
70709
44265
55059
17335
94109
54961
59970
54912
76611
52632
19204
30440
353
30474
75194
42932
98280
13634
14747
80666
98821
97685
86205
81123
72806
24746
48688
32657
56322
70062
16522
62079
67342
69283
98404
2597
78625
88336
90299
30935
92457
35143
34480
21310
45005
17075
41429
57481
35718
45982
68148
95610
55414
2172
5052
1926
6931
95038
73931
99811
32638
68850
52586
2459
52340
4794
9811
86153
80257
22571
40497
39435
80411
86053
71749
65512
78168
62078
2970
57448
40612
57316
63441
44017
41889
78528
6858
1416
12657
35639
89413
15270
81230
12630
82531
4761
82537
59415
94878
21415
11981
71998
49948
71819
54798
66188
65366
14596
88659
13648
91646
97510
22787
82575
49704
78015
45003
14064
49953
26322
60647
6139
53152
92005
71574
25600
78113
38927
38879
83385
49290
59922
95598
53969
46418
80507
54949
53401
52618
9181
65460
11652
81217
99756
79444
13225
88897
69946
32409
46799
69850
14450
11049
58701
33617
56257
79651
76537
66265
32162
3563
11975
95421
8941
30275
6501
42411
10360
45103
96695
79169
99144
13100
33009
5501
35059
40545
65123
80358
66429
49693
68201
55038
21287
50310
71333
94554
60413
30332
66663
14102
14421
54254
97829
33701
13704
31101
27024
73762
90786
26740
15102
79551
19640
3292
3923
60972
97665
78163
34713
84894
19036
31808
52661
47651
7917
1393
58517
43233
93758
66541
4729
55130
14751
5790
23429
64182
37243
69095
29204
57907
22135
73751
92980
73236
96974
20479
72088
60811
98766
42470
73974
32283
59094
41566
1910
90897
78928
88685
95501
15434
63937
1734
85099
72142
55220
87077
11754
50205
77868
5327
83147
79632
64628
50090
12437
3649
10482
12452
85980
74751
34354
84517
23044
56846
23328
12935
57092
98832
12633
73397
64912
7079
33025
67001
34867
35854
92922
23847
59041
24181
4386
61688
63494
38986
32897
32530
66545
30540
44130
22775
44017
40539
58177
19784
75936
8808
45048
88979
93398
50832
29519
23897
73239
16908
65145
57793
30225
27081
71034
1218
16157
14363
82806
14601
75089
48187
18843
19980
47705
74710
67144
55611
61250
73275
74533
17705
14218
72630
65497
89967
65032
90893
83791
38334
62335
19507
66793
84165
18493
32126
53833
29681
27304
93895
34846
93437
35353
19519
77075
70261
61160
8975
75544
35594
76705
7794
9103
37618
47873
56449
12873
17969
62506
48046
12315
27334
53929
4999
85373
62430
51978
79942
96751
68922
92702
58245
82346
39634
83123
65999
75431
66192
37967
12121
36690
52364
92042
5644
63231
64385
45237
64991
45897
92414
865
3880
87273
70192
46778
99945
71546
25383
79813
90618
56937
14992
13496
91237
47034
29950
1809
85708
32853
55170
3975
92827
88545
54430
46963
5216
71605
76815
97437
77412
36242
33025
21034
68178
7585
35975
43775
73618
19151
12458
41438
12702
44644
82719
79176
66631
8917
53572
20662
934
96717
68707
47358
80605
89674
5231
95823
51180
89463
44498
65603
72148
3524
17448
94823
99972
19472
20134
94951
60019
36202
53290
64058
54672
77245
45204
38156
14050
88739
87665
51296
47580
34191
1186
3573
20459
44391
28339
7178
70022
19102
4256
65336
56895
16180
27594
12218
62252
95843
46692
49602
85622
54203
3829
54907
26492
14337
68273
58697
80837
70505
61322
31204
46180
36819
75558
75689
69949
5040
72752
50247
18945
67730
71727
77535
64458
58632
78522
13958
13027
70496
48904
72507
41452
33491
62
87721
50229
28802
86120
53152
76662
72367
74649
66464
44878
25486
70388
59034
77148
42100
65462
49724
54606
77850
91863
6102
73784
37217
51505
55475
58169
83172
93398
12454
35027
64171
73407
59585
99775
98678
32662
68486
58380
42329
17653
78806
14006
44657
97779
22800
99652
52494
94086
49877
40756
25161
61575
96399
69278
33242
17840
74482
46322
4135
24209
92690
61228
93123
90600
91989
81156
97640
35627
56863
31467
2511
33767
62282
61245
69881
22817
23962
45864
84517
10719
4490
74804
72153
38218
36445
94305
54179
19956
64975
47761
42702
22290
86871
38609
82809
32833
11478
36116
60925
19488
16052
36502
84015
14536
53606
78836
56354
59018
53020
10141
83743
55139
44090
30159
87851
93069
25010
12314
3333
24807
60754
74434
93195
51280
69080
60285
67729
30274
31651
64692
32215
13827
95586
95548
41931
51269
60807
2950
21419
4203
23621
754
83466
7190
83519
69699
9846
23717
76883
25342
65714
79555
36877
47403
89073
51474
77319
51074
99072
59076
73901
41912
64963
19478
43413
99148
32707
1674
79858
23312
64932
31123
93480
28747
92513
30680
84286
717
15445
26574
96110
26258
96939
57429
13459
52912
36139
41953
81146
24680
32633
76753
79572
51880
45816
19804
83078
69921
37691
79071
92589
1316
61776
71690
24254
70931
17369
41570
63269
18718
35
26944
9763
94138
47906
98501
12276
43698
90654
63366
85173
3834
90472
76383
69510
60501
95326
53196
54823
97340
41582
39489
14201
34496
17339
57197
99242
15553
97294
35389
86356
16562
93113
23813
28146
45141
59301
56286
63011
12339
38941
77188
61939
95046
72370
84462
52893
20412
47702
62981
37835
21856
21432
37377
21881
26794
7819
8426
76466
669
80063
41698
10889
40029
86637
29022
60424
26868
17843
95371
53881
1099
50589
88566
67291
37132
18928
27246
34967
62923
59360
62876
45963
65403
18302
95105
6516
42213
96307
31460
24904
10347
13283
18963
77479
25980
48682
21738
68477
86116
71848
77580
4243
22884
42731
1526
25272
99654
8223
81411
53801
96729
78694
83230
27299
85063
26277
62266
53436
90998
25185
32174
23351
66943
53221
43722
78038
65048
49764
61544
11470
31870
46184
29565
44820
4139
1132
4091
16139
40
5628
50167
1491
4237
67627
37455
57333
77534
59997
11985
69358
80207
13340
89884
63873
66224
42096
38978
77902
22198
59611
65544
49226
67393
34417
62252
64253
7454
93504
47049
72446
49402
36482
23360
69601
7409
62199
43760
52486
23278
26894
90426
27617
86408
68955
45174
76328
54605
69613
42939
51752
38317
54348
4669
75908
65087
51090
14388
6921
81468
75120
93939
73090
45656
75117
34227
63501
43910
27521
72241
69210
52778
31738
28258
32030
14167
17757
31988
9435
32728
77013
24537
48024
66001
96316
57098
12919
40307
90749
14978
29627
65290
54263
26897
68549
15262
81476
57455
51753
96112
58806
58859
25238
59127
35084
67238
23493
43469
94126
32291
49475
153
17350
81540
68125
40757
7223
16810
4031
28313
50
39984
81263
34565
28445
19021
14146
59982
25634
66056
42466
62922
6763
64675
14933
38543
11235
39988
51844
26258
29402
98023
25944
21081
43919
60510
35395
400
36904
40777
75457
63928
55001
90636
94185
21037
22863
87606
5299
56016
84368
24019
14966
6898
48432
90009
64455
70054
11261
73211
61556
35389
84433
42612
20109
27783
36400
35211
36262
84114
29184
89067
34807
95416
13150
28005
42580
82876
31868
1222
91806
53208
18491
53742
80915
82029
81748
69028
81838
18370
91232
12700
24885
10498
52568
66909
41373
85144
74281
47518
67755
26341
72604
89827
57153
57863
37028
93429
99093
35308
8081
19014
43052
16994
50926
11137
66895
17135
44019
76079
43906
49352
50536
60322
30771
17124
4238
71683
16498
76651
74694
1729
83680
49476
68072
45054
24753
79757
40013
87665
8410
80021
27603
35608
3977
71073
67172
23441
71178
28421
46452
74547
25396
60246
23117
30139
46922
12252
24722
65814
45498
21235
20758
76025
53699
23226
76730
77973
29008
7574
23901
83660
24480
36673
8261
58138
79510
82160
38418
95894
33486
94691
59085
94463
65715
72271
85628
18093
41657
51312
55591
92900
53303
83511
64349
18257
22013
11345
85212
25982
65499
36391
95900
53542
32945
28653
64769
56953
6553
78579
25483
93572
32810
86933
26054
21816
75021
29254
76209
81248
15865
19713
2811
38913
34278
36509
70293
1990
57706
77282
89499
18139
15833
13842
90097
46261
69749
99627
7213
6421
88394
70677
14550
48484
46886
21937
99881
94579
96124
34375
75587
29210
76279
19833
27391
57062
33759
90015
74747
54070
9970
66280
34915
53177
71469
75287
8559
84725
16829
91207
11449
79579
76330
52401
87129
88425
35812
91282
9728
44702
21330
29521
40202
81308
33892
14710
4596
9573
26656
98394
23573
5830
80556
45374
44306
49242
58051
58263
67536
7306
55319
60815
69531
69341
37248
99004
34351
6333
27933
57396
20668
43868
20262
79980
51744
95022
41369
70406
55153
66336
87941
46060
17498
62828
72044
71665
97176
20665
29390
32509
74296
18632
52580
24368
9184
22658
36478
29166
73943
34517
72630
91779
14606
91232
14308
44109
17805
96774
91155
29196
54309
65109
21786
85381
37566
48676
57365
29736
18219
76313
85914
61562
23007
34466
62625
45937
15975
68649
72248
98996
10461
21845
81003
45966
93274
59391
10795
72096
83288
9089
88062
63209
89179
23753
7788
51371
85308
56410
79085
38769
42990
38229
88614
69406
32560
29013
85767
90935
34175
29503
30492
63018
82429
81759
76457
69951
71715
14164
94814
61889
25810
91619
91025
3649
4344
60668
77668
8891
59737
79750
82897
75772
60753
16264
49135
96124
98967
73802
49281
90360
49914
75825
98651
6961
40553
48308
86502
41870
14988
23449
99160
62649
42513
45749
52011
25755
39593
72712
43675
94854
78220
12001
55799
37989
96148
98858
13782
68105
56926
16029
54827
18442
82673
64011
55942
39027
42002
95646
74760
70742
30555
36635
81741
19300
81905
88316
46960
99510
57787
89400
4271
25277
83527
65995
83913
45476
40218
14132
77992
10544
87533
83228
58317
92948
68541
22361
59024
71321
77852
70612
26035
86028
82210
41900
77288
6869
83948
96688
28105
26577
41458
34465
86668
99153
55720
3673
58712
68561
59333
95511
56434
8796
92652
99814
74453
99188
51547
71698
21657
44250
6947
23256
93461
78225
88289
59036
42052
21294
78996
62173
81369
79768
50382
72145
32318
56594
1269
37939
30371
14286
20951
16341
45304
54157
35481
40338
14565
57459
28168
61446
93374
97873
11845
75922
5337
60229
27143
18118
831
95163
66153
19454
95097
63881
14454
28378
45987
15371
14250
90326
12488
50935
73472
77218
44768
24404
81712
2793
57011
28295
18637
85040
10085
3275
40116
4144
8186
12175
71405
97857
5573
13227
71560
95959
83796
82316
8741
57488
21074
52017
67744
24992
77870
55488
42360
39540
57644
17122
86635
39208
62811
28252
78230
54265
73693
16578
11017
53898
89973
80231
99522
28043
74718
82021
99416
43771
87139
3058
56888
51497
22561
51217
4746
65795
11100
37922
5945
83391
97883
13764
7928
17103
20354
74311
49334
31660
76910
34493
1239
92680
96477
78288
35320
67347
48153
86384
13482
38201
18670
65640
77714
96323
47002
19393
33303
1977
57424
71070
65627
96437
11063
85046
94331
46502
47931
46962
89899
1947
64824
28494
45950
18728
88845
15105
51049
89105
11849
66343
15127
70567
297
90952
45740
80046
56538
24388
38786
76124
194
21993
49820
92097
71343
45869
8599
45132
25887
11203
38916
27846
89423
91332
79704
67239
12760
21160
47889
25573
47332
70479
15486
58977
40225
4341
66453
23796
55897
98717
49167
11500
33349
30045
46233
20330
67599
41090
97060
87035
78796
89607
87440
52121
9524
89341
31623
21743
61942
16511
51407
13848
63233
37219
88983
53570
42848
69894
15207
35574
16197
25230
26893
11067
95966
14694
32853
44368
95889
94633
60159
56811
35973
30189
46489
15392
11265
79452
34320
82695
49703
56306
8829
18731
74339
5730
82047
94515
70366
77748
56071
73363
31084
73599
53669
39498
14557
5713
84687
55544
63667
78289
9581
95802
23897
40975
33674
20582
49779
40299
16489
69545
79421
48919
99639
12801
71270
34688
29718
92791
71472
15291
87775
19415
62271
6223
54288
33371
74247
66246
40422
30650
64458
23718
24676
82610
61005
16758
23683
36830
67861
48586
67401
21244
74149
37893
8986
65318
4793
86836
31460
51928
87970
88746
18981
26881
11226
86196
97673
97801
42859
26541
79057
48769
96807
66858
51841
70724
68958
94708
25255
67261
42993
41955
72606
31270
81937
68203
6981
57863
10963
77896
23476
54249
1088
79569
58219
23594
35390
14281
39287
92496
93591
44742
80552
51745
45825
3317
27727
73435
55711
78346
60376
10822
42814
91564
50728
60187
88662
7446
8000
24134
5138
6960
69099
36810
27068
48159
42188
91952
14506
96451
95640
76538
61900
51653
21244
36892
61896
44829
98735
93343
44688
22450
98422
72528
50551
91093
99232
52765
82257
32449
96860
92946
30114
31714
56046
72178
55252
84522
57792
17943
255
83731
13609
74365
14847
10454
23673
68595
66195
54452
70242
12942
15053
78787
37481
37296
97233
34632
18151
96244
99062
24532
40764
15742
26789
19489
78250
57651
25628
90326
76544
20415
20433
90364
49092
23696
16876
37400
7462
90534
93815
51423
34929
70784
73524
33695
75684
54869
23046
29373
4318
12604
68084
40888
40200
88944
93555
13408
32822
7354
51852
70976
55019
16119
72296
35155
48054
80231
28712
68548
5530
56795
49089
70363
70723
53637
71472
7544
96644
57259
2498
58028
86320
53786
39968
7530
3145
30526
34303
28909
65229
76359
40160
16359
73519
69444
64063
2201
30712
3562
87376
26473
3472
62694
45421
47295
88511
59387
81721
29024
39692
82580
28079
8161
51274
63960
58369
94740
19914
26655
37524
32358
49773
73327
82660
63803
70622
52861
55545
23051
91433
3807
4284
98010
30967
83744
63455
83893
91350
53754
3002
55648
84635
8597
84682
38
53169
63285
10547
50666
65984
36776
75097
68825
7443
84563
14432
10000
21260
22071
74963
20558
30693
61478
8590
70214
47697
74569
83525
62067
59747
51464
48542
4852
41630
87246
38964
95281
25402
42148
87558
8452
25238
30395
14391
51744
25328
93418
26598
28032
77455
595
52529
39099
55528
17056
97969
90685
639
37174
7615
10300
41849
52637
1299
80386
67575
25222
42005
23113
42480
61587
45181
61375
59473
23455
73159
98065
10667
64373
15462
18168
18803
67043
60761
93584
43736
10211
48267
87451
34703
59811
37261
28489
57267
99459
12271
99105
43033
88287
2019
18478
84667
78459
25522
12809
86462
36893
39049
80717
25609
73823
51192
88744
43418
50375
59958
99152
55537
16845
15351
34197
59020
75692
32728
86071
73651
83312
92063
4737
19985
68330
47026
22086
82232
594
9226
20052
61525
52809
99954
5748
58567
8960
1986
73611
32520
83513
12229
29240
87658
2816
85464
49844
40914
67586
3598
9153
25400
19183
65507
41556
92689
83601
12122
45384
68625
58668
20562
39133
69600
7067
15939
17300
88584
95223
29766
23171
48762
97124
76452
35533
2079
58109
79387
60495
73238
94316
1652
71147
39413
54751
38552
63600
23901
63343
72284
36791
36588
44544
67136
62690
21092
15214
51358
29867
97652
93079
96350
69158
88828
22009
90156
41707
55397
12897
5996
66705
50927
49381
37338
34152
10396
6600
39470
26980
63011
97763
78514
22591
79247
65186
63176
58618
59346
56807
60103
58973
41316
68505
99418
31019
48083
19860
42381
20358
12308
43015
38514
15847
43280
35045
96784
85924
64426
59637
11774
11442
31471
87088
64265
28530
93682
28922
76622
8915
25278
84745
46142
15629
14858
13879
80802
95716
77654
85497
54699
77117
86452
76949
52054
21177
62103
70063
72060
35788
19516
61381
49651
83293
78152
80585
13769
83757
45305
70583
45540
35738
94353
43417
38068
25429
55823
76016
79516
27083
42214
26484
21958
48597
37005
32589
49178
52475
97376
88011
27804
65645
79698
58660
68006
91848
57451
74171
227
56783
29247
24701
46707
29387
73509
63022
91915
7466
513
94953
68975
87550
70014
69647
52566
52172
30827
47655
55717
37562
95623
9359
1654
75246
68269
18267
21957
68513
42288
18237
84544
72332
18110
50154
19979
86713
37277
36832
41065
99283
9943
70845
64542
56559
29298
97811
16545
1380
72685
29196
59446
51101
26423
73266
1990
86443
71044
22943
84068
73806
88858
93515
6198
64993
10937
4841
48992
92645
90788
29217
29690
49806
79740
36085
8731
73618
66946
14502
16143
82114
27366
1350
88445
95515
73816
15945
24547
12105
70494
41510
43754
10950
26649
79029
35586
22453
71331
64682
78459
14078
44965
1920
40517
91828
41521
38729
32108
91331
17548
3586
94040
81477
69349
34123
35494
52648
63070
78205
24679
8011
43013
20644
70378
66209
89501
11142
99891
29867
61962
70985
81252
37945
39656
68925
14842
80080
5555
67501
15669
95253
167
44752
68899
11146
17115
73487
26075
8043
49341
7259
20601
19457
19915
18078
15750
87145
81356
43570
96835
41012
74620
33318
43274
76335
19114
92995
13419
70516
45684
87171
76586
23809
70286
32220
82406
74027
81915
30574
63969
28779
29432
92242
64684
77820
24129
80727
79843
66840
82623
4336
35514
80526
72064
81067
45428
3543
93300
56502
1348
58435
94122
80540
13772
27352
27033
87334
95000
53491
41554
49247
37578
98290
1448
57936
89487
77806
95974
32851
34581
96577
23893
324
23149
19683
894
63686
70049
31383
98145
35602
40555
71272
25885
45924
53215
39785
8141
85971
37749
5997
88491
22278
66040
16403
45576
82170
92614
14950
79632
40220
51606
26750
57694
37186
3908
18135
53175
24449
59930
51659
42576
44122
83514
18606
20154
43241
70919
75402
26745
46139
91626
33035
71361
74145
79755
6251
12054
25984
80855
36937
73944
63525
15918
24163
38366
82411
613
18970
9969
87184
94846
10392
34850
95046
25390
81240
92741
47728
89065
13471
56251
14650
47727
62465
60220
15138
42429
91813
70773
32514
4537
27862
5411
21861
45340
29732
41414
31384
53178
32155
72905
97446
14918
62232
46739
42993
86143
41301
13685
39740
8802
47666
95372
4297
26583
92085
50359
76266
73194
51777
41484
64834
29260
90043
60795
57269
77442
53864
12343
55317
35637
17270
8741
13114
92953
57958
90899
23058
97855
26380
46198
6946
25769
12291
1459
29601
10083
76341
49176
65811
55969
64516
73783
29884
44296
52397
1230
625
62102
73367
84968
53229
9170
65505
80587
44877
3573
9020
90631
29880
98241
26617
89060
24171
5581
18950
70961
97446
38995
50476
85053
52506
44706
24739
33850
40853
92445
8523
70594
26318
24295
53973
69755
40019
61199
61518
99005
10040
9294
33995
72892
30230
56468
40569
32501
57814
66206
42394
71575
34578
47246
69444
94772
12263
30633
62004
29464
21563
52990
8446
64403
55487
67623
38593
89552
45057
26505
46382
68419
54525
84672
59579
81857
33546
41009
28617
19638
2214
72933
27134
93634
61190
58612
67995
12987
65689
98900
806
34446
77788
57322
48006
9390
3292
37794
30143
68943
41975
34613
49803
14777
6681
54126
99693
93899
97392
28112
41830
12616
57462
56604
71596
87492
6785
92333
91246
97072
1058
74457
51077
8258
71532
41539
27456
16789
67165
20112
14910
86709
59405
79346
42627
90524
25851
59656
67511
91737
23387
16441
85114
69567
99029
87604
96531
6627
86962
60412
16195
50856
96334
35088
95517
82606
45448
81986
98272
87689
41461
7142
48062
79853
1821
919
89878
25334
25549
2320
68800
38668
77143
90887
58104
4599
78420
88037
65481
13376
36233
27721
84151
87701
16854
91205
86374
15883
34300
29648
35569
17120
55063
2000
35752
12953
53807
85547
8830
47609
51541
25460
65749
3931
14035
56823
62659
80084
10187
84809
11080
77774
73313
27937
46802
45439
58853
48515
3056
90352
77688
63688
61173
41533
51957
12390
76360
77399
89584
33729
95956
65974
1969
34283
10535
93370
28299
20689
13963
58332
3609
85385
27370
6662
73921
35795
16814
22556
52571
70085
75495
30251
33916
88216
17629
32204
1687
29960
98415
16054
28276
75743
1388
27130
69003
85848
8505
87883
74048
52785
33262
76170
83401
20238
58545
8451
15928
14351
42490
94976
15028
79188
44358
60040
54718
85549
96052
20440
87435
92504
32876
49264
62996
19676
55908
68095
34243
5836
36717
81396
74342
86819
5595
40101
99429
84943
43231
5825
54019
70081
10534
96417
14360
52957
20084
44565
32946
12974
49950
26416
24144
57247
53231
65667
44010
97717
64501
31244
45842
55297
70472
70970
1593
12940
24275
51739
54573
56815
31873
314
36470
9557
37231
93013
92534
99619
68533
96055
45347
48711
88714
82304
76270
57222
10227
10580
73119
33718
41550
30153
60929
31840
23603
48783
4509
56495
10031
97908
98713
43194
99488
68971
94369
32260
67537
95238
72750
40458
80204
48374
68317
83157
4172
76928
29777
74378
16354
95399
41232
66792
77398
99265
96301
23635
91258
85557
61628
74376
75150
12931
65134
69119
91484
98457
93158
78305
5617
1304
87261
58270
59336
49786
21400
92927
32724
78952
48810
38577
32246
51721
22092
64747
80166
21315
12032
80227
93699
62801
1454
53355
89488
5561
85135
19847
1289
38884
16080
8266
30071
17613
1197
92944
44669
95978
3322
37033
62036
86548
40342
71091
87436
33037
12999
29001
39603
60427
25377
90234
51607
17543
6777
59087
93692
89605
13560
27979
35102
81844
83355
92376
14898
6784
97190
43969
14519
7279
92941
74369
87130
14709
70640
58129
34776
38380
65073
48008
33232
70877
72409
89725
27748
14993
42266
74745
57034
33197
60993
22239
17198
56488
89329
29829
50239
43392
1684
24853
15031
48268
95438
14269
38749
98119
61636
16118
95997
67673
49986
93562
21081
58728
91126
16647
46665
89451
47974
40623
87510
96571
43299
85807
70401
77878
11424
27450
66413
81791
91835
54951
55228
32771
1950
54986
66478
91645
79261
65100
80011
37426
66059
8562
46104
44589
78481
39709
83230
7844
74949
73637
94047
5564
48371
28237
94827
34232
98911
81909
1213
10328
34679
43461
73269
79753
39408
44266
85686
75201
16749
32925
81457
96986
45145
36217
58992
76789
73657
20653
66559
41387
48518
68228
76251
43453
99132
52689
45162
97643
94879
44218
78859
48023
54526
66184
27096
21480
84883
59092
78623
13895
51616
99439
86568
28255
4539
43263
27682
89101
47143
39513
79345
92975
92939
90384
93238
88966
62495
67608
3495
30307
8072
93552
13950
46250
159
3217
53906
25543
78954
11623
64129
39056
31447
78593
51798
24730
49152
17294
5934
71314
21757
76381
82287
77693
47631
88908
48328
72611
43765
37332
3383
6911
7651
3892
85749
99909
23287
83906
60905
56340
12289
22667
13813
71089
23335
8914
32951
86559
88137
61456
29702
98034
56740
98634
19783
15850
33759
50800
46942
48982
81522
77016
13023
76916
76449
16433
28453
48601
86242
5714
5050
30189
89182
54234
69177
80115
44701
16864
93208
39592
27392
69048
69531
18270
25307
90222
3083
43312
86461
89621
95799
61447
11228
65150
99352
60636
59303
20088
40660
23451
40602
74911
22632
43251
23456
62139
86110
60072
11507
31548
2029
63776
6511
70064
50038
71476
82342
60561
63748
56486
84117
46872
21411
22031
11260
89951
14875
39383
20779
2943
56716
70206
41084
12726
19707
8845
22762
3659
38097
52078
86479
91418
54098
64375
84369
27537
35057
41806
96595
99309
89084
75026
40147
21605
5279
66402
16943
84180
89018
90106
46607
51240
97942
91755
41025
80621
91809
14872
35874
70547
42808
48866
75443
54982
58590
94015
41808
11075
50434
17243
7639
71861
86347
56946
1596
58313
4269
95036
92148
9179
65063
39150
25446
40112
62459
80083
57424
275
65929
50586
83044
33595
60060
10261
43340
85033
62777
42431
86752
89902
9606
58983
38056
96795
44811
72186
49258
93671
63819
41685
46733
4454
52455
87819
83245
5843
71649
49428
55389
65479
69477
93154
92959
38679
73189
42196
55972
66994
42999
88759
6871
39314
60652
75507
35944
81907
10473
46912
90274
33449
18725
23197
89510
95529
99177
55493
39432
71514
40416
46573
96202
10944
69081
32006
54454
99091
35350
77096
68401
56093
33413
72404
17134
44517
91812
86343
26740
25997
53750
27168
99114
79805
65635
38139
96529
79670
53928
14164
38937
77703
65485
53605
69588
34394
61931
39718
48398
13240
73353
82282
67747
59220
4214
3198
64331
66817
18601
62402
31325
11051
21665
57694
58756
49677
77065
1584
68706
77812
30608
15274
49258
1194
26454
59376
31578
15679
31357
66985
46963
68781
15877
50025
93339
72529
84867
30555
35492
31635
9676
8828
21920
64648
68249
10145
64536
55973
90464
84205
38479
38695
50655
91552
21386
28028
83221
56856
31210
75992
27471
66048
91982
26400
24742
43508
69107
40807
78920
18884
63304
28365
75230
23856
25601
71436
95160
44673
14925
22036
38589
47859
72266
92299
62416
16868
43210
81671
93925
69578
56809
62127
84275
84907
91027
97738
31360
54854
79231
75510
57534
98253
90113
90207
93699
79085
83939
29643
48448
22881
27755
12990
47487
93457
79114
52959
19708
23368
28815
20145
84655
23765
56582
72314
37231
38027
75979
60208
63855
82659
84265
86242
11219
44534
9062
35586
21870
60848
36414
39070
37889
99223
4036
57703
67226
19610
29103
11993
47387
35428
85895
34772
27514
16771
71040
38886
10634
91070
33771
98869
12947
62980
43088
87363
76385
89823
93623
61711
22752
36881
49652
81386
3378
85060
83071
27211
29114
79979
24308
15284
91891
54442
3007
38212
66366
88913
73058
91090
97331
48331
65040
18372
53673
48772
58412
12820
64674
16909
67352
35588
96333
41577
95227
64723
76190
79932
58333
45961
13731
22201
32490
76892
24336
47650
50250
94278
31433
65826
49931
92600
3180
84999
18464
70420
48523
93469
83112
64012
89307
24186
76063
9704
96188
72490
23118
69915
30151
30497
68065
92176
34416
36234
48328
62527
78730
48356
35226
36537
23011
56752
4217
21661
4053
69410
99746
52156
35792
58042
18425
55324
56242
71045
77073
8685
8608
9134
70872
70283
57273
98000
9344
61618
34517
81434
29607
25473
40355
74467
41267
99362
94555
10938
3818
99141
52310
50441
57782
61339
83390
8779
47352
84544
16947
70437
52067
35919
85294
59250
59935
52681
69875
58089
37823
72088
93755
15334
10854
18478
95047
51517
26083
13304
10901
34603
98679
75571
29492
78505
84458
22128
10506
3548
44937
55194
85239
82353
63594
9684
2810
61305
98099
75375
75577
97655
59132
78350
15977
97134
10434
85936
57941
38319
29176
29082
48321
64082
25724
30010
45240
92199
68334
77522
38821
33696
80617
4662
88092
10847
10148
20326
79103
79077
43
45901
85882
68782
97560
31142
31311
85190
49330
37808
4886
37825
32853
28923
83944
23282
9187
93006
13546
64792
83405
34877
53967
18788
94378
6933
99417
79761
32737
64710
55747
73250
70964
99128
67182
35660
950
49991
97747
11131
54448
69058
48895
5832
94786
75171
9155
48323
4080
88411
30402
47972
50264
833
45633
16071
46706
73872
42767
67472
45445
60243
59202
8421
53133
15305
16858
73045
28408
52227
64881
78573
40956
23846
11878
85399
20370
43809
75282
13731
86196
28685
89187
69688
89732
76654
43882
64670
60777
51410
47775
71180
25895
61829
67334
24414
26394
44699
20037
87182
91134
66977
21697
1294
53548
20317
32554
61195
21591
3898
11014
34792
68003
77371
62049
75720
28807
19511
30539
55155
34986
89548
32451
54831
21285
99847
87640
10902
32698
63558
61630
7734
32701
71910
8121
24152
58040
33758
40437
23999
22669
694
28418
64889
98527
5929
85624
47679
255
44044
36334
65742
50358
81793
16832
17320
72155
54768
72750
98692
14528
85941
84808
35544
76848
48078
46537
92289
90419
61902
39120
8963
25779
21495
80359
5848
73499
43932
93464
1146
70607
94135
53640
75451
1598
72846
93418
86039
29471
52946
63343
32700
29243
48480
15888
12556
97796
43593
80387
20546
86646
55093
30935
9180
68787
73145
49501
89945
11303
48510
74687
58515
36103
20655
51615
11544
15942
50524
35119
21306
66855
17454
53961
19621
89008
92746
73913
89489
30696
2934
49324
35942
76504
84366
46642
91375
39459
41560
24028
42455
12213
59113
83659
3273
16593
92469
29634
65788
90229
60803
36819
52592
59211
10081
10693
32113
39280
5004
96613
10839
33294
99136
53309
77349
69675
83867
2257
75736
16464
21584
79664
4699
46036
34698
40170
17913
68472
83714
68716
98836
63601
28722
51627
36690
3344
82620
66949
811
95519
99716
69510
16238
40691
22519
92984
94666
23602
54006
79796
36987
4772
28719
3068
17231
85439
66402
24758
10093
56844
11471
114
78837
96777
8308
72446
35830
29631
43665
73507
62750
88361
34727
8140
54115
39176
17433
78482
54215
37441
51457
76154
97440
45455
43212
22205
83693
57031
39746
7137
66606
22718
40876
43276
99807
374
734
54919
44243
88690
81702
19583
7570
80990
45210
33593
55480
11446
99655
9815
45802
42544
43837
15044
20937
92188
55357
1247
59848
14307
5674
85421
66694
52951
50138
75378
46449
4809
50793
62961
2146
10217
91324
97071
76451
78353
33564
10681
77379
1490
92864
91082
26716
28005
62791
77689
39810
67157
82371
47345
88673
51147
86633
6991
17235
33805
75072
80100
83531
42912
11993
95972
66389
18111
66623
36429
76716
86567
4085
96096
33883
59162
41375
95333
30320
74838
44115
67511
19470
24887
45082
65893
41844
97837
74286
60644
53329
55164
18613
41568
22520
59597
78805
43759
60452
54778
94549
52895
94991
43810
83828
80704
18670
91954
42149
35294
50151
96979
58169
56716
74106
97019
67897
96179
21721
24364
54041
79228
58163
14351
42790
34541
50146
95544
34662
23646
95179
67607
55281
52148
48762
39773
66744
79854
74018
96667
32692
75792
14012
18378
95573
81094
16188
4567
44058
40790
71418
78162
37015
56933
25383
40105
93941
87246
97011
96795
64890
8115
95472
34875
69591
21111
4564
45780
10580
95508
22916
6645
83623
79389
29462
25858
20689
91315
28705
21621
8481
35657
45324
37632
605
50006
17415
14188
31225
71418
12337
69743
5488
65355
79244
38088
61452
87116
60436
15419
34388
65135
86829
85080
61487
62389
58211
37076
86314
63703
64648
99105
71545
52219
80799
98426
63372
59823
61546
86188
21797
78541
66266
53
47532
70240
79880
44697
90899
98004
27929
88680
27844
36803
34552
16414
68768
45591
25563
92569
26164
91468
52336
68284
25056
28810
86192
12024
68790
14543
21702
28080
38067
37542
95149
90958
46883
75909
63738
85037
68302
10440
42536
32171
29617
58935
2230
53869
31593
5460
88636
93183
67782
13924
20449
16620
64793
72340
80503
85574
51587
7173
47112
93017
93007
33794
73989
62552
48648
70739
87007
68135
44843
50788
23435
57922
27371
37384
65454
97652
6673
14346
63052
92678
51636
52890
97348
70317
41227
57742
32427
75643
46714
14036
97576
40465
62708
31017
50508
52007
94224
85620
97828
97680
87832
20545
78796
51443
13505
54871
16133
21649
27122
23779
32004
77999
2098
71496
16849
68311
86581
96645
21528
19705
64834
16083
65091
62431
128
8960
74707
13444
45696
49226
97155
66259
88376
484
47403
19896
44495
17022
80879
93802
15245
45255
37529
66220
43359
25454
30749
20826
45676
96402
31576
81505
57753
65158
94716
15900
36109
67439
56019
64986
58211
20456
58684
14910
18987
87649
37962
50881
20180
12650
26121
5942
49916
80891
96735
3441
53179
46192
50483
940
67841
8352
4648
83436
31535
48382
13590
96359
45802
16272
30375
58406
32065
76060
34525
11283
96566
50410
77417
98179
54725
30705
6738
81691
58711
40817
44098
4812
57888
27540
73398
52790
98605
52962
21676
2806
13023
22906
89983
60111
30929
39817
3598
12534
32641
81311
29543
97781
17139
69994
14557
99319
99436
52723
89187
79604
96440
10585
70185
96758
57801
41688
22540
89339
47686
29906
93079
23427
41133
94471
90505
73125
29754
63368
56514
82534
67697
99622
11807
33109
24150
31085
52493
99917
82633
38425
57576
89645
75471
3323
51849
63864
12888
84982
97794
86100
4700
62978
19534
82
48468
84300
73106
529
92054
87792
71619
96109
54201
15793
4611
69068
84917
99471
11292
18482
92867
93661
24073
68409
6691
30062
62947
61798
2945
86170
75310
42237
77480
33749
87122
16264
92384
91385
823
33288
77740
34430
71782
67351
77296
90418
45480
68990
17676
57143
16106
29062
75651
18733
94004
43309
12667
26583
27972
97435
74550
93893
8680
23416
39481
72691
20671
52177
14224
43964
55799
88425
79862
86418
5277
55153
93495
47633
33844
81248
78500
30116
90036
36573
92044
9211
37761
16103
45332
39033
15419
55291
67581
46051
82753
40394
25528
63972
46603
85145
70205
62503
615
48641
47804
76397
19728
40585
58027
73388
21446
85382
88993
819
63592
26598
33646
8986
253
91535
99936
69319
93265
32905
44255
42672
90326
22510
6296
67132
77321
49294
45852
56712
94480
42628
45835
52109
53463
32816
7777
14126
21660
18020
19952
9846
6387
5900
69249
62350
32712
66249
17202
70900
5758
42740
80520
3769
78880
86879
28421
22145
31795
11649
86394
4801
84927
32114
43155
21406
63466
51319
6449
41161
61262
48834
2923
6356
77554
89769
63115
59939
90710
8769
415
82283
66387
61497
99443
27788
81530
67920
42473
40112
6864
80121
99292
94007
34759
3577
49175
95574
69009
68276
82782
67108
11059
47119
29248
69408
39091
71861
76242
86712
5446
50201
26024
29182
28333
71071
73192
24193
62374
57946
45449
67161
31838
94340
1631
81698
13965
60451
4673
47937
81642
83981
20523
98946
39371
77542
35685
41459
6444
36855
29599
79946
53938
78389
21552
79815
41655
81528
58945
81505
55907
24491
45057
52000
44954
67230
14627
71883
83710
23512
60402
85688
94147
64211
9387
19262
22660
78241
50367
95583
69580
92260
39948
17187
39265
31010
95414
20759
95631
1304
38350
6896
36846
41523
36594
83504
89344
81598
89877
9569
87145
49345
83033
59756
9742
83339
39160
96136
18624
57132
50071
22353
30875
77376
30333
16868
82907
50454
51095
49692
52273
23107
94979
25664
300
21370
30783
62619
69644
25513
89343
68865
81207
56082
908
32758
16583
60673
50614
32555
67169
95032
75770
91856
77340
98707
84095
69274
61058
26086
66993
51742
86073
78278
87203
41600
51759
74077
69911
55926
21625
8978
81117
85758
14720
42759
14266
15955
53436
62832
51491
48833
89178
66378
34411
26898
30317
76330
99420
90694
75759
87005
49970
64436
83430
52953
95374
34928
13844
8435
95614
41895
52155
16012
22821
546
65134
42166
91816
43961
20608
75188
98502
52672
98280
35643
11117
14070
79886
85025
662
46311
60995
23506
30297
63722
25825
84327
43219
70266
90720
73732
590
66467
2552
55398
98118
18337
30419
98129
47332
12485
95191
72933
17310
78726
99092
40924
91544
69494
92892
14293
52043
76336
4016
58406
23406
98117
90371
76767
18912
46902
59956
64799
35740
55962
85447
84988
84802
8324
70161
95271
5689
14359
87705
76516
49580
41452
4958
5351
96511
61057
95398
49128
31784
23057
67359
7181
76900
88792
52059
15446
30036
52170
65702
71315
59742
97027
35576
72901
21012
15631
59666
41568
96806
73189
89006
27522
5319
44636
4722
61701
66114
60952
75500
27111
27062
44885
22882
89552
44488
58302
11028
11274
56991
17395
21385
42487
96322
16340
53367
11906
97789
23549
47049
51709
70761
10266
88256
97609
90355
82373
25039
96623
93765
84428
31501
85932
89855
72230
19914
2916
33401
61935
7985
14931
96770
78000
92003
1797
1489
20923
56550
89400
47360
74803
76633
38907
9171
36605
15923
37228
60513
76421
93285
58918
31008
99032
48792
42717
37672
70027
78144
25858
64342
60247
81361
87181
58438
92973
15752
81419
70170
74547
12792
25582
3952
20853
36803
5666
28479
3506
41921
71599
63757
51307
62450
19182
96163
85854
17145
53031
93259
52168
32328
4470
14810
57066
21432
54861
88069
52022
99129
15435
94262
44473
82557
64738
90511
59377
41791
85063
96979
76900
21890
34642
7815
75049
65225
69507
8526
37736
64535
21042
19132
99055
79727
33396
84684
71862
32588
64056
37022
46271
78273
55260
1370
9357
71298
53182
250
90458
93334
20188
62282
7917
48248
62682
35599
44286
91706
31886
92647
56433
39156
50193
85962
14531
92283
712
26392
20133
31859
51474
27160
12979
33353
42634
86545
92969
93042
80026
34612
69786
93544
17166
49019
78808
64842
68572
75772
8416
48650
51258
21437
12808
61013
99551
44308
96993
33804
70703
93803
45027
49849
72475
17459
94411
8809
74200
20685
25279
14990
1747
13238
42290
15388
86137
30712
41059
9380
44883
41653
89662
76046
87200
99827
24681
81199
9146
55971
69144
70075
22646
90189
13964
34413
37017
71319
68536
44551
95730
57350
62993
91170
96458
52625
65978
60123
2670
34678
93116
80425
94442
56733
71612
17621
10937
51958
33229
70840
27921
38309
46106
9995
95409
43347
45398
44115
20935
99396
77520
56277
50610
34694
93454
9762
14652
70825
75749
63313
26731
64006
19577
94052
31502
74061
59613
35702
69226
69590
5469
12011
97839
23446
84031
32602
41817
2233
48905
92533
11332
50166
32050
42876
14301
37703
70362
6995
3425
40793
51090
42389
12455
62930
29239
34416
20689
4083
39040
71666
88410
97856
98260
84619
93486
20500
48773
34633
39051
20933
73338
48243
50979
55731
96014
72325
97516
2428
41680
93801
74984
26978
62909
82446
43576
51683
73375
96841
42743
20564
56351
94548
1062
53092
93458
90391
16749
64472
29036
64510
76289
82803
25462
51027
64930
30074
63892
86474
14414
90822
75650
9195
83072
77224
35821
73253
26250
9688
44199
33702
55739
91451
54511
9409
27060
22366
63684
39766
21977
44346
27247
30360
38293
20762
72383
23150
54613
52096
34027
71812
2667
51629
55134
58509
99813
27087
31210
29659
17366
45504
16090
97379
47127
76587
91581
76465
91446
86239
67804
64586
29744
34338
41953
68780
92320
77667
62661
89069
758
69959
56893
48867
37207
86633
22450
45744
16385
59623
95451
70540
81628
78990
8650
25568
7196
42962
3026
95690
55988
19861
29765
56329
93005
71914
70329
20819
59466
15591
93865
69429
46183
49456
43474
71241
14284
84561
76896
51799
81144
37482
44772
2419
19055
47344
9935
80905
12578
65589
96884
69531
12928
93420
72696
49180
69515
44918
60126
17368
69531
48806
82776
56360
89211
33630
2253
2291
77857
17889
88534
25927
44220
30908
46086
68418
43576
78905
88261
61357
38973
65274
44230
61804
152
57078
17232
60312
60716
64191
1796
47060
38673
35445
46630
56886
76981
72701
10872
59799
96588
54985
78472
5056
21621
39644
95004
67887
57994
53271
89804
32936
23317
12869
42055
99811
59340
3523
3698
9801
74729
23418
86974
26137
74957
45860
58945
76066
19513
93107
7444
97180
63379
41996
33416
92894
11787
53853
74858
73640
91712
63387
47393
91820
24758
93296
18711
60139
12124
78042
64324
9193
21066
72800
3100
55862
20586
66475
5760
71104
44685
77109
89945
26031
34292
64763
53633
60154
13855
92596
66708
53267
37451
99773
5614
25828
64877
9175
32984
16608
41602
2965
19271
35147
42109
59221
35379
34939
4487
82724
51827
1590
14735
77448
70453
684
79745
71350
36522
92183
69065
73391
14330
6220
41104
88197
57157
95138
33273
77049
53788
23131
12066
98996
85928
25902
90457
83931
30789
47391
99356
26666
9604
34293
89134
85577
84085
30388
90150
34761
20343
15075
40361
12157
78968
70688
77832
28491
86511
77855
60592
45355
35018
73114
14837
36027
81293
5122
73875
19872
14067
74609
70196
94496
21303
90039
73451
57651
46227
32744
5287
99164
66242
85111
15466
66302
30007
82890
54680
87585
68118
51197
94140
41279
38692
20641
41636
6927
27581
22756
29288
20581
32796
71093
23182
73525
3146
66283
22642
91466
20108
59576
62634
87214
93014
71629
19657
47586
74076
69614
24466
67983
98891
54777
43604
99233
28248
37621
32563
7253
19846
44973
22054
11926
79319
88603
86208
51290
71878
32156
40419
75304
72776
79848
72847
36466
97521
12255
27958
52980
74660
31173
96909
51979
19639
66617
90823
88412
2148
98022
90831
59719
56205
53925
11774
95731
28861
62419
34419
88624
37055
10707
95395
81645
18450
93607
54097
1156
31241
49049
95504
31028
61358
66372
67803
44177
91836
930
57723
74817
34053
7055
13652
94099
60075
73205
52489
57078
22392
51017
69641
75136
89774
95057
64627
90917
40093
32517
34053
62397
82184
19900
48600
32491
41726
93503
21308
74069
39605
30935
30575
54731
72773
59002
54907
73848
6309
77017
73320
8496
72376
60282
54257
86535
48497
80744
24037
87340
45847
56356
73452
95332
87003
84329
42263
27207
58521
43381
53294
88154
60297
99597
10491
61805
37634
43310
65663
13183
93090
57384
49528
41050
83766
93381
77968
11113
54389
46421
21390
18736
20677
3936
61021
1681
90352
3561
88258
52612
24148
86719
28018
52654
32702
24637
68077
76660
7092
14501
38211
70862
55105
48403
17074
85702
6818
54703
52996
43927
18139
39619
17604
69789
25394
4124
2501
13869
16560
56290
1572
32958
70376
66688
61970
28817
64129
15024
81143
98207
72621
59040
44635
75507
11466
9438
62598
3319
26921
844
56409
87880
63825
89801
76429
68114
73407
10869
25293
74323
72654
48304
29221
46621
93950
83991
56010
10714
29298
72982
53749
44372
98171
80147
11020
5293
36086
37291
63170
58286
2003
77234
39882
67794
27131
78121
83596
19215
19850
22073
20839
74134
1193
1581
81599
62538
76448
99472
30920
25026
84556
62255
64724
85660
42398
28879
70147
14663
82677
89732
4612
49075
76208
99258
10259
86158
32122
24897
90688
89690
12171
67278
38624
11774
65400
92941
246
65283
56682
26182
5192
84035
4906
44989
71149
27950
65908
78784
63659
11223
92927
98293
31876
86080
49931
85088
38408
13020
92427
94091
66344
83235
31579
47885
15765
36007
7522
42744
2961
59734
41967
50277
97722
10021
39264
13596
14353
13419
82455
71265
32618
52788
40123
94605
80960
74956
14262
80152
75456
54324
92082
83457
97686
60100
53729
63787
85232
36198
99658
70958
20450
18549
62229
79168
42533
46356
68010
96768
1731
93868
44248
70057
60440
81094
72092
1472
25490
52939
46724
16626
94812
22372
5310
29723
55029
32695
69833
90957
30854
6604
23918
50793
11857
82396
33806
95419
3702
14536
16488
97386
48732
53908
60087
36862
42036
90666
68057
4238
42507
81356
1438
75146
56826
75470
48935
88173
16851
24446
83855
31812
70765
38571
37662
84654
18730
9573
18423
50444
86399
52409
92145
76062
89642
36750
69994
60545
25831
74675
87265
55263
20054
57964
53116
92877
9847
65825
13951
99361
16105
25757
58617
78344
85010
35633
30940
89310
22244
38594
36462
35005
57088
5495
65153
90329
86689
10087
71484
16068
72267
1013
20397
24982
52519
29272
68335
29599
95000
18810
72309
29442
3885
41476
33218
65895
94918
98189
7615
78500
25511
22600
32640
19143
11354
93020
19798
26818
30907
72956
74083
52453
82521
24004
39490
48316
35650
25403
28429
7361
33120
82907
78480
99307
64815
3472
17332
28068
49171
13170
98101
66323
14268
13984
46058
76473
16755
63950
84162
2535
40297
65491
7356
93416
8686
30351
97665
64220
93825
61467
51665
60548
44051
98886
39119
1895
25349
98866
31045
94478
38489
4087
59416
57081
57403
17845
87581
65790
71206
15593
6940
69199
96157
68956
43319
97054
29598
49346
78628
876
84370
25881
99053
73294
68942
39616
10302
48449
8581
31102
97624
82115
12467
64957
12696
80291
32813
89939
72889
40809
3878
69672
38753
32992
34959
72322
91845
94965
83224
58424
35658
53700
45880
78187
50500
98673
77282
25826
58156
82233
59896
18023
58555
32122
51108
89027
64030
29881
27026
28842
54275
84487
77531
23247
81309
40892
96637
36181
48259
64759
73474
89457
87957
54966
37937
8447
90736
87447
3291
61786
95079
96042
37552
544
250
28584
63803
72756
23100
9845
25553
48052
41961
43282
45915
77211
28315
12536
67768
22598
21444
78062
38171
70154
78189
39384
45505
6147
34796
96653
3871
72559
39056
15030
10719
19217
7690
4623
41927
87216
62693
94706
6146
69607
84801
902
40491
26111
46795
13793
4612
92414
18252
48649
88459
71132
78613
86751
47059
73665
80885
22712
96645
54236
31135
28422
38455
27798
89270
18365
13068
36427
54557
38957
96953
74305
48514
25812
97389
78695
14124
545
72104
23560
86040
34139
61131
26692
77998
56237
50357
62782
78475
16138
41516
64689
34830
40091
96281
77100
4260
40092
77404
20392
46742
46343
67373
11872
60772
40919
71404
97195
88945
80246
3910
94106
42628
93519
98365
96562
50598
90664
4784
4116
45110
34971
13449
16411
41793
32257
95660
12342
51555
52529
50374
88683
83473
25273
51267
14376
85031
31777
96029
93641
93520
56798
54015
8494
49547
39845
30900
14259
19429
26037
57217
20635
47615
37288
66235
17888
8507
19479
3631
25471
16816
97143
17954
58340
90840
33884
47109
79365
38364
42454
90962
11875
44489
73926
79384
64846
3736
11983
86902
13835
90815
51664
30151
63604
43077
11484
74697
82036
79098
31790
26411
20218
86363
23514
43041
72883
62163
39326
50784
65632
99530
69889
13462
32959
68528
53702
79634
56360
52030
42903
91664
81975
50733
35906
97114
44992
78232
349
26332
12175
55922
58118
87881
45217
23294
18971
10509
2188
