82438
82565
55753
11492
72755
35259
57095
68022
10327
66290
38951
46803
61578
44581
80718
54723
82318
94708
40822
25668
53093
26230
62073
16075
66529
18206
92051
55412
85417
37508
33604
98688
6992
19355
74512
82834
44898
27988
79875
25920
94209
18126
84653
70621
1429
75883
21975
15281
99057
17069
52667
65483
11351
83374
43107
59275
30010
48266
38750
6513
14738
89724
7690
12868
21785
20386
29777
47423
84678
4010
49166
22099
81495
17629
59590
46504
60709
3207
7961
61307
96882
39155
264
15696
43238
82157
52339
52696
77186
84771
82448
2067
19048
86538
58658
86994
63062
3593
27689
88370
57494
79532
41010
46569
20279
88685
90960
10526
15264
68515
34275
82728
28300
23422
241
97136
19468
14945
38736
4008
65972
59509
69142
49583
79088
50295
19298
28986
88490
28002
19604
39028
86944
28750
27726
33602
54185
4531
11314
11373
43475
46246
19592
51180
16263
61821
59766
50075
48661
18619
19703
2546
5521
53240
61229
39794
97483
51083
42625
33542
14386
74060
50694
78684
34730
56205
2208
60344
24077
66950
85506
15347
39520
66900
16264
51759
45090
81739
23625
87611
25515
57022
60412
7167
35721
26948
77493
54422
87248
93033
40917
75310
47473
35591
30403
67045
73343
30575
6039
95630
50297
48918
59971
47279
90238
3801
80675
38251
98310
10545
59304
13943
32777
69649
82690
37870
40858
49105
27973
61987
75456
81523
67264
26428
24695
9556
31250
36693
62691
47746
70848
26890
83730
36443
24177
29787
34386
24575
85628
13092
33925
11848
30100
15338
97773
68563
39520
3303
86348
25289
18028
95119
51885
47376
24827
53465
41027
27814
48896
86375
35268
10139
1153
68630
83922
93119
13315
23543
37078
39651
62577
49844
84526
68264
53045
73073
20590
98216
16735
5512
86488
1037
66989
27732
73771
51547
85597
82019
68848
94437
28052
84902
9946
85280
73440
35298
85226
88199
86609
4206
25209
86018
75122
42686
59644
46557
98616
20582
63688
32602
88086
96765
43988
71274
26305
33964
87350
87167
60473
39553
45529
7564
27086
10807
274
72481
92516
27495
30239
93804
9728
40179
60260
39742
8331
32686
35420
89258
45738
83914
71912
51193
13172
68017
93048
64140
23727
47716
22542
11043
692
90124
34208
45038
70753
85923
49059
58848
47745
5763
89037
3023
71636
20018
50895
13862
26849
48321
94303
30491
6494
20332
3803
73331
21839
59597
90553
46150
8768
14684
19008
85787
62797
17475
20969
35875
60509
57707
78308
16589
23413
95617
25682
46902
77150
84249
66494
54224
38714
46367
92601
22500
29061
15412
10419
58800
36121
74040
83470
97906
54363
15380
14149
95026
39040
1160
65601
88907
46245
3920
55931
22306
73430
92634
60544
97239
43073
65226
41428
2752
59377
99111
21790
99632
65455
67012
43330
82107
81638
43421
40626
76601
51837
79033
95309
463
66933
94264
57695
36544
64143
18410
38571
54609
91314
7588
49805
13670
460
83531
70981
29639
24700
37629
37119
7579
40759
79354
90022
96251
83513
10059
41649
68866
88759
61615
84109
37844
92415
88349
450
44113
38540
85194
9447
50601
56413
25751
81912
54701
63628
31399
50589
48340
26878
69806
21727
10175
7394
77372
17826
1810
43600
70847
48979
12013
52455
48636
64427
93914
75219
82213
83635
29909
224
78306
12571
13404
53451
27678
64435
63655
57444
49518
56561
96791
89759
44264
18278
95753
18782
24832
53153
39458
37056
20680
57257
86789
45812
3764
10090
33546
7119
38229
91505
12970
46374
93311
9163
83060
63987
78980
30075
2200
42413
54811
78933
7379
1147
47005
13091
29276
70727
33544
86642
33140
25333
13476
92029
81762
99225
24406
58814
34976
9582
79562
60227
3584
7984
5729
74703
23602
74706
9197
14144
50262
70456
18517
76846
80629
15537
43429
82891
49691
21020
77929
9459
78550
88054
6557
99879
77241
83060
84261
26200
65130
36941
19894
16402
58420
70242
62211
60796
51767
9325
43792
20645
60660
33218
80272
9278
6623
90486
58383
54205
30723
27056
92505
32817
18763
64698
43117
72202
45403
15699
26920
26398
27633
98520
45221
72132
11334
35546
12028
75026
98166
90996
45848
89028
61490
8935
39876
52970
95034
47880
39064
95324
53782
31275
22227
49363
59833
75181
66350
61446
27395
47341
56456
69553
22029
65010
18665
56819
86466
65461
64740
67953
8597
15287
59802
65292
63119
79107
5987
70069
43251
74580
79856
80223
61451
45201
28801
9909
54680
58467
32046
77154
86625
95267
40680
53968
9341
54464
81918
46901
17557
63581
65464
60339
97250
3844
70252
26207
66323
8698
63187
47646
66236
89946
44815
14848
19914
2813
83914
31107
41734
97871
125
18290
55355
16351
90499
10358
12814
30686
195
62179
35036
19615
87488
20199
90375
69234
20258
26124
87147
47019
84548
47741
50077
55599
19623
97979
70285
99436
98592
4013
80249
22269
58529
97406
28651
14498
859
97321
51003
61712
66428
12741
57926
25964
41614
99446
85110
64862
63598
88782
38502
97509
24543
4
66345
97980
97770
50756
93717
16092
95782
85847
77724
45914
3074
27766
2022
38111
26858
91784
66766
69348
6587
17922
94447
56710
4937
12899
57628
35123
29183
18715
92163
57210
6376
2022
61966
42285
14911
84793
9902
16239
54442
26736
17209
24529
4766
87083
5748
83355
44381
60732
58207
88132
86779
63092
5025
37977
33294
48387
4543
23407
43397
27799
8168
67931
8552
56162
85682
87480
62634
83255
80537
15754
18172
68911
15254
38975
37707
39709
53251
54598
68771
21722
90780
43252
72352
94045
14542
58222
88971
434
84786
49390
89351
63381
57502
65470
60347
54024
36235
62467
75681
34500
75773
16516
40119
55281
97331
18909
60979
48859
46827
37926
21512
44846
35815
11413
67254
94058
58075
56882
29786
85633
5593
71789
16910
27553
558
21832
85526
7494
16983
11916
1653
74972
54658
48396
18791
10183
70461
89951
12134
53241
22935
65881
7857
83058
42204
22215
86189
56373
22251
50662
79163
59915
4436
34218
94013
86648
14488
78750
40464
36964
71072
45998
35286
99836
7294
30287
64459
70973
2942
46188
93449
50691
36882
33172
52601
15987
29105
19869
34771
69017
25601
39471
80048
3594
28257
96585
28302
89294
88595
55056
36882
79958
28514
15548
8203
13775
68565
92024
83636
25582
13422
48126
34931
50239
67536
84131
22415
41803
49365
11473
29265
21765
60324
86616
2618
1020
68192
94133
64852
42729
58068
45962
12926
71561
67695
81427
32138
18688
58968
90811
67246
37274
98019
54584
58445
11076
66477
54361
41349
86893
57220
38367
82647
64513
5877
50190
36616
33925
18832
19485
62621
99414
52307
13190
90254
88921
65915
14643
46679
60641
70594
93850
6735
20147
19251
61387
51090
32392
75634
44972
35443
91489
31710
96906
2423
51999
6706
21881
91764
5767
36166
14498
38805
42353
18084
57377
84213
87245
88501
65003
99689
3985
85364
27288
19631
28121
9659
99636
18836
60679
99701
36403
94641
49550
67552
33239
18412
43512
12369
29206
24756
49706
49298
76072
27190
65014
5744
21689
62713
13440
62498
14570
80578
86935
64647
8392
22717
52162
36833
66742
31728
554
99034
5266
90728
58344
89934
87911
37039
60404
246
99734
533
42477
97617
74845
48264
69392
78045
81126
12982
83717
42857
27467
73606
81659
61736
96081
33546
50719
2937
9056
53614
39600
76808
77637
22747
4659
6613
52863
96731
41
46275
34807
69830
14570
66274
12282
10643
14954
52271
60850
46162
47187
87975
79780
31301
40024
82627
61131
68066
74585
42204
35118
59912
28681
39111
86118
32658
84258
69154
35200
34422
96611
32801
96657
6356
75343
24357
94654
52182
88748
88238
7281
78640
70577
35064
98685
20582
43013
39291
79090
39512
29875
41972
57455
96567
84084
8270
14800
68723
39622
37023
65935
98791
11787
37391
27108
71073
61021
14277
70073
29345
11744
92576
5801
28865
91499
15056
20896
90940
85918
50665
25532
2792
26157
23917
2949
43244
98607
31135
55360
90245
91665
18270
25797
47846
19454
8171
62875
13952
73742
36991
23075
89041
10436
28434
75004
37115
43716
27254
89241
49555
58647
47702
67147
23869
90536
47977
80445
48353
43057
83217
35703
68762
51405
20770
30991
76059
84818
92794
95830
66471
43386
50082
55754
11587
81802
10323
65558
21061
34541
65361
64342
74499
29386
28230
40403
39588
62805
67038
30485
74885
51426
90359
9550
30525
49355
81887
9810
67823
67734
30415
53728
36842
98396
75567
16323
53622
31704
4524
98880
47758
3804
63322
24902
91440
85218
91733
51330
51749
57937
94614
5484
52114
84879
64627
96525
63352
70149
70206
25348
92305
34535
8202
21802
51984
60821
86040
7973
1105
571
10067
98637
17245
69384
34095
2731
70264
58633
92975
51406
99396
938
54988
64801
64006
44674
23665
78242
875
64154
67221
54171
16610
71649
93454
8733
66479
413
40011
42038
46656
84028
56843
19292
40911
63761
51959
3751
23037
52587
81936
89187
90892
79959
9123
1571
5915
47652
11250
18187
41469
28253
88672
2638
10247
31626
86352
52001
66727
81635
70538
80953
52223
38674
98440
95266
69659
88303
30822
78086
74041
72521
45560
47503
44694
64991
86543
18744
88662
99289
90178
62693
26487
58916
82063
55766
93952
88865
73253
60308
34508
76022
48581
67967
39304
93467
35993
58619
1975
57008
11009
9129
88066
42735
49876
14424
10996
21692
78399
73181
54631
5249
17440
36379
37482
38509
16355
99138
71012
65694
35360
10801
64530
85667
12342
69901
28420
1417
5984
55902
62502
35808
59012
86243
86948
77981
55195
60844
12710
14167
22610
83790
9144
83082
20563
83066
31828
50177
89249
34200
37594
69742
11929
56618
19551
66694
3985
83116
44257
87844
40762
68992
87827
7139
72278
13486
82425
86115
3222
62225
37913
11461
25823
31594
43855
13901
42696
14932
34918
60677
56045
39228
7724
98999
16166
66020
54849
10181
47525
46112
42060
21234
704
2340
17834
17458
27076
89043
65529
51101
7495
17609
57015
23336
89596
62707
53243
75284
77989
99235
29079
65124
92439
77455
59979
49523
40207
86725
11780
57602
9945
77379
51676
7515
60277
74508
38318
67393
64625
58190
47944
78008
31953
79959
63729
51542
37243
28777
52374
60682
41353
9812
8753
8042
81052
94103
62304
36713
70604
48161
16133
79447
71000
31738
96476
11196
95004
54310
56859
8575
91111
50615
44956
20926
48104
22436
66403
94190
90920
63658
57769
18382
27535
11852
27427
26595
59853
2226
84636
72752
56013
69305
64313
29143
32622
19943
75216
18816
76220
29314
65143
15448
17254
15654
5628
20546
55237
60610
22201
61650
15859
53135
93702
14091
2692
20099
96692
79925
58908
67530
92048
24955
63013
4220
97037
98626
57169
59482
76466
44635
67647
42858
16408
83288
65613
20423
38060
71713
73336
74744
57653
30381
26085
44021
91628
64061
87367
89117
93988
46066
6979
6692
37593
99389
9608
4243
98405
14817
97623
89106
7984
89577
53048
12192
7593
59958
41434
85329
26417
48162
79075
73229
31520
66223
5014
73222
74130
17070
86982
72857
97163
53144
94370
55986
64276
44834
64732
97541
13031
6583
84155
79560
19929
57420
34870
33469
17166
5717
52260
95942
77395
7387
49254
15419
53837
60841
2001
779
30251
10404
34631
45128
27885
96771
52523
98842
83675
70714
84595
48012
62847
51338
98278
29803
52260
54581
18106
1791
58134
17839
50747
97671
45475
98295
69954
29737
63346
91407
41584
35590
8347
3751
97772
96014
71055
83752
66081
88734
77779
62237
30153
3750
58337
70379
81827
11328
28886
98592
8717
11130
1632
94532
51675
50612
20617
56296
22132
46110
65842
90127
158
86439
32616
58059
47030
83190
22520
27420
34606
11483
4604
68176
51653
39916
68260
69399
10665
92993
61230
19812
85289
12966
74528
2455
96339
13856
23761
30493
37942
52145
27454
99827
89025
26409
60343
74646
10706
83509
12998
65253
16664
91608
88254
92967
11914
74575
80636
11135
93182
6985
42023
42874
25910
68268
27847
30497
63527
70570
43439
1117
42547
76048
77863
1316
72434
41372
30984
95538
42263
61661
48988
66712
25022
8173
41677
10955
12339
92076
96526
20041
21515
78407
97049
10456
3289
24464
29612
1467
30227
30961
78354
49481
99684
57317
71265
39465
54200
85878
74876
50652
89919
30164
94144
79326
79490
47409
72005
72084
53325
2547
98389
47390
24178
64247
65022
37857
50547
46798
30076
63774
31237
58393
69148
58567
95404
63697
13361
16959
32374
4297
35341
13443
71628
76272
93755
60135
39585
34876
69158
300
28330
53449
24320
70345
48599
8613
7074
42747
2813
75101
49187
9320
39939
93876
34828
61507
40021
88275
76638
91279
84370
21985
60533
30398
19277
40279
21630
83734
52699
75980
75963
69031
47237
18191
34410
20188
46412
59491
50127
30868
17571
2596
9702
3419
27341
43712
77456
69188
85985
70634
27914
5288
85438
48220
13640
9220
58542
56785
3614
69321
19705
96988
57029
76166
73103
4217
52595
64016
51687
14232
64051
17915
841
99859
7770
99665
40649
80459
57295
43037
68524
75118
10744
76428
52501
42916
74612
74240
93202
20828
78478
41065
65571
42766
60217
55039
91486
29112
42957
51850
787
15987
16229
32088
1401
92214
78733
64150
65829
84974
56717
95433
48159
56642
28022
38253
1358
66384
15457
51786
33559
40001
53271
28365
94814
34924
6441
87366
32015
64858
8528
48992
84888
67600
51262
73195
99709
18320
47363
92182
882
8088
89698
46286
37566
30834
16350
50790
48183
31318
22302
9049
92746
35654
95385
51810
80914
74940
51363
68217
27915
43524
9087
26610
53578
52154
89313
66426
35113
43195
46669
60123
79613
92341
15636
90937
88996
76273
63242
94764
80409
56558
87951
28723
1454
36519
54085
39055
94383
2109
83321
55896
5006
10041
51316
26783
47746
67470
39243
41310
22903
50795
94877
24749
22014
20847
4310
84706
59382
92295
71386
15759
46455
87653
99526
46668
85894
49679
76283
60592
13868
66026
53353
26603
29421
82421
23997
23385
89439
86289
23215
18195
36269
66851
85616
63644
18292
69399
38754
45777
26258
29553
97198
13329
1136
18025
12043
83004
93827
44550
13818
87346
651
10299
18775
34705
93072
29081
72964
2867
534
4294
38499
39886
13868
88724
88790
70810
93992
14958
59405
95281
37644
4742
93036
50545
65361
90317
10314
30760
30215
12445
36807
4627
35368
44395
50143
22934
89379
38789
73399
706
87192
47552
94082
65602
50794
11753
25165
26613
60041
38094
49253
63353
90302
72061
20387
81651
78873
95816
76421
93315
62349
10903
70492
21084
75700
2560
31947
59821
20801
12795
49263
39239
51302
10243
83610
94151
23833
91838
32851
47553
21955
53840
90235
46249
26010
87164
24408
59651
32851
56702
74740
32017
94279
66280
38651
57661
2025
15677
51751
45634
12256
17357
80553
60087
69178
70026
1765
91796
50542
10382
51475
44207
68899
1270
11070
14410
57881
71577
1868
32687
44750
79627
77106
968
89743
51941
29338
6978
14791
80792
83066
85190
6859
98083
71179
80401
97961
99214
99594
50310
82421
28075
61534
38454
58275
11628
79115
71436
42328
12881
14111
67363
8728
38528
20662
65204
97747
18036
78260
70228
37073
15678
18846
27109
21843
17184
14459
73247
75582
91412
49611
86175
29873
77045
10779
88032
65456
72911
36009
27444
40334
75021
29361
8151
59126
57499
9007
78443
13142
83595
37830
57582
75801
67057
31397
73127
58266
9182
72353
28444
95148
19992
56688
32122
3542
4820
76947
12766
5322
88281
98188
90860
78258
36362
9290
59989
44648
29354
6728
38227
50537
62794
18092
85065
14204
76141
12361
93983
81156
86211
95390
9109
92014
44418
11935
86979
56483
50229
81323
78075
99731
28219
3020
144
57922
74064
59920
96678
57808
28341
83826
3063
96023
99901
28789
14389
32380
19368
2224
84848
41532
93361
3628
88557
6734
29015
75393
28353
75759
10367
40767
24805
89016
16471
60062
62174
47304
87582
72769
66505
46925
45074
67592
6111
71241
33279
17605
22166
7804
39900
53006
53620
51033
42918
79830
95327
49586
55071
61612
10448
76003
54859
80673
12422
89036
18
5246
38346
52085
99165
40173
55384
17523
6060
86116
48244
28642
81846
16164
95368
10150
15199
31648
59677
59222
91605
28017
48076
62956
21356
96442
39605
45137
15853
20254
44385
44025
24186
52723
52079
18060
16502
49199
80507
50769
63567
13085
87695
23840
3049
86716
76986
75556
98611
64457
51192
52970
87674
49083
49297
58715
46763
34194
89421
49703
45222
49514
75417
82863
43421
59561
38219
31364
19212
53041
19599
16594
67634
69746
36891
50314
86051
73544
16473
13540
67181
58077
58324
87223
29260
27191
49776
3159
87368
69426
53482
64409
86300
75502
2779
79847
38000
44982
26887
69180
42252
87758
66174
48405
68452
4324
57909
99809
56484
4875
11431
76036
48034
65459
15205
30502
26593
52666
86264
38727
28965
99051
31754
36972
49973
62871
86192
50979
4589
15140
48581
42219
17155
21481
76852
87962
42464
69052
27531
96361
15310
83536
83199
10040
13153
63997
25936
87820
60778
12188
97288
46312
74707
61873
10293
32707
97233
3460
63353
75426
1488
64391
50218
15020
19083
43813
58073
53244
21236
73299
7431
8856
56258
55928
4489
70017
2801
85626
3873
66733
41335
50201
67244
44099
1184
51049
65653
29106
51596
92043
56477
38400
34963
65757
76934
8448
18320
18481
87196
18270
12445
64665
54292
47407
59551
160
26140
8047
8499
72330
50579
12601
24557
28418
85023
18488
25325
94023
89199
30537
14228
70350
35246
77223
51234
36637
27032
37728
70563
17098
2497
20514
22060
94283
90004
9760
66283
57023
59655
8082
8324
87318
25033
83252
7459
87249
90098
93608
73588
59276
22071
97687
76019
86616
40357
34070
16405
8477
37140
19830
31820
31680
22049
67964
24236
43810
70896
24450
98998
64721
61773
39094
67856
97580
6503
10479
58787
66034
34085
99060
44465
23254
59696
406
67033
61609
41334
6542
27123
21424
24779
71676
7362
54866
32790
80166
80897
85500
70830
78321
13760
48955
15751
59078
30814
4839
85172
38481
60559
75318
88642
28924
40536
90434
45912
41819
5396
10068
23332
56481
38616
75845
88211
69594
44355
5403
57516
6727
32611
55059
18281
9277
32378
10483
38300
11602
93423
29091
13479
82060
20734
26689
96955
68356
59597
6369
25588
10019
63425
90380
99612
8257
10041
37070
70961
64815
45943
59927
31077
52139
81608
48237
27089
10132
61157
4132
35180
36505
51753
82909
24982
55726
73158
56817
68262
25246
15590
78476
68551
76319
82475
61202
592
76289
43029
90300
81330
51032
83962
68102
81978
11020
52505
52209
73929
32579
2620
32812
37104
69539
17817
42751
65825
35641
72957
6612
92597
72920
72039
84745
31468
70407
75852
7501
42400
39057
78307
27157
30123
73265
40689
37691
66417
294
54945
15539
89607
25228
24175
95472
74520
79455
13009
64395
39932
12924
88991
58394
57797
17044
61114
84627
74531
74852
22247
56760
3436
6646
94783
29954
55176
53770
38238
45055
90896
98676
49044
97040
12479
60165
32020
73976
36225
63695
76323
18914
64564
89040
99541
20399
93222
55823
67922
50524
8409
43421
22896
26953
24603
34168
42120
28496
19429
31943
45613
24467
5094
88864
67931
32354
31659
31315
19531
58155
20431
75779
85806
8522
35924
34293
31980
50060
53560
7084
52031
71376
96176
53199
46536
56244
77996
72710
99798
75958
41417
69570
54259
24107
85365
35906
34759
1033
7907
90863
59688
8376
35291
45089
30321
28814
71414
26974
49353
14422
75595
11134
31455
57646
9204
14894
30257
18621
87384
11291
70252
87849
1841
21180
50207
85763
46203
12480
13939
99375
65322
2488
32005
13537
97283
89431
46067
30764
447
98514
29283
25650
23309
99527
18097
81042
12737
71157
42618
83459
58361
11902
16597
39735
76888
515
2401
49991
11394
93184
68409
54495
34495
68789
63958
26752
7138
16520
73076
82435
92513
67423
8728
82284
17160
77944
36579
86379
24335
50904
88959
63816
75056
58187
43460
52474
63264
56420
44513
69844
97891
4973
62706
86151
65906
54501
44865
95285
67451
23063
43912
96385
96541
22144
18801
66094
11944
61349
96414
24188
27681
26426
66121
34236
81082
35852
62662
63554
92327
61055
94769
9898
47657
40432
5560
28013
19093
9370
89820
59465
32050
4466
89388
93405
72411
53833
45991
31039
17494
21860
73885
77634
78081
52992
25111
65705
18244
18473
5667
84526
33838
30887
84066
87539
24631
39507
48660
3287
24175
51568
23270
74909
20614
9814
27672
87294
71842
95054
33721
48264
53725
28969
24038
99160
51933
80154
86475
74718
45065
11288
37175
55573
85350
69540
24460
9466
52103
29588
40097
72140
78973
78789
69891
21962
55731
65211
26600
86752
69599
54732
89122
3049
34028
80733
63412
99632
77454
98748
19508
36703
42479
65442
508
11267
28830
63835
5946
88272
36885
5277
33386
28344
63321
15710
18274
51752
57014
25543
98272
45670
27081
24734
15359
61927
80628
67840
96257
34354
81194
95262
26380
11870
49676
47612
42658
17881
95719
76965
78027
17080
36418
56523
56808
95311
23318
48967
61976
37939
50379
28108
34866
56326
31485
22926
73302
41429
36665
88419
29482
89245
13741
14809
53965
93274
28227
10220
69545
35437
66468
19933
37924
94790
57321
57296
61933
96156
60583
77619
54714
1858
44830
22208
21366
67023
69128
97290
13171
34000
5355
7030
10352
5958
45635
80510
42535
39299
74243
79488
90558
18134
90432
26283
70386
31120
62518
17490
68756
58226
30304
56780
71776
92959
32352
97846
86561
95755
41602
61790
67448
70659
27373
1362
28838
5056
4494
1282
34517
61093
2660
68650
1654
94841
96753
88257
70546
60195
56444
74256
62656
9477
7708
89139
35034
47767
13720
90453
76696
68326
12916
75757
46638
76449
12382
14243
27883
86721
61974
51318
3282
18286
68274
28676
26246
10934
35030
89377
3971
72453
55481
40143
67924
56241
96240
26683
88470
26488
30076
2305
93
74741
31265
87409
69309
25271
73054
2238
61738
38584
96971
15389
31077
72182
5353
13561
7685
77555
58136
36128
92869
74502
39410
55535
63200
32259
29588
66391
29722
59784
76370
56275
68219
67007
19315
81821
31970
91584
4203
1639
34960
72203
53802
10989
21125
31515
75804
83830
73367
22409
26241
79904
83648
89190
39578
69648
5281
12312
16777
15243
10413
8985
78759
32903
49956
300
35799
76830
47792
82156
45344
2548
99847
19161
84063
43692
65597
44958
10593
81524
59018
53869
76968
79929
34471
25976
59948
88909
39780
18289
29556
29435
87792
45594
87773
2308
28176
48036
4663
79825
9809
7257
73293
85047
54733
88227
44949
18963
25946
23563
73562
34908
95042
38511
88401
25894
18366
23743
16478
83556
66615
11325
89588
91387
37728
38995
21192
32707
93284
74962
22821
84086
48991
81423
22006
77144
15049
69942
32671
73810
59414
20135
83832
2614
86765
62558
30325
17378
74381
89906
70958
57034
78052
20986
99670
79596
6440
17817
62952
80465
47675
84599
19850
17925
39896
67182
93012
27187
79125
624
30331
6988
89544
94376
13741
82661
20362
63018
57638
25590
52067
73640
13277
58974
48208
89452
35989
42549
45992
11173
18655
10370
80450
94648
27853
62890
45756
79817
64101
17138
24903
71951
72769
51347
5099
53829
29533
1704
7921
23899
37871
33375
36292
29451
33106
80964
1165
44202
72981
49752
74320
8148
87873
64462
23494
61622
38227
83304
45471
77867
24741
79869
77499
45549
8490
38423
14692
47033
27543
14388
70998
39192
4582
33797
78775
46949
48145
52402
82299
38076
90933
57235
1006
25415
16076
44442
92619
50006
46951
50797
96457
81514
54276
49206
95874
22219
65079
30390
39197
45609
17919
44242
69620
23312
43751
73628
40604
44152
62905
78904
99403
3897
85778
30228
52992
17748
28044
52578
81450
5864
27189
1708
25552
8895
43654
31957
63154
90010
6199
71933
46873
16452
50646
61408
48375
85674
45701
49791
63364
22503
43504
18202
52427
33839
91829
80594
94086
98019
36388
76260
58834
22879
50190
34149
81472
45047
1355
43348
91527
60009
22160
22298
11094
16707
64162
30915
93863
4408
58091
34162
42723
84580
58319
7783
19986
78607
98654
53862
86253
20757
87001
22727
27400
25950
5870
76349
54027
77894
78376
57967
29445
27240
64049
1082
77523
41562
74836
62736
84492
9803
43410
58557
78998
99681
89102
54239
17031
44878
71365
1717
6453
43674
9009
96181
60103
31429
54492
56300
44518
93199
70277
7938
75466
5533
38311
11696
14479
54970
65560
29190
54586
48997
58907
18492
24390
4001
13495
81117
41743
92034
1219
14903
26068
92429
55132
43284
36994
85701
3320
93195
65715
33491
38721
62110
26100
36509
40771
80321
3318
9380
16682
74271
4874
58010
15773
78281
9859
15816
5261
17970
82542
51386
7184
51700
6190
65244
74400
52027
64394
94038
82478
90004
81900
54114
56419
72222
45777
49155
60746
70584
38306
98372
80366
31446
12841
53982
78457
31349
79591
67628
27876
21490
84969
14128
11487
14792
73168
5767
24973
78497
21961
40235
85770
74885
58321
54707
29833
37566
10160
91284
57503
78028
24219
70491
7330
97206
19843
95994
30674
31815
7503
44763
54663
91482
88718
20154
20497
27681
64559
58050
63892
24161
98159
66511
25272
30692
90560
39795
403
98195
72935
20027
63693
25399
38121
71339
3254
42851
5976
70834
74939
74195
27671
71802
78861
75674
48581
88239
21892
3713
97127
18707
34859
57042
87590
85002
78798
38827
15234
46818
13617
14466
32128
23370
48539
53089
52195
83014
38693
23714
2156
15019
75342
55587
54602
61987
45775
97385
80330
20717
23098
21260
39788
53935
52147
96188
53990
24726
59733
24260
12307
54236
76991
57018
97459
26689
68401
43017
14334
42437
33043
50016
25528
89498
10199
9672
92980
28808
8878
33205
96477
63216
18420
32983
62122
91673
36640
42515
98606
90670
33904
99719
18586
27939
71498
62882
43777
20076
13935
70728
79338
60861
18844
25872
96068
32538
56115
61451
73304
52567
11701
24619
30588
48310
45887
97650
63421
67251
94375
13718
13099
24905
10156
29536
50156
88699
96303
20425
30404
52725
79627
8355
81010
52974
22070
79184
19937
90125
32127
60405
73908
83229
65155
5083
23717
13175
99686
65202
65161
89954
76669
11773
44686
15841
14982
4448
19728
72748
45374
20948
82664
53375
65365
57651
40794
22818
81061
67927
41638
26115
55104
77295
16211
26133
88288
24243
49546
44364
51462
86902
11095
88152
88995
58440
7869
71204
75125
49191
72271
13245
30659
50986
57234
15830
7921
15625
37341
32135
24477
93614
56980
38727
82402
55355
46440
63247
38484
53223
41979
11983
44170
21462
85828
71926
41956
88906
71904
24596
62619
36969
58335
42920
21859
66258
77895
41359
49156
41051
69788
87920
39287
82303
90083
65783
85672
84195
36022
34973
99431
28522
92340
50697
94795
35203
25624
10503
94163
42677
76698
91048
99278
43735
51938
54163
85968
5849
77763
61095
71182
36024
55320
88049
83276
9174
16575
70657
44787
37565
86912
72761
63667
75945
49101
41609
30507
45340
43911
31327
33563
66782
36236
63323
98943
95662
49260
47010
11954
25204
55495
50914
39991
19940
65224
69767
95075
8375
93080
84575
42927
83280
67473
2051
12132
12271
704
88649
12803
59171
69684
67700
91972
70193
96523
3445
94928
94186
61942
48315
19601
82964
89683
52500
99188
61906
60640
7674
72828
18419
62380
78329
46559
61158
37133
51260
75894
81993
67201
97855
97996
31724
43690
97041
91717
27569
59773
94959
43584
2101
31580
11302
59722
23595
18381
61870
60034
82637
1484
95893
474
13119
58109
50937
67396
6541
34844
36207
88376
42280
84294
86397
28384
15926
60724
7380
93019
3464
55160
99146
82800
25275
91200
41728
84364
11814
60155
76743
91488
32847
96784
33063
97917
43357
55172
95126
4135
38856
70168
27308
15696
77549
69293
80812
91651
66753
9369
73820
97842
29336
74275
26690
96424
98166
13478
41918
29852
62535
83007
64376
8296
52528
12696
76696
62624
69801
557
87653
27288
48114
78626
71564
72495
46738
88920
72120
47394
37900
18911
70603
27396
3440
70672
20316
8870
38339
60472
48546
22138
38535
71229
43466
66440
82315
66008
30441
45375
43914
37622
74964
65635
81549
90213
39037
78411
7899
3823
41580
20321
62861
10511
69877
36152
70333
51880
38011
60427
99955
50959
11721
77522
32606
55298
13167
45421
11226
88064
28703
30322
79893
8536
90034
21582
57437
70911
20156
10511
51085
29130
68267
50651
82379
72084
86719
82267
92846
26807
71408
60122
13005
34757
16754
96576
23152
98678
63636
30959
6914
16098
17671
12427
58028
63168
94289
21137
40224
49006
62421
89251
33543
58767
31988
33531
38825
43388
67329
53412
65854
23746
29930
6426
43559
1220
34449
85320
30089
71748
63115
28633
65277
95119
11622
26605
97720
14024
80781
61090
76434
14754
56123
14841
75559
18012
94589
66491
29769
73898
72779
13996
67731
79322
22032
27129
39253
29727
96441
78478
16107
30804
5728
72195
21284
3706
30224
39924
22531
34134
57468
2726
46504
26835
53008
53416
39028
76698
81271
33794
40879
91577
61951
83088
66638
99869
61397
66391
55871
22237
98324
23816
14176
85012
3491
6816
89998
9003
83790
62846
47830
27324
10049
84989
40566
54326
86193
45233
2680
65081
47979
29366
58401
52373
96713
13340
76460
94458
38452
54162
40701
41656
47625
23848
76435
43495
10231
66064
26871
29265
20395
28244
10009
69539
63393
92634
89907
26666
42869
35434
20510
26838
41262
88231
65542
15735
47550
36112
12259
51586
84965
81956
19400
32242
98658
59302
37795
80076
34684
62197
77863
81618
35413
15099
2620
15050
72913
56561
70259
66090
26287
27103
46556
91082
38217
3424
97852
10100
9229
97003
22527
27344
38963
91787
38014
6127
83958
734
62800
60058
25642
72188
75043
83699
61524
98050
62457
41286
70164
63230
74405
37849
593
4016
35461
51879
16035
57612
57098
96732
65405
57984
81390
3592
77773
58303
90968
86134
31946
78897
81590
92298
74591
47202
34309
36341
5915
54877
10323
87941
30383
40515
73270
62740
31680
99249
23126
63353
20501
22691
52965
40246
43751
96635
57630
33548
89419
57699
17307
20476
86761
524
91879
54486
37804
37368
19923
85109
60180
19366
31565
13182
32972
93530
96855
67036
30026
80709
39399
49025
24888
16984
28097
88352
30389
38219
46477
57529
99202
59906
54144
43341
43554
91652
52591
7666
8384
88962
99766
9466
89523
7980
7277
27498
98696
21748
4368
12965
72423
84120
6327
55275
73130
88958
82082
87951
89597
15383
31173
39445
49916
28801
34193
65738
86374
4479
54843
47701
85325
97612
72006
68347
29761
5795
85425
73284
22319
38353
2711
9518
26789
55175
40861
90367
94478
36105
4498
39567
61532
11469
13381
56166
43672
81087
43637
13931
70802
88679
91056
53762
92119
82161
81001
38704
53135
55664
49085
14313
19198
20217
55733
85788
78363
716
9064
27122
71818
1013
48112
69362
13034
33052
92122
93329
96900
23096
85516
80825
61354
87411
72437
42121
69417
19029
52120
66847
46885
77647
86249
38102
71633
13152
47850
36075
87689
63533
23440
80086
63127
12411
48792
42165
3586
69004
21559
36151
50276
88462
96185
86973
78470
53148
4248
16581
35008
72279
26776
76642
87251
90708
64007
45209
11494
94765
25308
29400
99760
62304
58480
60973
92013
93742
85305
55300
79437
229
66934
58392
64085
79061
56907
17861
41173
53735
27925
93559
27891
23806
24014
74779
7903
85835
26361
55123
93557
95378
31901
86276
87139
23245
68865
22390
33965
85732
8063
99942
74167
58107
68883
85620
17220
51493
81524
24284
53629
46866
94944
26501
19677
29300
75339
92364
56912
25256
81925
67473
71
37556
87238
22480
83444
34312
37168
61441
2060
97223
66518
9131
42179
39747
64814
63510
66008
6800
56571
68539
39437
86644
48189
62182
77342
68554
2857
48335
3501
9966
84344
17049
97476
41136
19464
64460
971
48821
34285
49824
38159
81924
68361
6285
17416
4175
80807
99099
94429
16522
81843
86465
89898
29768
85512
97167
79901
58126
82663
78710
995
88972
9408
4277
87049
35498
73351
70038
60993
35674
82564
17832
18584
37697
35856
44736
46821
55965
95018
57948
27329
63170
43665
95930
58431
24309
71122
53466
16521
57476
77666
67344
78700
67602
31906
4912
20681
6761
40148
50081
78478
59886
21676
57527
77519
72637
67807
71583
71999
82644
376
92534
83936
77846
78572
28815
49458
47706
13270
88097
86685
10234
926
27807
4084
38129
24253
65768
23634
98786
56937
56360
60215
55258
41344
89222
40312
53669
76345
48133
26014
58653
75824
73307
37422
23046
92992
14618
71185
68387
58684
60202
61987
87070
93848
57344
94273
82238
54414
40113
66621
90586
6503
67294
14018
30349
41981
69581
12005
25560
31505
14164
13643
30192
12876
14600
83873
8480
36290
30486
99703
9871
19261
44277
33553
93832
52366
62158
42580
87055
50009
99645
32322
19630
29877
52502
67575
73357
54978
83446
13292
68965
96650
5897
5381
11411
91413
67157
17708
39845
11700
9505
94180
61664
51862
62002
53080
41570
71049
79145
63206
73907
49098
27436
60324
16424
4568
69341
85848
55357
81038
92105
47093
23925
80261
48646
67612
24013
73931
89422
59754
10547
54843
66523
4184
64983
69490
93866
35423
46894
95874
11232
37400
61296
46216
57504
20616
28468
15382
4600
44504
20046
72879
85891
37774
18285
37216
10880
15653
13695
70907
41622
21598
71201
28673
32538
60421
49039
12941
13973
92386
1644
62115
39985
97355
93710
71582
86115
69009
35958
26181
97452
63133
37054
14045
44365
4209
12810
72493
38580
3383
59386
10731
30386
6722
47690
41218
25531
28671
94508
32448
49620
27369
36914
90258
58244
68704
70751
13901
65091
71188
82483
39797
92990
10048
48451
72548
94929
81457
20738
54208
89635
73381
18699
66621
37761
64814
76982
98659
78899
76266
64444
5480
16654
48282
87085
60397
63692
13635
16478
88500
1943
63334
8651
24832
61917
45031
81541
44497
54780
33672
58178
25793
6782
15540
51625
99315
81842
48342
77623
73209
37171
34967
86697
9406
53437
78262
73019
58419
90843
34817
2994
8013
51512
49307
5391
94042
52423
84236
41846
24486
88994
39529
88862
82808
10667
80605
61551
73301
20281
89675
70676
74813
70754
71929
21919
18028
89244
91057
81591
9357
91016
75613
28312
73996
87801
24357
71275
46017
91339
30242
10702
54906
35124
71208
87001
57741
39455
68442
32212
54563
25582
51945
6226
63715
678
75903
25562
92901
53363
65849
50816
36463
14334
98734
72305
48336
95869
76948
56889
48870
94439
71358
15873
43919
19524
95938
81211
16211
20696
64774
5479
43101
34618
41856
22391
16173
10817
57422
1708
54418
11742
89056
91786
53004
49356
38212
51397
94823
16011
44294
93984
52825
47448
43916
42142
97423
43807
76821
6243
16026
29789
16199
60995
43555
92172
63667
96384
64130
36133
16704
37303
69840
67836
19184
64457
57489
40403
16343
18480
97785
45648
12130
98623
27766
70822
92752
18123
76204
64052
62684
42384
15515
22368
93573
52204
56962
52596
47669
25435
97046
67929
84
45897
42633
80208
77897
43818
16931
46393
9240
35154
83396
34855
28285
59472
24334
69836
32649
38667
53086
98033
31913
30324
27050
36538
54824
38947
84074
63515
12655
61867
53062
81305
26543
6220
61003
11557
82263
17530
44570
670
64395
78661
45736
40756
95818
15136
36045
42601
71615
13989
49816
42784
72261
4892
62903
71034
17002
58522
65215
68515
11662
6004
25452
98896
21210
87181
57893
73254
8305
54191
47561
57675
26169
30799
88888
62775
14330
67154
11267
11348
21343
27930
13123
65784
58788
20112
8180
26301
23695
2869
55409
16562
74557
63645
95161
80911
70809
67127
38827
42134
6945
1153
62013
24423
14015
19246
99515
44234
89880
72296
66465
67222
87132
39906
53147
58540
38505
95529
25672
63568
80946
19509
26472
91291
90666
36633
29561
4221
40052
96799
45414
34959
881
89075
89011
51217
33286
36274
56587
80073
46597
44955
31286
88574
56531
51181
11346
1869
76456
1022
49814
64775
74990
33561
86309
18767
49191
3944
23350
24502
26192
20991
31157
11710
49058
82367
64105
28859
53454
4206
19816
37585
57174
41429
50687
61535
18648
60444
98026
48015
29893
5265
48344
9557
63954
60220
76089
3865
64005
34366
93946
99942
77935
72214
70091
52333
96996
94099
57842
83219
31266
55517
25518
41209
62969
33475
85000
95035
21063
11738
23221
80848
45855
56015
8613
11645
39691
81039
99104
28038
81083
80278
18766
25659
24870
40282
19384
9049
27736
65109
77488
96411
99862
79173
91917
84737
36051
74876
49556
84424
88045
85088
64778
83437
88537
52997
25943
43655
62918
24607
11378
62550
56021
9446
44190
17927
76557
59131
52996
36462
51071
50832
4522
2542
90191
60610
69912
42573
43964
52904
8949
95087
1795
45099
1526
61649
5542
43519
14828
5364
75307
58431
41267
20338
17167
59586
15313
77559
58046
12151
7968
14841
79949
42507
53595
18296
75229
27664
26761
62844
88295
38543
2937
67412
18307
49479
31574
32793
73947
25098
33582
46266
98370
42040
33868
50459
52223
44546
84294
23747
92598
95447
26904
15210
67933
46375
15771
74202
59595
43457
42444
41386
80002
4061
89954
30786
42331
11766
8096
17969
54739
7233
34649
1990
38159
73811
27167
59408
33593
52119
725
99310
36085
23588
83649
14314
68962
59939
29763
79595
19225
1191
28459
71157
61642
84323
41184
41811
20452
88498
1673
21056
50162
82566
72803
28478
2557
37482
8551
33487
10617
86952
2411
58470
76276
34552
98247
16222
57638
20748
4546
47774
68966
239
17400
10310
9598
43935
84771
44040
14774
42087
23806
20875
57366
5835
37365
33184
89572
13610
18576
98916
17721
72107
37790
21511
97521
71116
72259
51295
9146
96255
42002
73855
60833
51501
72003
57901
94300
79940
67326
28244
32873
10917
84233
71064
81651
30482
85573
67976
14709
50144
96639
69404
30291
3233
92835
49901
22938
19760
63046
41935
85672
6254
30176
74711
88396
10283
52791
19010
30545
11156
79873
40239
81250
92890
72598
21226
47133
63286
4796
45952
29990
42979
16960
98498
5833
4700
79812
38959
44706
68998
74094
35411
33806
91940
69539
8717
82095
41615
11928
64293
34994
53543
883
46528
86138
54025
83900
63091
8593
21823
62463
53562
34194
20975
20877
74927
10672
10740
1752
36716
7681
87408
80932
46163
90519
10241
30982
21148
5450
23604
9861
54730
71828
28614
23056
2668
90309
62891
24242
97358
54174
42045
33174
37731
74337
51106
89999
81147
21303
24489
49076
81456
79735
96433
88155
25146
23990
94118
59717
2941
20224
90891
61925
82590
98973
92612
98449
5790
24574
84919
3490
47326
33734
29803
65072
16861
15317
85527
69103
23590
56451
51830
41635
50332
60959
83085
97632
62932
41096
95958
21673
1226
61621
84308
91684
16306
91634
30893
12220
93865
61910
72191
6562
33041
52261
30573
71819
46697
60217
72901
64709
41594
50893
77520
70649
70938
93610
71188
61091
72211
19166
80604
1825
14371
84784
7727
38949
98093
38768
3410
88146
76318
72413
90773
33935
61380
93236
35027
99111
1469
13477
42314
87912
87460
58185
2092
5839
52935
71762
13398
45464
27501
73689
46377
84082
13047
75904
29513
67920
96575
68592
34633
20994
93612
86899
94978
8296
34160
24505
51459
23789
27367
64614
34012
62396
23759
24835
62454
32613
71187
90150
89756
55036
50556
10378
27464
55928
84605
83160
92985
13814
8488
3703
50522
74134
66891
77544
97476
44612
33139
16141
86674
55197
41355
78031
12262
46980
34317
12171
90682
79616
25056
33331
33074
89589
21502
47920
80681
41351
69784
19854
20445
1305
46131
59146
6775
93596
98418
10524
36680
46816
32569
63375
4731
79972
90218
79415
63193
59428
60405
11385
1067
45137
93980
91135
5179
19402
69949
48132
26907
79954
31218
90107
7265
726
82122
65198
37687
95508
90077
18477
3265
29502
37575
82472
40655
81726
89870
349
37162
41992
74568
76795
14824
68607
80581
85425
33169
36876
55242
19816
9170
7733
18409
56586
65559
10853
94793
24920
35800
18065
6674
92686
39248
7025
54312
45814
69870
23711
23775
80946
76703
25274
25929
9151
70272
78473
72720
46974
29287
26904
76602
72592
69821
2906
23504
70711
61112
94545
39756
35492
7276
28949
25800
52122
70050
74793
31443
18160
15811
83224
23867
38434
4615
42299
51771
24500
1163
56312
12634
86903
85230
78109
41654
394
48470
64859
7830
18080
61901
75657
94505
49335
65580
84536
45844
41035
37174
3764
71180
29970
6583
81735
35676
31628
21588
50473
87942
9468
30778
79946
20514
32632
76370
11981
29378
31150
27681
24156
73428
12419
76767
38648
5213
82975
41669
96889
58448
3600
86676
24226
66839
34558
34561
58205
66255
50325
97199
94094
70376
71343
22743
62378
32585
15271
88815
22606
91344
16206
10309
91150
70878
36111
82288
95919
54979
12714
46495
63328
55320
33335
30734
98793
82364
55694
50742
36342
93565
80274
50607
97111
93848
80099
50663
89353
98813
8159
83042
76811
11243
55549
66212
53968
46766
27818
23043
93039
96579
1432
81340
32751
53750
56019
65959
19645
68745
41418
77352
51622
15309
9271
4282
19734
70505
23865
14158
70376
13431
61697
63443
11976
19895
76117
71199
68702
58202
89565
9531
13502
6523
21212
91571
21802
73691
67322
1638
3941
24115
66784
56536
44087
86580
72378
12851
66898
86855
9561
52928
40136
34608
88994
59704
51026
84858
64409
37203
52561
45681
6626
46236
29883
12223
16255
62800
83383
48786
34727
4818
11945
880
20658
18532
47303
23573
32489
27251
68923
94749
53946
86389
19828
34448
98997
62742
23570
8215
93706
4344
78472
55093
57738
74305
53717
8415
90815
96549
56875
74264
54395
47751
27041
43074
73466
77041
23263
1720
71628
37719
78484
44439
51338
99676
538
45338
73689
98127
24247
97132
93521
96633
31934
55243
92542
3952
14842
53493
44148
65899
26228
50211
32735
77905
367
93300
75627
82151
97773
69033
48675
35947
6129
65944
13184
18951
61794
82918
33404
1601
69364
58813
4601
56509
70925
97942
67111
52681
95101
96957
50216
27658
40974
37012
12062
82260
37243
31493
51033
51496
88423
1455
3704
39029
77469
7790
43650
81824
40765
26465
77744
16261
5252
27790
81293
67302
78967
45350
80509
80716
52991
64062
35076
89216
83355
50057
5025
26259
20621
48335
87343
2898
28180
89755
14175
93379
29750
28691
32395
39183
57282
11962
53147
14465
78436
27571
74597
85460
53447
13586
61604
5012
73501
16814
11473
9571
36036
35965
61914
4598
4225
9048
39801
7657
94406
39743
2515
55305
50735
68423
31854
61193
86390
23738
95317
38970
3685
78398
1228
56452
14425
88917
25778
35177
46237
27777
21377
34776
65491
48175
21556
34604
2190
54883
65941
40448
8330
48997
98015
39025
28414
24299
30808
41990
60732
38631
77508
66913
68715
24224
14930
22924
99602
71722
61674
32975
13538
50703
84249
57680
44166
10721
76943
24065
9300
49148
62540
34684
99545
33706
63374
34572
96329
80944
95122
39933
74074
51837
80776
14929
27571
49198
48753
55116
75452
90134
88946
54722
65848
58692
98233
80233
55112
47420
63759
88670
69818
10500
31124
9255
85927
50131
64012
99809
30487
7360
74687
65209
96479
35741
56503
28457
79393
40073
58409
14292
8967
22933
47568
46202
56048
11115
35385
6966
31767
54804
91270
71221
92144
7550
47089
31314
46424
42998
48350
47618
19861
46558
2048
44140
49172
23950
39612
46173
20263
24834
56131
2648
90852
42066
45374
87463
58893
80726
4860
58335
37973
57729
84092
39652
92831
23844
21974
81071
68797
57650
31892
96118
94066
73402
8284
45408
15669
18115
42624
36677
8379
37396
94976
35953
67976
98631
18771
5820
39710
46053
20421
55853
16896
67100
23900
22387
58237
10629
40000
66213
76861
35169
67838
37382
14229
67812
59554
14359
90982
61589
11985
47815
84842
69400
11606
33779
74507
71279
97975
29435
72710
14129
32114
72008
60142
14577
20260
74577
86048
35579
40909
85542
40219
33248
77297
22402
12469
17026
32409
16669
17865
10028
7369
3452
91516
62630
56567
33918
95256
54440
92878
75905
62555
8683
35971
82585
48552
69246
82639
5212
29888
60305
66738
95435
91206
61427
17597
35068
72078
3189
83677
66690
95436
59724
57729
90511
48182
9103
79648
33005
70543
2661
29561
7735
69711
31525
11321
30943
55992
88524
46990
33730
47437
66943
30613
73019
30195
98653
40480
61725
9922
68604
3220
37771
574
23884
89732
36760
50379
29414
3297
7915
77848
14440
90622
55328
96121
57927
53790
34117
23377
15141
45978
1538
54198
41728
76133
5054
68478
29966
1420
24482
92332
24328
13545
17894
32111
25021
15280
31279
71987
22451
55679
16909
1944
26814
68798
54621
17504
61081
10399
74436
76089
732
47049
55710
95848
75126
1208
24746
27494
64283
53327
84116
25860
68009
99497
68428
31337
61862
46933
40080
97788
99752
37620
44983
90728
9717
93208
97577
5113
67353
84755
49950
52517
59216
97382
62800
40999
57910
44575
70503
81135
63722
91449
15735
5145
24917
99036
42793
93769
67957
49243
89667
28871
95969
5320
67608
49611
92101
18708
13189
95835
21041
2486
16141
87029
98795
55083
42038
26237
2257
58602
30042
69357
59336
16537
32359
93253
270
61045
80173
12490
3593
6139
83553
60771
28687
39430
91721
14417
47805
55330
70680
66739
90860
30242
35821
26307
44795
66121
65106
1610
76103
23385
38488
62277
10697
80644
67204
48054
63952
37983
19900
40070
84185
17817
12530
27953
76349
61073
68395
33247
31615
19435
98381
83074
85394
18011
9041
80802
12925
56075
89622
53193
7369
18450
1356
79536
17821
52008
50010
76749
57058
81462
68315
72018
13227
13856
46012
25197
38698
30732
88990
54367
26021
71852
81459
25230
30659
67760
46162
93490
40111
11364
11674
2501
58932
91947
94059
81162
49745
5613
36332
89944
88994
84364
3297
59357
2391
1873
30859
31481
56238
98072
29161
97492
90888
97805
98450
57698
66307
72748
14023
46671
69965
69776
43044
53649
88403
20671
45927
26219
78308
90292
86042
73547
14177
7518
47213
73758
9011
33981
49287
21108
40315
55709
24717
9297
76509
32831
33349
96482
71667
40310
6994
94
42749
95385
86172
82989
11619
15621
73747
80408
87595
93
84834
30535
96542
24106
51860
41144
86948
1976
21040
26587
67672
65578
81225
81010
41914
90538
43525
35772
81591
13671
74753
4221
97516
99969
3156
14424
49372
31039
15368
15798
14971
47171
78888
9363
32854
85457
58243
78137
87548
24309
19983
45895
79938
30777
8446
55092
44838
50164
74994
53097
82892
41775
15876
4779
2662
78299
71138
72906
43924
98425
20159
36134
96808
84727
60097
71116
60181
6071
15657
36703
595
53433
18662
9215
60149
26486
27662
63261
56593
46373
79892
55947
46081
21018
7860
50379
55804
58508
56292
35556
82142
6546
11397
84918
44077
24732
16854
84708
29602
27867
90190
87251
78281
7571
27286
54905
26370
4095
30694
12623
65519
53209
89157
33422
38603
94562
27259
89293
41417
50114
62729
46209
95550
41907
35564
33002
72377
72672
40745
10266
18667
93343
11291
82782
75838
53100
21467
21718
15995
89228
27183
6182
67879
74193
84421
84391
33159
89904
85399
61349
1223
91422
38097
38107
42063
55310
27894
75807
55894
5285
72148
15528
59514
44483
25587
78847
85505
354
82244
71756
59330
97357
27276
71742
79046
6896
52140
5536
34769
24678
75253
72955
46426
14739
33326
3315
80325
67306
85048
10913
71670
38043
22393
5193
12295
65189
63100
74908
67208
86063
93196
8224
40577
19185
39151
14505
90483
84912
82113
28169
90626
83532
50527
45141
71836
43843
30651
64855
75445
4471
61983
68628
99964
8864
94453
4589
76574
81658
71408
32236
74009
27929
6479
88553
11411
77246
61981
94766
14476
99865
17394
33116
80018
16950
74019
52748
34333
35496
92359
53576
31215
30008
63211
88866
23436
65343
4196
92998
23491
81532
29857
33018
23755
62710
82557
2266
22503
8332
9964
7916
45052
80153
29565
31460
52850
80207
29601
56897
68152
61754
78232
70314
94489
92328
93205
42830
18862
69580
98713
96436
80228
27649
1593
24132
28322
46878
36780
3278
70095
58724
67112
24786
67492
90220
66062
86593
74860
99964
6957
795
96203
48992
22887
2102
13693
71039
58301
53057
9202
75715
23853
97945
16050
69799
35611
16135
29201
80345
2113
71806
53034
83674
64674
57005
50933
47093
6299
72591
71549
78206
91676
58282
63292
75910
43056
64670
11777
86
31363
74791
84059
14248
56596
38292
4507
79041
19558
70248
24350
47136
35070
29465
54295
8755
23856
11583
20677
81159
17122
45411
30322
20399
14752
15214
26736
2531
38598
10238
98772
63865
96020
30396
35898
12358
12142
90000
11577
67949
66934
49896
61297
64289
25133
53988
82888
8509
76265
94139
29876
88994
54012
82167
30201
12279
45097
4217
26908
92479
2512
68443
2985
45388
65728
35602
81654
95753
94990
85207
54754
49423
99169
2305
5215
15381
11857
38754
51142
66865
50592
8129
63700
26289
58319
32103
11072
17415
98503
17221
66880
15919
21864
47656
41095
91921
70522
9316
71606
95976
92684
30776
19791
54276
82469
87231
7065
3539
86376
24932
43937
90217
38605
33653
98415
66051
99315
38368
7734
78493
23321
40032
90254
30170
11765
65568
19462
54278
2151
41062
26648
26075
52999
39124
43849
11886
85357
76310
14318
18369
95468
49636
95355
34690
79335
1451
69352
17862
1502
9631
57699
4269
62434
69417
15902
45196
79216
78649
27375
86610
62744
28609
5670
81103
66743
47053
35332
97438
81896
47262
28400
12407
12060
60404
26528
39078
49486
42753
70698
97166
1559
31855
36183
87377
62557
74743
97933
19978
58660
3898
17973
45306
12037
79890
41294
4123
10941
14653
62424
33613
47972
61218
25278
1656
55283
69437
56839
36710
70854
29464
55735
95937
50391
77230
68575
62164
37476
79254
35488
78569
77122
91873
50488
49385
46696
36478
66469
13681
83855
11828
34490
67221
83105
62520
52512
23252
50643
7071
48859
80140
23478
60769
52617
44686
79751
16446
7412
21450
72736
84185
79126
98247
17957
36883
44711
91568
89514
88772
42537
42516
44261
88115
10321
32418
14706
10797
12020
23507
72672
26764
47465
6036
43005
73909
96475
85572
64911
88532
40393
89827
8564
60349
16271
85877
31705
49614
28792
64107
79158
84857
17732
97082
31704
75580
68375
75218
19867
98013
25223
62758
33263
40188
25444
50510
87490
84137
13189
15142
24729
93082
35238
46580
27670
56265
98549
96931
67448
74690
68108
58212
8358
27147
22797
9752
93713
89417
86739
42330
26872
11444
28657
46458
42518
34518
56449
68413
43616
42189
87533
65184
35749
3125
27468
10176
66844
93994
80336
2310
44207
98282
4504
80897
75317
6183
26418
94352
22072
15561
70406
88021
86533
71187
4828
5807
4290
49235
5590
30572
28190
36299
7945
7264
47290
72703
21403
3690
75503
23227
72690
35091
27196
81706
3501
87994
64805
42568
939
9817
30205
35543
96413
24738
34546
7943
72028
58871
14621
15131
54465
71600
90719
15573
10042
5011
44414
40870
17450
10830
98552
48712
45182
421
99481
77996
517
16813
60049
64453
92979
26174
15629
84542
11176
72489
13365
75798
25967
86258
41391
91409
25412
7227
44732
40148
73725
50289
89413
11528
60823
19131
13555
387
47179
82193
78158
95109
15777
90092
89556
57018
22141
19310
38552
76983
76566
68274
10283
58000
10500
99896
43212
35255
74177
13593
15645
8278
46949
6236
17858
53278
4884
23458
25011
41396
47853
48076
76919
15138
1774
55954
72085
19703
60641
13951
62391
23736
35245
41339
36896
12423
78071
33718
10634
31222
65794
3988
93196
58874
47587
99581
69707
86904
9277
63271
58915
66156
4553
14076
82067
87714
86634
31446
95682
77345
86528
74814
55839
81988
76184
99510
72632
98655
43443
23078
49920
40458
32927
74585
56083
55823
81788
89405
11070
1695
40218
68527
87265
90189
52000
36536
41965
59685
49538
12501
25259
21252
49204
32299
68529
25184
8686
99452
73834
48959
52955
81004
73596
45660
50827
27180
93249
14468
56036
11868
4752
25784
77417
35858
10964
81051
2607
60888
44729
52848
63831
65792
44947
27354
34974
82728
76875
85323
81461
40347
3592
34596
47242
41585
67493
84551
74143
82450
6263
13796
97126
88820
80860
30278
41764
6160
97960
59226
39974
49012
38073
49003
72881
29080
82087
74745
59755
21276
93581
80240
87144
35211
78023
48330
19823
3150
13333
91507
95801
58113
96372
2046
89372
82513
3483
62696
49830
95387
45875
91056
39195
7200
98073
22960
24467
74758
37433
32833
60858
86280
72244
23419
46053
62141
10946
41316
56816
7422
41593
50072
91836
66068
9535
22678
50561
3484
56972
71712
64218
70093
9418
23834
11046
4019
47413
13631
2196
27439
94282
52269
70435
77002
99497
59208
41713
25605
43914
4839
23157
79753
40836
92813
16801
73520
72073
37051
39522
1044
49473
36525
50002
38314
84266
75987
85690
32766
41768
6954
17698
82796
2418
61038
5017
11196
11422
10629
50526
78139
1663
21190
52710
61965
5786
67840
92341
23898
14110
57919
6139
2387
2253
4553
88666
619
6762
21456
97410
64094
21241
91127
92513
33285
90753
4841
96902
63748
91272
25363
59901
18911
86976
59056
68396
52738
53281
40560
44858
34361
53206
84616
25660
31047
29243
36049
41793
85038
58852
68022
79999
64406
25667
81801
24381
799
28335
52351
66363
29580
45995
42690
68055
78442
56682
10059
63557
95505
14922
62915
44571
10693
96123
43146
26223
11965
73721
22840
99439
45885
82909
44688
78129
24436
77220
73795
22906
56127
50093
29186
87768
95048
21563
88104
37657
89019
56816
21511
78878
70323
52536
84047
61235
28202
67976
31677
17023
49363
45572
23112
10763
8059
52046
40611
18865
4398
7645
91634
51353
37814
33297
83887
85490
72338
56154
51143
9508
25070
33553
80137
78039
5917
52495
57397
58195
41443
70623
86361
98488
11678
55574
20021
17258
98817
97771
79687
53302
53619
96519
37541
40497
82757
37719
82675
8959
72361
47068
35411
85647
92661
77634
61205
28110
75913
83811
20508
39404
47929
12537
4799
31076
64611
97240
25974
98043
6655
41208
90949
27236
14855
47588
86760
28768
35783
60133
78215
42944
70388
92709
8443
44492
43204
71434
79390
8185
55690
23893
34849
66553
86710
87424
92336
80954
46978
98208
8231
9113
42346
48680
30064
6872
27554
30780
9018
69669
77778
38127
82601
98213
90307
81909
54532
52087
13518
97416
42651
99907
56953
82669
36003
60194
32445
89425
70826
17872
22169
39679
55394
6787
73815
67996
89905
79922
36651
32382
41844
93755
75909
52659
21348
58767
47893
12376
46073
35248
37857
38334
26379
26519
36635
32185
89962
45729
11945
50145
91585
6733
6412
22989
97173
87286
95341
62123
88663
41605
98249
89281
87211
53741
52906
36402
2876
40114
48291
87977
57122
22444
84094
12317
88835
27553
51162
76351
18471
30889
46692
94524
57390
10249
68790
50145
19897
66964
52932
72566
72144
93178
40590
60918
32154
86081
62101
40699
65014
84329
88432
3198
1382
67914
24341
12251
4480
25357
2768
55579
29585
95210
77745
40020
34332
69823
41713
56833
33001
96492
56211
97843
68410
83015
35293
83674
35790
11135
63376
36222
89818
15116
74721
23087
2573
44518
74416
1622
78127
20554
94176
15183
80900
81096
25924
95959
76811
96867
51685
97673
22535
52546
79489
17432
37045
4979
69161
53991
18463
70722
34324
29905
98615
86945
16882
10112
3089
17655
70263
52514
52994
61807
18013
8475
29976
99670
70105
64206
50377
89615
84160
97517
41356
67407
9849
43626
38648
22068
16158
74630
11817
12768
80865
52560
57492
88309
27779
58103
94592
15606
15767
1238
32886
34105
30280
84296
66293
8957
60960
17536
54638
18264
43202
11072
76396
97785
5629
82159
11551
82692
21790
33876
36100
18440
44718
34912
34888
23943
22733
74648
91946
32127
2658
19
15195
70165
7378
63440
45587
19006
38429
10539
52417
79942
35243
38093
5304
42204
75865
80917
5913
6131
7155
21955
18503
67120
72096
60102
44670
34605
37528
81566
83376
82425
91282
60309
86951
60399
36247
48717
61059
97560
66736
98314
76904
74175
19721
84302
43014
30874
3993
13163
94289
46844
98077
55176
89411
41033
44317
63325
39297
6380
51788
86454
39313
11755
54408
93243
76118
13809
123
72531
79236
3727
11185
67325
70490
50456
11999
6123
13270
44670
60044
62556
21307
45495
84215
10045
60570
80758
49863
9811
95150
18968
69274
22977
83400
95505
93150
97983
34675
63850
19583
84292
8857
30463
63852
58476
56479
61646
32166
31322
13740
77074
46209
94933
19902
90331
70112
96787
7646
74055
9021
84030
44900
26683
34247
93392
15418
7103
35745
6271
23010
6125
85805
2164
64794
15058
79477
5940
55168
80149
35747
61634
27525
97859
36075
70647
69702
87614
377
78119
5835
56371
36319
11148
26897
91927
15559
64786
29123
59854
47401
17842
69781
70243
13439
58725
12900
98541
86989
87236
88192
52440
49246
55804
71784
71077
5494
41101
42293
51980
22276
85412
29304
88092
51993
62068
43594
66099
83786
68693
82115
50512
95226
79757
20802
67448
12161
64377
3447
47311
41257
64103
59204
78349
11914
40522
96193
79773
79343
25010
5930
84135
1336
21880
96107
82756
74790
60515
26385
10924
75581
47984
16700
34899
81967
36816
1736
18620
22919
95332
56052
49282
97056
90457
4058
92747
28487
11062
86067
12309
68792
47244
65902
53651
40914
80113
27504
77699
48431
19851
89104
42275
75902
8919
79082
9817
35607
72401
60641
83063
22885
33941
82130
97282
42993
71874
88490
72949
66801
40891
39324
43648
67097
43005
51276
6800
46041
94713
74150
48981
22067
22159
56964
93079
64521
77784
20602
14907
52301
5186
80088
86796
20906
11435
13133
64541
46099
37977
70355
39015
66029
2161
29380
44004
55657
87074
31271
7507
26221
49012
42485
55250
41450
56888
92074
15744
27302
65798
5717
84438
98216
64367
26303
2102
29757
82829
34444
59357
15672
82996
99460
73937
78288
34620
40649
39135
23476
36057
46249
61019
1228
83274
69238
74557
75383
62000
2834
1093
1008
92557
18872
71171
54490
66649
25247
22636
89241
59217
79404
46430
81347
98324
6113
36027
73167
53617
36994
6994
54418
71381
4352
84504
59036
33036
39829
94428
93560
94754
15108
24627
75535
34589
57627
83142
21321
52000
48588
74940
92060
57810
64274
7184
19145
97055
21535
84066
31009
72458
87822
27860
18493
4349
26315
11597
24604
28118
77562
7913
54836
81803
17246
24970
53649
92675
53602
25124
14130
45984
7186
14375
31718
91751
21082
50706
54575
76025
52993
18562
76028
5719
68437
64112
4870
59942
68390
41748
99119
9574
49455
32149
71382
62476
83823
21222
51769
87328
45081
1817
14254
35789
12110
75932
76922
13037
62266
53975
887
12026
37973
74863
59817
48426
95785
2587
28999
98993
70553
48996
60811
8815
2951
83037
59334
54119
20191
74437
73648
84483
30710
79639
53171
15917
91354
80361
75734
40925
92772
71808
36176
76081
70177
18972
38975
5568
75849
1499
7061
36854
82848
79784
78303
67819
94005
14696
18036
51920
17742
28683
25121
34214
18812
55301
5800
28818
57875
59987
9638
62129
50058
63037
30441
22770
994
99721
71039
32266
66878
76721
7025
66392
63521
86242
39250
25822
9554
66654
54199
85417
14607
28223
4157
74181
94644
4094
22246
82566
14205
69702
16783
46719
83825
59610
8421
6192
47770
70300
96933
33516
39074
92741
97726
94954
47103
30549
98347
66492
69879
48489
32691
82523
22538
89404
9861
17413
40862
964
73393
89561
13587
12705
20556
88119
36854
6262
82252
91
93361
15010
10396
45776
1559
16191
80262
80965
14556
25024
40902
7420
23496
9384
19856
33953
12578
82943
39951
69242
47791
336
79779
73352
39833
97643
61914
74665
80638
22497
78316
62688
71503
50353
8961
51823
67605
86290
67065
2259
23382
64416
66803
22873
16194
62480
71739
28429
74483
29676
33121
18174
53403
13875
99837
62794
99017
33613
54343
74510
49244
1707
8676
88784
99503
42070
9254
89577
52326
8270
76084
43650
30984
76538
99365
98365
99526
5940
12758
46726
46128
94268
10835
75647
84506
16820
30435
32102
89680
21020
51639
47447
26878
36901
62527
4081
57644
26996
43082
71204
78461
73221
31847
6037
41139
6168
1396
13764
64468
87024
32650
25887
77809
89777
9880
45678
58096
86371
81600
63064
65405
58067
47866
91294
26033
54725
76407
44475
34389
14733
90373
93207
84951
93676
59663
38162
82580
21175
30198
97904
57565
95224
17561
5959
20526
96363
34464
68313
59388
15781
20927
39872
33154
54127
51181
40614
20015
18519
67654
2282
76720
77929
42730
19656
36532
36456
64561
80740
43050
13216
25276
67262
77714
27131
56356
8422
10707
88984
38828
12181
2698
71010
27547
22782
9926
42090
40744
54031
95828
37702
77853
39814
99738
17194
92622
75490
72627
97551
43470
31383
4009
18056
50293
68585
38664
91717
15510
52059
41990
15255
45770
15474
85783
10405
1795
25707
39680
65565
16824
99131
17512
56432
41166
48022
88858
87634
68893
52196
412
5271
27537
60561
31039
58047
1888
24496
39057
80723
84202
10112
45236
81649
42420
40032
79602
4348
34024
41681
47715
97549
18765
73739
92279
38975
38207
10371
23574
60810
60456
38494
81844
24750
9069
24917
22591
8178
17233
80224
84871
6456
17989
96326
46882
31159
43347
31039
37918
22285
40063
85119
78761
3996
77330
90239
79641
81579
77267
63150
90785
97480
83688
29145
33480
7736
24399
6436
3740
27652
73681
41916
7367
43332
31176
74803
50483
34368
71140
11326
4922
5819
27131
33058
15393
24
1258
98018
58890
48749
52850
11483
77748
7155
11346
73686
41435
9328
39012
25268
65003
88357
16501
81634
12256
23870
65246
31720
68270
40873
48743
82072
59738
85858
41748
59435
64018
15589
74412
61361
53519
14332
98163
33963
16483
4507
7971
63222
52212
41919
52930
53704
17101
70281
96519
50480
73472
7951
44609
86969
12515
24491
68093
54774
89144
70778
72445
64062
90939
4672
49510
86135
76843
24004
77737
46753
59209
80299
36924
95394
98671
59388
46065
11971
3992
69276
74315
70014
42610
4449
85045
39120
47827
82600
71215
86721
20452
2145
47622
64583
7437
18931
98282
42843
65020
21360
43942
12224
24713
57889
12993
19349
85909
81361
12396
8424
17122
44855
27438
53828
11470
50294
34148
77808
74782
1409
1015
516
42954
36701
59165
25482
77803
78926
38577
41204
25932
11634
89863
15427
20255
58238
98936
61965
30724
83897
67013
41416
6092
38102
87445
27231
10837
66181
66123
48971
63662
41830
20002
816
83764
77641
60812
13310
17605
5608
6593
18618
32001
28893
52973
94787
98771
98788
86453
40069
11143
14635
91566
48613
78419
88171
37249
88253
32127
784
31795
14478
21035
84065
33793
7178
3731
86331
92516
8029
94717
54729
44994
51385
25332
34538
89585
4734
68036
51846
31393
69628
43519
56039
43028
98256
72830
51708
40882
71030
42798
59120
57614
88317
65028
85289
11571
75963
24160
63138
18527
97362
75663
6783
75430
82526
84791
21952
14837
5496
25281
44605
61049
48473
44218
73465
59269
78476
91347
75457
81998
30223
74306
89363
47787
20258
1783
76473
57856
27845
97678
72820
65763
86462
71686
53419
4251
1648
55254
69444
48626
14591
50072
56321
61361
54646
39585
80631
75727
45752
37976
74413
69417
98113
63245
6916
36730
82882
63723
87465
45467
92414
37261
75937
85839
55372
95377
82450
79511
83967
10669
47582
67234
59402
62913
16934
62873
1653
70715
39120
99641
88114
37490
74626
19098
35189
15109
72966
64476
22914
92739
511
36026
20727
25780
19656
2627
4335
72640
58536
94036
25468
29154
70213
57922
29231
10025
97916
5781
83574
26031
38128
60223
70697
45710
77064
18228
22805
25129
18838
42713
18590
95560
24974
29166
29784
29746
80257
9414
23334
42233
28667
42898
94555
36795
61984
80159
2386
43963
29981
63142
62930
70145
11717
53847
