65604
62738
26057
43697
56583
67751
78010
98880
14177
94417
87472
28635
15622
1348
12268
6821
4784
57271
50028
10527
53578
96071
76904
26620
38668
37473
15194
54059
5124
55030
60049
72792
76228
1748
38052
1647
1627
90487
71097
92151
72863
51140
89702
56074
55207
73097
36495
32965
31069
65191
31316
95910
73019
31575
74360
25040
47808
75197
52166
3233
64579
75569
82833
21872
585
71122
73890
76034
81008
5856
28059
20611
8014
79603
50788
9325
54270
76505
60344
7900
14958
81597
51321
28675
66004
38044
63596
4819
44231
30334
19832
39768
74623
60694
28169
2100
38807
79573
22837
75903
69302
17522
18845
68269
51689
97698
28338
66885
32740
46400
75088
61347
90092
32740
20333
75841
71289
44358
90800
71427
92893
74846
16289
57809
73947
78227
63042
46254
39149
38673
34083
16670
31627
69548
60786
68201
12816
36947
88629
1805
21251
7792
13484
67113
22889
68417
673
28207
57718
50065
60947
22514
84851
28121
9659
77770
84844
3073
84143
1281
65126
72174
36473
8787
91107
47366
12168
32805
41983
58819
3656
39312
63386
85138
46600
64231
2069
59490
35305
1098
31891
76549
79199
17664
43985
63364
99224
70828
94756
45985
29488
58178
32442
92626
77368
84578
98159
82512
33270
35249
79010
90898
71916
57817
49422
84361
84881
55968
57824
97048
66335
22964
40876
12541
9499
26386
38088
98317
37249
64847
41410
91713
43821
10595
39695
7154
85699
73515
60466
44231
20462
63469
55128
65958
86681
8237
6063
80792
40937
78442
57009
58831
61140
39371
109
86756
53378
16434
44004
12766
98497
53634
90589
28599
51022
10839
59503
35625
97008
20106
82375
28889
67606
98668
64382
12517
73464
3180
88991
33031
43093
16930
45727
26647
18975
88373
34056
39650
70518
95576
18331
51693
35123
2036
16067
97574
98392
95937
67953
67374
36989
70819
86476
77684
19806
72700
29569
36159
31570
88926
62782
15583
54463
63932
26570
45499
56543
48763
68446
35161
12793
77733
29286
21080
6996
19339
34025
16118
33435
66204
79300
9094
14950
71813
3692
10049
79393
95143
44493
1003
35478
71631
71316
58713
58206
19118
45488
87467
96224
23782
10418
16361
68396
28606
28391
95101
3319
1752
20045
26015
42299
58936
83745
77930
97540
42211
21110
23279
96748
83081
55578
8863
53021
65086
82133
58859
40186
15053
57164
19173
92323
45770
11040
108
74737
948
89348
16298
34921
41298
95341
80435
6342
78178
80731
7465
35823
5149
99300
18289
15378
24178
73346
75807
13194
50944
5168
60532
62674
20049
61172
44777
20882
5028
78218
42300
27197
74388
64806
91647
27796
65651
9052
72150
33766
72518
76049
62157
70189
71429
81664
94787
30471
30126
44459
45816
89771
95726
74058
69693
34933
93609
21096
19022
7428
44433
3620
32317
20866
13498
50085
16114
473
15132
91934
68116
11092
30888
11180
81825
38077
41513
27554
58372
53726
3227
71500
33213
84954
78964
9928
4445
86333
15086
47107
54457
62824
23960
18695
45265
93687
50315
32498
18109
73982
55244
35812
37206
97681
39373
80410
23023
76794
69075
35446
28440
61977
70239
66118
73091
9907
3593
23840
25735
46244
54208
4248
15623
9961
875
95741
1712
75980
54387
1057
22559
88469
26764
22917
20490
96135
48452
55525
89985
89673
46276
73982
5945
98757
84527
61276
71270
16293
46303
72697
72538
51881
5761
32458
78333
88283
9937
42774
74402
95696
18006
79807
89768
72145
51744
55378
37551
25565
77590
92845
93722
6871
61012
78217
57380
29092
54516
33602
7728
31457
91895
68392
81554
53326
42084
34187
98484
3270
44321
41416
12005
2654
98446
10652
52857
71245
30821
45486
6590
87387
47516
7081
15364
57608
81039
5171
73352
67605
1411
98904
37779
83127
1556
69617
52812
57571
9004
16397
2035
69379
1234
15996
80164
30959
67994
931
35047
95719
83807
44189
93729
79225
17779
80177
94929
63474
57688
25591
29066
15868
7537
92277
4346
77036
84561
2362
97082
61708
42322
59703
31373
80305
26730
55268
70133
81606
40138
43524
926
90033
31055
91627
38731
97553
15841
3029
2580
54551
64048
71551
75000
94455
2257
96154
80726
5335
55568
7491
66664
9046
56319
24126
68784
36994
91943
53354
52198
8442
83807
4392
72408
99053
76364
29950
43580
18711
29547
63321
28205
71699
29291
48535
61385
10737
31763
21873
732
58816
39966
51529
14499
67296
45904
49670
17362
86578
46932
56755
63599
14197
65714
80979
27819
228
38129
84128
96334
93296
92731
3824
6374
64001
17463
81549
40771
97687
66920
64833
29271
40021
47112
5240
97242
30799
38148
54765
50100
94757
57422
21379
15085
37135
17753
21970
63142
23063
3771
60024
7581
32955
24920
32652
86218
4278
89246
12966
51804
32663
13506
21875
18275
94290
33830
41282
65297
41168
75164
60633
13951
38049
3233
66842
31496
75920
72421
71836
58040
1200
12611
35837
88393
67007
19957
62613
31716
84603
91947
71506
8280
38394
6580
61926
75681
84296
99813
49365
52935
7414
22528
27804
12727
78379
61402
19966
80532
26442
45500
75435
56636
21871
59453
76263
14095
64868
23391
97368
97922
15095
51185
7333
52248
54722
58274
21779
80333
72229
22076
64271
9680
22078
17763
54131
52518
10096
97079
20739
68281
19201
3185
37350
29314
90486
62565
8965
15587
88649
54351
76892
41933
96772
381
28282
34121
69815
74116
46990
91530
4517
50687
34535
19379
48339
18965
21929
14312
99618
47445
8448
79784
56085
31558
8665
83652
96531
61887
53111
53555
78669
36853
60483
68225
16302
63090
38745
29664
15643
41134
34290
50554
60904
68618
76149
11831
67185
68644
56393
21299
96341
78026
50723
15129
99151
63991
95745
90670
65550
59310
27979
39279
79717
14488
48855
15199
72049
79966
54895
73291
6778
88097
31289
34693
9920
43965
49530
50944
26131
66468
21566
99495
9592
76572
49029
35730
9777
65713
82055
15
98631
15161
41441
644
96069
96385
82514
6396
18784
80168
45877
72130
23626
21578
28589
49014
46140
74658
39545
29954
65958
85351
85652
70827
33328
93889
31111
40079
34224
70829
38570
92675
94148
93411
52857
17503
67158
77463
95569
8315
37266
75356
96538
15529
86993
2879
78691
17742
29652
49339
5895
16466
45709
79468
54252
88034
73041
55547
42621
96410
67060
99801
89834
41369
28065
65177
95850
29433
24111
24018
47749
22462
61550
73104
66887
44654
24710
29030
61701
5715
65708
35375
36508
78413
55309
44725
53138
72216
59193
61994
40716
98880
3585
22564
3096
37066
12284
11295
7435
4431
738
71703
6600
1388
40254
88097
68339
94852
39805
53957
73939
79089
9708
86768
87988
99788
53635
30958
70014
77028
8475
43849
83227
12192
2581
14446
15992
49292
81111
74643
15141
31783
4279
71662
64447
20058
19091
76996
28389
16087
68997
58975
95327
76843
96907
41656
60160
10770
66783
51151
85343
42760
70391
89306
21876
51266
88181
41409
8903
92841
22134
54029
57400
7157
52604
9685
37666
7258
92165
51570
533
92724
62900
46791
20214
68134
93976
15795
86445
2142
78986
39447
80679
60359
8023
428
72656
89093
1495
53935
97403
27853
18049
4901
63784
18326
4871
52873
91770
23095
60609
47504
59085
13710
26046
25481
83742
8166
57353
83625
8292
12382
53815
95074
21792
60797
39236
40421
91248
22322
28494
6272
86573
91623
47350
47362
5488
73397
27929
34118
11079
96825
37810
29362
30854
69952
51539
65890
35768
62050
2486
52239
58817
25567
22417
19024
34079
74312
18883
93620
69287
54340
82816
38850
67707
36778
62506
48627
27385
58555
88871
65383
38773
83409
62398
14253
75303
41415
89140
15636
3256
75271
85511
21751
73036
22547
38644
9639
15092
98191
47036
49897
45693
37741
34438
81044
18855
31884
65640
67006
78893
94739
64359
43500
66541
40569
28169
80000
49300
63851
24161
97170
15008
27390
68013
71865
43005
59700
70724
69915
84441
65773
66410
8600
87106
70817
37509
37729
62246
19427
91698
16530
91649
89518
13892
5330
79101
23315
91817
40998
64260
81560
23007
94587
40264
31060
36836
50548
4973
60826
10921
9002
55181
83073
36484
63481
13614
67045
38735
33746
82519
73817
3228
15672
49604
86816
61228
38397
29267
61436
56361
45855
42374
12134
17713
83866
87636
21773
55817
78019
73175
49618
12631
87955
92
18363
13819
68833
91414
757
78095
18936
39153
84686
5786
86759
5003
34138
56952
40393
71742
23907
68987
38091
33869
45384
32282
37185
14813
2085
93491
32210
38981
81694
22134
36508
23659
65144
46943
2764
58853
95931
76241
4871
75864
72894
72761
35100
4312
98274
67916
80404
60010
41878
93787
16968
73179
17399
54416
29805
29069
92312
52269
54098
37460
30752
796
68443
81384
59889
75641
71562
12868
38192
16593
71115
77651
59486
30190
60341
10104
45403
59955
57642
92717
92835
34979
89694
98517
92989
3971
30920
33399
91656
61363
72319
76851
732
62118
51092
65267
85662
20556
74644
39136
88645
55998
89628
37596
62176
38613
9761
87822
86077
60186
83132
6452
2600
95690
47676
30164
9325
29869
26777
20830
66342
69595
94329
90624
9285
94590
15362
86906
19638
85785
92307
45012
74587
65983
79061
73719
62877
77442
80957
5
51295
61650
30864
63423
89055
65560
34803
8208
27525
73425
92500
41265
57232
90650
90217
29383
60620
66325
35961
78528
48337
93605
23700
22498
73477
86834
15581
61342
81612
73665
71273
88314
11104
63163
6473
52438
80848
73909
71999
9339
88602
63146
91803
93164
44688
77532
13667
87463
54831
70228
26664
33892
45616
14415
69028
979
98812
20481
76991
85576
97633
49063
27960
93876
11601
40433
34766
23862
35985
62991
7533
10490
66154
54778
64562
82840
36047
45980
23856
2547
76364
60926
46618
41229
28797
79867
59519
4924
90082
91949
28801
74038
78865
52921
14405
39688
67734
17091
86529
81384
18303
75666
73344
86130
7147
21215
59140
35565
6939
55726
56535
79459
58085
30711
79336
66476
12115
71273
87823
97972
38642
54632
67395
64344
87868
25301
3771
99215
98395
45038
18793
84036
5127
34015
61077
71814
57162
98799
71613
98716
73123
29924
55158
30243
57266
18127
71528
93565
21945
13574
86716
96277
55666
48966
59593
55903
56088
94927
30259
38565
23616
99748
2921
26974
31295
24649
5722
86017
4574
10421
51702
42103
48967
96462
86449
25223
1698
27346
75781
84746
79735
18269
16824
86466
52570
10566
81403
53365
11088
23619
17675
59661
58582
73126
18976
25309
9811
42148
84336
5954
84534
57716
52697
19774
75286
3509
23540
11443
27023
259
30584
16704
10329
776
74126
24593
9117
86784
52547
87442
63548
46154
79546
85829
57609
23534
88145
7410
57848
97009
84126
52296
3269
46567
96286
50009
13960
44053
58938
39804
80676
61879
6955
62973
44841
69901
37283
43477
52630
13799
83911
75277
18753
61797
25172
51965
20011
52990
6449
89864
26679
21691
12918
34720
10128
38493
69557
17000
37268
71903
82180
63215
94055
59585
92886
57658
53305
15886
54087
88429
26917
56854
18912
30299
17417
59714
48958
35946
17034
83778
81243
77180
7919
6730
83653
41131
84082
76908
37102
13452
92578
46060
75299
23738
81400
26662
21153
25309
78325
29745
10407
89118
92682
87870
72682
76815
73145
96948
11871
47857
71878
85883
33677
69483
70477
57363
89905
28234
83214
21304
13890
6924
8789
95193
19743
76294
64693
76754
88957
90074
20187
50996
48805
67514
95594
33681
33885
1812
30172
21288
19673
94011
10892
74824
88320
1834
27857
65603
64836
92664
55175
14658
91101
62028
724
33422
16466
54284
11148
51363
82282
26827
55424
7737
26253
78287
12767
95700
75461
29114
98755
95644
25639
115
4616
97373
54258
4409
96808
87572
62058
16876
51546
69041
42887
97195
93072
22618
58090
74371
18371
97258
55142
13720
34870
3840
60744
40813
98572
99084
29902
7290
62842
61841
47242
85301
30896
58472
87430
50412
14951
76172
43169
14
35113
90560
86247
60087
21743
76237
12495
12749
447
77326
76035
64660
32137
59474
58179
54572
86351
82327
24896
15932
44844
85395
21846
19311
48775
2143
40057
41123
9917
72039
58387
15630
19506
66032
13919
89424
36396
30727
44904
59063
30462
66322
8176
26850
30684
36333
3022
56767
57377
82732
71406
53725
23969
11756
58254
79563
40589
49341
55852
17008
17607
55859
37769
76050
87163
41210
11
45259
55908
87432
71234
88580
16729
55121
3741
88611
5908
69163
84104
50895
34286
85432
58549
14716
54861
91636
3239
62679
51332
12111
42540
80916
56102
77759
58682
22087
71776
51370
88809
54966
90989
90790
25839
5249
21326
10681
57312
37831
8854
90384
17442
44291
18038
40804
32919
70519
56592
61144
20615
72608
98100
35533
19266
63908
22255
39423
67382
84073
78804
90071
75488
27215
24663
86693
29600
50694
83585
52252
47726
40517
74135
76893
71533
86652
9797
74643
18818
24273
1591
63005
18869
49923
82374
62709
69841
15890
21740
90169
39135
17198
25675
50819
99377
52621
77892
14806
89324
30774
39930
87919
17657
30921
97613
95323
94769
52109
2050
89363
18775
80642
79671
1513
11204
30167
73860
90430
78538
60521
18593
13785
68936
20734
28672
90350
99051
65337
54403
76215
68359
55006
85627
90770
12254
71881
57875
14068
90765
87252
26673
30848
42245
11358
7032
4565
51438
9639
74873
40445
20246
33957
39244
80496
47870
42272
27228
31157
14364
22612
49269
73868
461
31268
63857
68021
34157
94960
15504
15827
79561
66127
44555
64738
41001
17408
31306
85489
69869
2446
29123
58074
98756
38586
31497
99726
22624
40478
99888
19253
42259
62653
87305
25798
45561
62869
96483
63580
79649
77098
99989
92671
11689
88394
2249
51301
7259
28749
71577
36242
52095
92890
89391
94893
38040
32232
3952
98174
57829
55229
61043
46668
51870
85578
76783
50322
87205
54435
42580
49158
52701
57241
73021
69667
71560
40688
89500
92711
38722
40792
28562
28014
94924
15637
34958
28125
18208
28024
5295
95996
63685
80875
75450
20050
46197
40598
829
11282
22333
9999
59712
79048
19885
8857
25256
28843
68467
25661
70390
14017
36550
1281
6597
63715
65157
25552
34166
94605
38530
15026
6268
29165
27555
39495
68456
69896
40473
31414
67071
75472
15694
13532
39720
90643
85460
66863
23811
27588
17544
42286
94014
1384
81766
41959
74488
39945
72188
48349
88068
48651
4699
27249
42205
90107
34017
69732
2407
13435
71559
91966
4050
14882
21617
9702
49976
20689
41142
58708
5552
80759
4523
87092
1254
86388
31148
64167
82787
58040
16218
31353
77894
65650
47497
39313
76141
25974
62931
14857
80370
9990
80809
53522
40271
84679
988
54236
11645
88736
32759
56783
927
76174
68480
63880
57855
91639
809
99773
50585
88956
42064
52412
25398
80966
79248
84501
89267
33082
75739
1694
56510
99731
97569
44429
20027
85628
38039
87153
18217
56121
48718
4007
92187
71415
41497
71935
68879
94003
39286
54085
25255
5302
56549
48293
14136
50397
72202
30422
41121
50356
59353
77161
13509
23213
56260
11545
47426
85393
9850
71656
8069
34062
27257
2612
52705
49750
76531
53039
95020
67011
21083
63245
72648
26440
15379
35677
58928
12276
62201
1920
83654
34029
92817
66528
56806
30583
72856
83083
90570
5448
73987
6047
44133
88134
12148
57440
36998
41818
24189
55079
10644
94811
24389
40637
61532
68694
10419
45986
49789
50029
2993
98433
66586
15310
97538
25812
71114
73915
95736
13591
13274
30711
46105
56375
4320
2343
48578
68701
9913
7191
74177
70601
17645
72520
22338
47410
65049
17986
78120
44540
17031
18985
81065
44397
55256
23036
387
5744
55085
75397
63339
51204
35752
65219
69192
50220
38305
35402
21571
18300
96027
93165
64939
87782
49295
63074
14755
76711
11509
2405
54873
67971
54303
30143
3827
41663
90904
11742
96496
67297
65122
26913
88005
29279
9829
84048
3503
31701
86939
82081
62601
50682
73406
86908
10076
73741
73557
98605
58943
39211
1620
22281
82033
58524
17114
84330
31951
97378
60279
13113
32824
84838
82000
31229
73684
74745
45192
4426
79293
41994
55985
94465
61949
99196
44708
84021
50940
63885
35904
36784
80215
13280
60335
90901
69123
56958
14320
31004
64043
63214
91208
48680
66845
79184
51896
33806
627
91721
41725
66018
25354
35330
75879
23085
66481
24304
92793
24636
72518
12090
74380
84551
27776
70322
44614
26361
99426
39084
60725
13435
93964
70435
11949
20002
95700
34882
41050
68931
95792
93273
65030
49688
66266
46671
15168
93569
49280
40732
82915
47722
63219
89198
41218
22168
29362
55400
86160
72711
51473
73539
18657
23096
9249
55436
60862
63577
31063
93190
23267
52288
50394
51364
53325
84844
41183
56790
22210
13977
36723
57646
32545
36770
21786
78407
46357
88447
96017
61560
63854
99271
56448
75660
67847
85599
56031
31320
15329
28455
35590
14413
3153
49722
59781
27915
9165
13646
51388
53567
63782
34763
14645
9792
33589
90076
63944
21595
87062
42757
63976
72372
16156
43152
21149
31180
16459
44275
29582
96033
22904
97115
86285
3485
95412
35839
49047
54646
99064
77184
94648
93956
53774
64081
3380
69617
5005
499
64539
75934
83788
30364
64644
66624
36466
40660
27260
23485
48912
82068
75495
51428
39964
90839
55593
29545
9928
66055
53764
10973
44381
52447
90627
4449
81659
85226
77599
52944
36048
82690
23822
41900
55361
1063
20807
87334
19966
83636
77806
34839
39673
6263
11462
10745
93430
3285
6531
64602
56350
83791
73599
54145
80417
27889
10385
93781
98486
28180
4857
7814
30667
86929
99581
38940
711
94664
76356
52850
1493
232
31187
42077
3424
588
41555
86703
20124
12643
39269
18241
22904
2573
6515
23804
81832
88251
8191
48494
94057
33230
9503
32676
80247
98440
17212
90360
85614
46277
13159
66281
39635
82986
98176
17050
60536
64569
56297
10002
90175
60661
36052
45453
89945
48776
33465
47713
14955
7531
35162
79010
44832
18525
43198
60985
75230
64019
62549
79587
71398
41361
98849
60346
61250
79535
51564
86661
87848
73654
3993
72795
24894
10944
36366
35657
49664
43295
63553
61581
53911
79939
52491
42841
81083
68126
30693
36255
56635
34253
29430
17034
34832
66684
80052
15922
69068
73033
6306
69852
57798
95362
18731
94999
71286
94740
27536
96278
63613
98850
37797
68507
91391
1031
24231
32869
71694
39877
81774
30488
84935
62569
19842
89460
58033
16231
47984
23157
4172
78750
16743
1759
89740
67366
74870
24442
22013
16730
70015
58428
20941
12435
36776
79536
27084
58111
52012
26379
3483
71899
2688
35291
12018
40174
40719
2999
41216
43117
85592
4222
22448
110
79854
7908
68950
45676
94310
47617
77636
94754
23229
31466
57548
45672
20421
97816
62082
68026
13274
88637
45840
20011
44736
27827
92460
33438
90740
56221
17680
3461
23949
19581
34698
2009
24309
90264
94226
50928
58191
48015
31397
96799
79209
54650
87804
17669
85194
6476
8782
79760
83429
45535
47192
13396
44981
68150
88441
46935
57033
49249
62283
68506
95348
41297
98883
51528
41889
55019
32158
72628
84809
37605
12388
54457
90278
98409
99869
34768
23085
17644
74713
51150
724
11931
12250
64728
78683
34099
28388
41107
57399
85514
82243
69126
53456
26941
84721
90606
31236
57823
45919
4587
94150
58773
69713
90549
23053
88748
18795
77277
31559
66847
24818
35348
874
98396
36882
54240
13915
62888
35016
65410
30961
71132
74269
19637
19550
92566
52513
79902
33013
1531
98447
11970
61283
47814
37008
70015
81477
3060
4459
90827
88626
68185
55134
55765
76820
25406
92102
14697
52819
25033
8367
12036
5011
20574
87356
83737
31380
25313
76377
7824
89081
69163
80621
67080
9294
17943
67101
14036
85781
10042
69702
7970
50201
42356
49311
80944
44605
35896
31308
2846
24582
68807
97202
68793
71639
41770
3592
79360
46930
75964
11278
53885
56275
67041
86289
29345
41701
4394
4015
54211
29672
97454
28495
36012
56861
14843
12020
7225
13446
20953
14258
73494
44535
91367
83665
32238
57076
33484
41852
37445
4244
84594
80474
5422
12230
72380
81660
88877
74926
76782
4955
85277
91874
56680
75248
73485
8773
35542
69161
99167
9273
37387
52583
54282
43078
83865
50616
21318
79953
78197
97908
66226
28393
19113
81813
30710
64229
23571
11443
99760
60758
8803
3466
47896
3104
24373
22180
41706
99474
23978
40686
12847
35656
81574
96041
99948
19072
94322
70684
33935
25142
53363
99699
82628
52493
79895
25579
52916
79865
81240
62640
37448
9674
53340
66875
77460
91365
88000
46634
50547
2876
33756
30575
66488
49166
57310
62849
61217
45934
21690
2642
63136
51224
38183
47120
88705
31440
54936
5651
9581
2104
49322
55530
13721
64891
18637
5327
81083
3499
2145
92133
71887
76226
64711
67802
67705
5512
50403
45924
51990
39686
44059
11874
28441
42665
81463
59363
84829
54910
3418
90106
78187
32871
34599
4961
3932
84024
85979
65311
11970
72218
61227
51446
44400
308
18343
19461
39536
25448
68917
62702
17555
23645
4058
33769
8008
82683
82683
19551
90546
81088
6073
77531
54924
50166
7835
91869
78789
86543
83048
77317
46495
96534
89608
54472
41214
2305
70657
73705
93897
51417
18170
60623
58042
4934
92028
37947
73945
42920
53049
19064
6157
64947
98843
89300
80550
67253
74108
34955
18597
24260
78206
52847
11731
49869
35559
33032
86129
36678
84545
42519
29051
98991
8161
88876
65178
68607
91147
14930
86858
78417
69534
29811
91046
41534
48883
72401
98383
19524
24499
92835
16955
68585
97954
78409
41466
77268
1
91507
36370
5131
56587
64291
44351
27907
7385
31870
68135
47988
21703
27418
52298
11611
89386
91204
74605
67910
84017
27728
188
22019
24632
87790
11894
4637
20380
32849
60600
45601
59169
34948
11138
21056
81525
8147
10197
92402
61869
86000
69473
42527
11717
54803
61092
8095
36019
77149
67664
19438
60217
8627
3809
92792
69691
17282
97566
28254
36862
17172
80641
35045
17747
13567
23056
82986
21600
70440
37600
88503
42275
98828
12194
68291
36135
302
74065
90719
49004
57904
12147
71815
12370
65652
69474
45137
8500
7571
9877
18815
78477
19306
2696
99719
36253
51777
49576
35474
2067
32112
61465
36382
81066
24583
11220
45765
54698
56418
95700
55842
87591
37429
75740
86342
34869
14609
85397
27000
86260
11349
20457
40725
30352
44965
23728
17571
43797
61008
21993
64025
20114
89614
1562
83760
26820
44459
78493
19435
98257
41699
80071
39220
66808
57308
62937
46401
70231
23905
7573
49424
69848
28905
36559
18135
344
31133
73782
49478
3891
83354
488
79406
48554
48304
4839
23693
82502
8825
9662
66222
70496
50930
40582
30726
7684
2140
5948
16261
49687
65468
86911
33762
32054
98428
6948
20617
53987
6317
81779
59155
46210
43822
17109
85476
16563
86644
39467
54429
34907
82470
2438
86028
35432
65994
47866
65472
22702
18321
85634
18446
75302
69390
39845
10575
92445
5618
85909
17766
42550
9799
94111
55877
11537
52457
99550
53858
79794
70842
87631
16242
15581
91810
58808
62760
8047
54563
89098
5444
74782
86387
98949
86107
38180
34133
41220
74016
34047
46415
11101
39491
16236
75840
99981
79334
44250
28658
20662
63390
76631
66674
48485
30114
37438
31663
58165
66046
33457
99385
43159
85914
69088
92648
85276
44203
82473
74488
79602
8548
82154
87772
57955
31755
79619
10325
44447
23370
13790
17971
75957
70049
97638
37378
47882
35045
78257
23459
10095
18097
90501
33716
25173
26293
70862
41372
3555
31622
44549
38626
52968
36838
7412
21898
57618
67146
22353
59365
2526
48236
79066
10716
51930
5599
3920
60882
50258
12769
94126
7024
20567
87678
83252
56717
67029
96968
53230
52719
18173
5085
84655
11237
36996
61959
53123
60625
97083
76630
5769
41125
36754
9869
87917
43066
12700
32872
92671
61501
48308
34467
70897
85498
3679
8245
40880
85369
46855
37581
40785
98290
10445
31421
59740
9654
23456
3792
63434
55255
6709
88744
87415
44656
25563
56706
90605
61888
29343
76254
4699
43302
97495
38293
37152
12683
62067
6737
13802
44212
59454
70931
43755
24687
4671
41330
59972
90662
23049
84889
27579
355
70470
91512
26110
28192
47572
86512
31182
54094
90206
51246
7891
73435
45520
47567
68488
51587
75367
47916
21845
39425
60285
87500
51884
66163
24696
41918
30398
27532
42197
4577
72143
77510
86636
39700
27181
50240
85735
19444
81865
96769
31019
32609
60799
5812
75064
55861
52998
47987
40122
33982
70141
80973
15187
30874
70825
76140
53779
84825
55679
51114
10556
562
34531
99187
76910
81785
26140
52077
82395
85870
21485
32765
59821
21121
46114
16186
64334
29198
61443
53386
19489
93731
12890
57123
3444
8917
24639
55530
62270
60423
12217
31588
16920
97325
65570
27379
46186
70693
19143
27117
21258
44853
21154
56993
38040
20448
22279
62478
92118
23823
8476
19606
49365
86616
15930
46356
76385
94692
38910
1888
64041
13206
23903
19589
35032
19726
25285
5173
46605
5121
5746
32047
31712
94299
58825
85943
98039
94112
19915
29147
63107
48327
58440
96533
30815
34579
1100
50827
95958
350
61633
49640
22711
59801
14930
41475
61362
22609
41363
14547
81150
67212
86711
19661
18577
44875
66267
22788
43869
10237
12655
80621
85074
8847
26371
68776
38683
58303
12746
6049
12857
34644
45984
52874
28730
83650
72608
23505
26839
95562
53059
7347
73043
34736
67835
7509
32220
18787
60666
45427
23006
18144
97249
96378
28411
55382
2117
47150
45999
1707
59006
12710
86890
40366
10023
50226
82727
83640
41470
4867
60212
56251
63815
77465
25841
65244
14370
33523
7781
30656
87396
54717
42205
52299
56750
20265
30465
75715
92733
86031
79774
85756
26204
26143
28506
81233
92502
87779
3636
29760
76975
95920
85361
65214
56284
39174
99946
67619
39618
53397
3801
942
9667
3990
69616
96659
31638
90719
19591
58029
63550
64692
88652
29026
10970
27281
34806
49176
63079
50935
58866
57715
33965
79640
38980
28986
43456
34700
50641
13548
33024
92831
39895
95463
48359
81777
20637
65915
70648
73717
36382
26736
41738
77563
59694
43702
15983
71663
707
42879
10665
85103
86764
59958
86932
99233
3378
8724
44586
33511
84450
66172
36925
93321
48081
61596
36734
50114
67929
27792
75317
81434
2015
72518
59178
17693
43922
72482
53583
56117
97137
69849
76937
27909
65526
98332
81492
6109
20276
45962
28765
43354
96038
80468
4928
23185
19534
44776
92316
91439
22470
56042
66285
46775
6354
67692
61124
88566
28296
63844
10050
54058
52506
8169
77048
16470
55521
58737
63655
19844
24281
23543
89532
24713
2388
82845
26
47489
41558
85552
33231
73087
39341
32087
71807
36203
37870
51854
34116
54318
25889
53921
84972
38969
29024
81201
28459
57877
91897
82752
57391
13911
89706
69448
21350
49901
24527
7913
67224
79132
35527
66150
23246
89803
5121
6600
86424
46186
59809
25314
71294
63331
97322
5392
58619
66123
36658
62344
98393
99355
19601
81794
87290
26436
2989
41450
38446
58784
93417
35863
899
40650
3975
10089
60291
60252
43650
94780
4031
62708
16893
62304
15247
22
3880
31973
11387
4698
19395
7723
63331
31177
15549
82387
1886
11965
38707
75143
4190
76111
95395
95262
58223
8241
99765
79363
86971
69769
98456
62635
45542
53131
25426
28892
57044
82090
1157
7299
69371
25293
86144
52872
52322
14788
56729
21504
15605
54110
59664
32680
139
9479
83941
17000
5406
52444
48860
65692
10542
27494
28266
60177
98148
53504
99922
6294
73635
16794
74256
36688
61662
82254
33919
35210
62897
41318
66005
74923
53720
55951
30883
63961
60169
42594
10569
89981
63920
63227
33764
8633
77275
64478
10501
43326
494
29131
46762
76673
28175
67417
83636
93952
65469
97619
97989
78853
8020
49620
87231
12407
16198
44485
96490
72706
90040
57332
89287
89980
6766
57853
68371
60989
89295
18230
6504
94057
81346
93531
26431
25263
59139
46331
20090
4007
32135
65252
81570
90563
69579
9692
65122
84400
54947
7528
81009
84881
11394
55762
32091
42196
53617
64638
74003
84379
32625
77486
4124
29989
53298
19364
70480
23739
38611
61296
88985
13902
49225
22893
45403
11285
9726
44616
96595
16356
23381
47579
8725
57556
68801
18788
51349
17382
68920
33381
62477
27087
43403
81062
451
39401
48768
19279
64982
26381
51916
22693
36044
16990
64903
87251
71608
75677
88448
89200
16708
89865
9127
11904
40332
58831
67705
35989
93100
89617
92343
56377
72473
54977
33648
84413
85852
8447
92290
28312
45810
17518
93160
11218
54243
61023
87011
89970
18672
3264
60595
75970
40466
74830
24343
48383
29413
31535
86314
96937
12271
63013
41496
99275
38334
83045
48351
81325
30854
81572
41152
61702
12962
54126
34389
70391
37379
78600
43950
87655
1333
95408
43171
25139
46488
98592
45565
7444
37412
48878
28299
11750
72132
1617
45593
15645
51319
42458
58512
37439
50757
51001
22496
69549
17359
84667
26204
29917
22236
95896
94107
86054
68882
82281
19866
56096
20540
20283
42267
43300
24516
37382
98340
28788
19180
79120
42744
72842
67060
33446
97392
86167
37897
30940
56966
71673
92327
31457
52393
94708
83701
38200
76552
79586
89392
12643
90134
85417
21330
40889
66042
27859
20880
38702
88089
35325
46849
64802
95960
68925
84038
37947
45295
47041
56924
53924
39986
21699
50266
42911
36223
88382
29279
15079
56861
75097
28830
65785
68670
96594
62717
88355
69155
63666
76977
27671
83320
55894
81766
62893
38657
42240
80068
96188
73349
64850
27051
93370
26788
52803
68958
23108
84988
68173
22105
57354
30592
991
38741
35189
10568
40564
22286
87160
29294
49084
1385
2507
64631
2806
13204
66758
25234
55958
47999
76184
39121
28667
58570
70831
75792
27436
41667
2703
56284
82620
98021
38459
95981
69215
82589
49186
51245
96836
53585
89842
44734
48444
93230
46092
91215
34105
37164
79701
11421
79360
76353
263
68437
36599
16756
88637
22837
68489
88603
85652
94205
40781
38123
82619
95037
737
24941
60991
12324
76077
22546
7826
34940
36863
79169
57224
6828
48170
7256
30535
54828
50330
95686
61879
16903
59060
46848
12116
37979
74520
57454
55107
45549
56776
17728
95084
24429
35640
95038
8679
96352
81673
54813
6536
18958
27864
5094
45470
23644
43614
13133
65115
9983
21588
86953
65888
66797
99950
50716
99371
19844
44561
14285
79754
84392
95098
58040
15551
5385
49769
73081
15112
74197
53201
88990
47878
4875
73461
53174
66970
73178
86873
18203
38892
26750
56086
40825
18355
67162
55363
43513
70106
28757
86032
80323
76140
57363
14842
46314
47304
69715
36623
97443
81359
81378
46049
50336
90105
51384
43963
85745
45181
7229
45410
35219
88585
35737
53396
18735
42933
11369
58665
82909
6178
93489
69835
80517
36342
5919
80155
47821
56008
83830
62601
91717
86739
2006
50717
98991
35225
26855
50165
95332
3304
40573
79921
14812
36577
37583
90562
52285
80990
84467
95042
89996
64363
87467
48837
10182
37897
24942
29895
92640
39747
43413
17068
27763
377
37873
46484
13823
40185
62003
47612
70571
64290
86563
93354
6650
36562
9030
1860
29989
43048
92158
82896
18382
72211
4756
35523
51183
73908
48379
16058
59452
23286
38563
88497
16782
84428
17446
68572
82785
51917
7189
13952
80917
45800
97589
36463
13792
88221
34576
5317
90550
63607
16073
33483
46892
53313
43022
15268
26682
45215
72575
21635
52155
2833
57801
45913
73477
84333
77166
87698
56214
53448
81284
98114
80881
1538
34410
59989
58000
24057
53447
93878
3278
71530
22099
57416
59155
53310
82844
47989
13311
85887
56207
24136
75122
69842
64112
96870
6889
22945
66894
90322
55969
80305
33161
25137
97868
61051
14727
37043
37106
21925
23963
56373
63525
52867
41450
18932
77278
82275
20214
33397
16856
85575
76178
30785
83404
79751
74278
46742
34534
69341
63698
89737
21275
2006
6840
29121
60066
30925
67458
21909
13413
28321
88918
76366
27823
48974
64417
92044
46948
84218
73114
95029
73246
46477
6698
14935
17249
48147
69170
36725
11907
74249
87087
55238
6540
35920
36344
62859
56780
56418
60505
90157
47256
36802
21993
96863
89762
67841
87451
86385
2185
85740
94858
63603
96257
4751
79444
24815
21985
43797
26839
81205
90863
67451
60204
18730
65014
87959
51931
86544
97282
49338
59211
90167
77848
87828
40610
60640
57448
10843
53963
92363
12701
2783
21003
13359
42634
51685
82190
19411
99699
85049
12868
62653
66586
2481
72680
47735
32477
69778
23024
86940
51616
10666
14417
59961
89932
58441
65539
40127
19027
82701
64974
58474
80249
38968
57155
71842
10083
77735
92941
33981
99826
37605
36823
84126
91125
26093
15773
66831
13284
65837
4946
12376
58818
23082
16869
51446
17130
88350
27527
13404
76033
6828
67778
86638
31210
44158
84336
53919
30762
23867
47486
12331
58360
11217
39423
66800
51195
38031
19439
64579
99484
46282
64048
38916
36554
78820
97029
92366
74839
35182
1480
64086
77979
5627
76931
91061
20218
26440
25306
1316
16596
38178
41990
2154
41116
99691
51874
52845
35196
28187
44761
58106
20168
98483
85328
61306
32648
30432
20705
66314
12564
71177
20489
99608
86801
45592
36075
8234
2281
46757
88505
85063
18858
81093
64128
87351
44885
78941
11161
50430
45896
81988
37298
96170
28699
11572
42799
8508
98552
6744
19929
67759
86540
41614
3229
91026
58930
38711
85195
68126
1329
96037
13113
22912
48659
57716
56128
63945
83052
87205
47089
48558
65792
10362
57097
62735
15600
47171
17522
28390
11188
36456
92763
4877
42710
43970
98425
59992
20520
87944
78815
26527
72653
42408
77756
32414
33685
3670
90537
46219
46809
71359
22872
56403
6065
44034
4109
85665
24615
31684
29669
87463
49611
41838
70632
13129
74180
15254
4175
36191
46116
79559
11984
82764
93381
85217
46295
82327
83371
95269
5925
2129
8985
15629
616
71128
98191
83669
54542
21335
23249
34182
15388
65778
31217
93645
95971
21903
47500
16083
33956
11151
36654
19531
85791
1518
27578
49134
2856
22979
9952
96039
81046
83997
98165
88434
41587
28551
80066
67398
65411
91043
83937
40639
49206
98785
493
99720
95167
36317
83791
58631
19251
41840
87603
33509
51913
36633
45922
66702
1912
87972
30601
17567
34079
53000
32038
27001
76182
38084
68962
25611
46761
49773
8015
95107
87266
71587
41202
60009
65851
32838
81129
88827
56374
96299
31992
76302
75395
42060
1080
81594
96207
55383
73336
90388
63461
56578
33735
81564
79674
55664
14698
61558
73486
64002
37082
28664
48843
5522
21290
14342
19629
15898
8502
911
37953
86345
31383
82944
55417
38250
64557
73660
74003
89372
75887
83201
48308
28178
64489
81013
56857
1601
74803
88660
86443
31152
71183
11127
51587
41692
5733
93415
41920
9492
75071
19161
72052
72461
37124
22530
2408
90430
62135
67327
97227
58619
20868
7093
70024
77317
94473
79078
43542
1278
74088
56396
62434
55562
57851
84037
57333
67314
29275
51265
16052
24434
77364
82363
3909
37210
29278
74249
56735
20889
33321
72813
44456
47949
85546
21054
80602
30405
50219
88313
65742
68859
15313
45263
28438
87672
82401
96165
71183
32995
82454
15690
32105
80237
81353
65474
59603
43050
63428
33803
23737
57109
8470
85509
41003
89477
96364
74757
6710
9039
48354
39648
22049
21744
64241
24649
82397
56401
22683
10027
82308
11116
37207
31434
50647
17372
56512
3548
92702
79689
92626
79785
11143
17073
19821
76913
59410
10627
77900
98478
28940
7673
25835
62751
28080
24745
63078
47509
77161
22152
32265
62582
25710
54920
86262
42796
43885
57590
57007
5002
60822
50132
64032
88078
10632
10514
45606
50316
80838
15276
28270
45096
26381
64077
16940
28785
92011
40080
95427
71431
13802
21651
70971
82993
16670
18560
76074
1954
94665
91917
7631
52414
74199
14685
29882
26025
20974
46795
36675
65552
1593
5780
65714
9717
69628
88121
85118
87988
99761
6227
57784
80912
49799
67496
22951
15459
23369
50105
35588
52331
26884
80425
71079
21660
42097
91070
94337
80705
86876
40952
24110
54595
19035
74070
72901
31529
11953
84244
5218
88181
71870
3773
11476
4317
45819
31503
43759
74974
41200
2792
55459
57915
36667
70470
86022
38038
50107
78664
85087
98400
7478
55003
19578
95382
49283
35519
26981
37895
1906
20864
85453
22980
14298
47373
12388
9694
7311
41041
67702
69539
75281
85300
84871
56831
86218
77626
30673
77602
85191
16113
16294
80831
74270
28201
77530
10462
19662
6649
17908
99196
25318
31398
56609
16250
63241
78501
39674
59378
97924
69654
76925
97193
26932
67509
31257
79520
17018
52790
55538
98874
19754
34597
51685
88985
8380
45159
69414
55503
80834
37024
72796
3160
51197
89822
22268
30680
7173
19079
23280
89849
17713
14868
87711
77229
47697
52265
62002
80187
84014
40771
95287
40079
86579
10681
46582
9935
4133
41113
3904
40003
4011
55290
85753
17690
6629
93269
28183
81008
14218
4406
78175
58515
51003
67168
38127
14288
47262
89074
71816
54144
54858
1663
38568
54564
37815
11810
98444
57382
21840
90193
2462
25492
24266
36916
98697
78683
98917
6305
76226
47467
31148
57614
46815
3029
22192
98409
78517
10757
49495
80205
50574
79655
5653
77436
67421
15539
52413
99811
7208
65267
22091
82876
75163
1951
89358
74484
32005
75371
94454
2287
46458
17753
60921
49127
26748
89525
3340
69743
64997
23324
90084
63983
26192
16558
67413
41762
30085
19703
20071
44139
44132
42047
36231
22592
4769
31141
87917
97286
66988
213
59795
75616
9916
21431
92959
15069
38773
87736
83379
25234
19568
87000
13362
11695
98492
96116
58507
47528
13278
68556
65979
89850
78069
71052
93869
91705
80326
38296
74098
6397
98088
65630
25876
32245
29145
12319
95892
67058
60718
54328
80455
99915
36534
75613
28302
92008
8120
33440
45490
93928
90424
29927
49058
86108
14533
5728
42625
49959
55848
38985
83446
41991
9707
92788
98539
98899
42773
47606
15339
53356
4328
21054
31806
17753
33358
20534
92504
32398
94813
93120
11482
23487
58092
63099
81376
24467
58524
47442
58529
56115
38710
77689
97152
66695
62030
89771
57770
41000
5938
75582
58421
92652
5807
36821
21787
11172
16140
93270
79742
70106
96662
1481
81607
80443
57667
36774
53905
75666
21082
9687
65531
15853
41347
53323
94167
69956
77685
74807
51357
33392
34593
19783
19945
97244
81845
3494
69645
74124
9164
76999
5104
7687
77920
73259
21760
44779
13581
14698
25380
20845
89010
91995
47195
24236
13551
1239
32942
6023
10611
86643
27872
86166
37809
92588
57860
64035
60144
37291
22552
5586
40701
34775
4645
77337
98916
95709
7870
66654
62890
17373
45649
45894
55639
63840
26704
71852
44268
39310
82570
54845
84928
57659
90767
59587
97924
53517
124
41990
32086
21535
37136
79460
99027
92600
41719
19568
97057
27289
69219
58105
42998
66211
72343
6443
10437
94800
42151
29764
74672
77972
80302
8175
44847
11397
73568
71235
67384
48566
87640
52321
96230
51062
30398
94514
56844
24350
44820
92132
42750
23473
34800
4133
9270
13835
45646
18301
85996
85545
42053
3136
44199
74864
95978
5337
12444
7352
76423
99622
77153
46362
44055
11278
71237
91489
44594
58596
87705
54745
8376
50649
48639
73263
50275
17432
19120
59621
21163
79191
97957
51607
11696
13724
73526
335
17769
81611
95514
28247
76048
23846
80379
53461
26783
73412
58966
77510
35472
91855
82311
43021
45969
55172
72823
29543
33345
20185
35821
93461
37847
29702
14731
49648
18716
3933
45098
47066
33247
61634
37114
31066
88555
98236
56485
91764
57563
86803
72836
50750
41947
63203
46936
6698
95377
39591
27288
4006
8695
70189
33272
41327
34670
59823
48518
46513
23046
90528
16545
98542
36558
82706
52481
51709
53067
76808
65129
16990
32219
44248
78225
53880
67817
87228
54039
95895
86463
85942
84160
23372
1067
45061
46842
53972
74146
79918
61214
67019
91273
73736
71013
25689
70707
52250
38031
17334
87092
87434
68621
1781
62493
4443
12020
92222
33035
89646
74370
42997
59517
95806
28002
78694
81468
37996
10717
15148
55051
52618
29137
22901
17215
82984
67322
22306
20556
77616
51374
83218
81077
41653
24762
86606
48251
81159
16326
6747
22078
10994
25405
40643
28536
42944
66716
84617
80427
20211
2264
72153
84831
86252
33983
68798
88622
46645
9563
91032
89662
50491
77571
25261
31485
99693
62522
26881
71995
88888
78998
13546
13827
46927
70168
489
23907
52302
64251
89622
81218
80497
17628
32762
54137
51344
38194
46194
23609
20694
57097
30613
18269
37917
2525
73378
37426
59322
35081
66451
12300
62742
27815
61793
71829
24693
25784
83651
22151
10882
70883
35142
20835
70490
78712
81287
56002
43310
95626
63357
11887
22498
84769
76581
59206
18628
46936
16560
43917
50246
37713
2510
28680
14855
47885
40689
46455
3389
93356
7298
98670
53383
19267
17717
56809
43441
51044
79628
1903
34716
79708
57438
18092
30168
93843
78901
41259
29692
37284
36378
56219
4550
56144
12681
30825
59931
68749
49001
99664
56664
36844
4606
73637
99763
51340
3415
13287
66426
26835
61484
61948
73659
52555
83563
10750
83193
53023
68659
81873
74094
53526
66572
31855
92942
56397
65184
94446
9952
51290
94629
71233
86289
62051
29019
50202
47523
80989
93767
31424
96680
60902
5455
22654
73598
90992
50246
5221
99810
92521
75257
62431
42258
9175
55948
52014
56807
6667
95116
69577
65049
3664
87378
5194
66739
36374
95468
72602
32511
44008
9545
48517
71437
50764
69966
32459
46089
63948
57966
49906
57150
10690
78559
2719
17976
34153
40336
66728
72544
59048
20535
36626
55871
22633
83027
88954
40653
85552
13245
65168
31510
13417
91470
44048
6384
49447
59931
58940
22454
2671
4490
75543
82555
622
37228
14843
52105
95604
48408
9104
24521
73672
13779
74598
33855
97407
82153
47840
79844
47528
4572
84959
73529
25375
27875
66300
30046
69302
43898
40780
43194
25738
44695
97943
33231
58970
46554
10459
80569
37548
87215
2014
80020
35771
14267
81122
75040
94416
83163
52088
85687
35381
96385
39667
60313
24099
53835
34862
88391
75983
48210
44228
47278
72320
6023
89120
61424
38823
74565
79028
45518
14291
80223
94975
52978
63038
97082
55302
75053
37643
3000
40762
4251
52296
3733
97110
42220
41881
68122
32279
99258
4366
51907
75622
48535
24280
76210
59836
8559
36890
1853
92627
4179
54804
4552
60435
77849
98435
54662
89167
19460
20918
57015
21134
88560
11212
9555
94150
69404
57402
22077
55764
30018
12533
97206
96009
16408
98075
65755
29576
83864
93720
13247
12103
90432
83849
98241
28053
82519
42785
427
77927
69741
72100
20093
69052
10471
526
14767
54436
66910
8350
2948
39683
94404
66791
74774
2825
79797
53089
72603
82272
53736
4088
62436
84971
6789
33951
69477
8730
38493
35188
13379
62186
19169
29728
86554
24878
87306
40338
32585
9038
79352
82791
62566
49294
80835
2776
3365
85362
67931
77703
95537
79607
85614
74038
2803
10260
54254
6087
97731
10338
32876
56289
78829
55751
88972
63323
33133
34733
71807
67215
85189
51427
52014
42196
3744
19935
32388
7517
70985
89545
68464
43561
29494
23103
75172
26254
51467
35072
93333
64313
97939
88837
86433
34231
17502
94029
79183
91508
42789
8754
95686
19766
18219
31918
14870
83606
74029
32940
90551
44284
77226
77025
53049
67260
82672
70593
57467
71651
49718
54758
95014
60686
20061
43973
82193
36835
2635
71449
80494
67883
79878
43955
72131
22148
3591
50139
65135
3274
23024
48713
76755
63074
52791
57259
48831
22715
44015
25213
18565
35453
65960
54081
42217
61894
29564
74589
32980
49700
3156
67369
33646
10474
81818
38582
67162
63111
4400
54652
2325
90008
2312
79376
59734
78390
6295
15963
86451
87838
46960
17296
89759
86753
99962
87697
30813
67830
56647
97494
19013
65246
12270
39930
17442
43336
58925
45576
3718
18225
36212
87288
83069
8402
23466
58110
33896
39827
48854
16515
70114
60608
95567
54707
47704
42042
46000
44437
58122
25754
43060
72325
39480
97328
12416
18063
74841
98239
51282
41901
93316
37987
76905
33436
12194
92575
82413
65664
66623
26900
23346
59407
44997
76515
86783
15388
38079
67743
85250
11271
14118
45845
1450
94927
81664
62265
37961
29654
70195
98633
54625
73438
68252
18069
20552
25329
37243
28088
16138
16412
88994
42794
96265
14597
67848
90418
90780
10412
86882
19567
28886
83714
70544
81024
41465
73051
88259
21303
44481
63282
20432
34934
36225
19746
4713
51311
21025
60839
1591
43388
617
36874
95112
30461
17724
74314
2337
71253
65633
19160
65307
77460
60319
86070
25659
21186
21663
23670
32837
90270
27552
70137
79425
55424
8518
9585
1525
8053
96981
86162
97182
63757
21142
14009
37582
86545
52979
75651
28340
41359
80523
76037
70546
90486
92650
86418
91516
79898
9687
88916
34271
17638
69257
2335
69700
39411
27146
70112
20894
27651
13439
32278
84483
99461
11055
59572
32532
94153
1383
79554
18272
87264
54373
54152
88064
35056
90368
3159
14963
15981
54425
85924
73548
60342
55644
28131
83578
93476
8504
73262
8301
37337
51733
50888
90942
45235
94218
17234
6303
43821
17226
69603
54806
43239
45311
47100
52464
41135
76329
54913
53806
44613
43891
20276
57573
15625
96106
70248
31050
91004
34341
65845
81382
5792
52740
73826
31217
75864
69585
65199
59089
74271
59513
16004
19141
81049
97691
10919
49603
72773
3912
63499
57121
17524
78577
66771
56272
88887
9040
43428
7844
35637
22024
43382
76239
79978
62339
11463
72941
42559
12398
36976
80295
62910
65572
13195
12478
47009
55665
72892
78158
33120
3416
97976
98026
17233
8402
63933
95745
69856
11451
38504
50501
37040
81096
79197
50233
96800
20371
90294
37529
69926
62834
99342
75106
21353
89315
57903
25320
63882
71622
21521
63930
93184
60529
78001
34959
51371
8268
97256
29643
91533
17609
16217
52365
76984
68878
10486
23811
86434
38876
51461
36669
42917
84090
48689
59407
2101
30021
31688
34021
10021
23900
64441
6556
40179
61996
35408
23998
47132
12225
13514
29732
99549
68378
71163
98456
71070
90934
66305
63755
23552
96164
53997
91391
84111
54036
50185
11343
13603
6071
91045
75298
66725
87473
73983
35069
97289
64134
51783
1557
96837
73774
73228
36294
39874
17793
10612
80794
76757
20860
50665
53678
25199
47143
40476
99559
77949
89486
83396
40161
7387
28707
83650
93852
50232
66630
87564
13254
66074
82403
10459
65427
29270
88548
46844
32560
98665
11001
83677
36056
53176
34416
29814
16565
46501
49067
78164
71417
8139
91202
22436
42214
59821
62519
83544
37045
87870
68899
62496
56409
92714
75803
78657
77341
35136
53545
17865
17299
31981
96797
96099
85376
31749
25365
67574
89954
48527
69901
27104
72013
91134
31478
86680
70755
59101
24449
52531
50207
10039
41788
81638
10314
45763
53386
42758
74955
30032
9406
88885
72803
25485
8735
75922
54906
54994
93671
73758
64253
5819
77476
7576
81998
23685
42141
6029
98952
98658
24152
99031
79011
47650
37301
12596
26677
34596
84989
82458
15574
36570
9584
20940
99641
3786
10506
1118
11143
61720
61746
82501
6384
85333
98376
14514
23934
81003
62608
81797
1933
15680
81626
3020
24822
71384
85816
22353
76576
45939
1024
65006
76766
71621
75243
29166
4338
10905
39863
24949
34430
23322
33730
28448
49174
99982
55929
43352
23503
63599
31401
72616
88484
45983
41496
65043
40243
1666
13236
69650
89609
91047
24792
32781
56217
44230
200
93360
56679
19040
38357
13247
74945
63470
93548
10777
22991
73765
39318
2397
73600
17162
21744
53281
38903
72958
36660
26390
70315
31761
27541
60613
83131
19225
23561
97769
19599
98498
63262
12669
18849
93582
15565
3357
79248
49359
47250
60798
92409
40859
34922
36318
1227
72615
17659
38799
95849
21880
59625
39160
78114
83121
13289
93459
26741
45366
82661
63484
23406
48547
91807
87709
32160
16939
88178
31633
75318
61220
49213
14762
19872
19699
65690
34665
57457
48196
2906
37867
74201
18420
68997
96220
28382
82382
94698
87462
8035
27838
95906
28932
34674
82510
92465
97569
47481
14281
33509
42645
58680
39834
42115
21843
21208
18841
96639
79583
55874
14154
74207
9708
31313
52035
35583
99679
88708
59093
56032
40656
25885
50013
79005
22150
42910
90124
38870
88472
27124
25856
13313
51649
42401
83527
75936
9582
59747
44456
77702
29944
64684
98764
83326
19767
28769
21722
61121
63579
80028
93212
91799
50288
15823
69224
91051
69946
36711
83316
88063
58146
2778
63418
2487
57671
78376
19033
89526
41066
87500
25477
7026
57372
81041
84194
54067
28028
78974
82758
19383
96176
81261
34172
3959
24896
53939
5741
77142
66134
24031
90199
58578
20167
70756
18384
47835
10269
83875
92310
10078
58101
6432
79394
5289
42709
51005
21422
22299
69148
62535
95299
99901
14628
63178
84126
32394
63926
37000
57956
77707
28533
39771
37353
72160
67201
42747
38911
13717
8176
90829
55710
41411
52022
64562
37229
64519
4383
61509
20235
79926
7765
72181
84337
68662
28344
43298
79284
80839
95702
12534
72306
98702
49222
96231
17939
49853
30773
46156
8155
32507
8624
96085
13390
89809
62901
42894
48671
8607
637
98458
96864
15597
4354
11333
30825
6651
81356
20202
72353
38614
6118
45562
78864
67552
75636
78456
95214
38351
85578
42146
77527
61299
79782
69899
72919
66719
24805
91891
39261
71856
61430
2882
55992
90051
41760
67346
15849
89067
44990
90356
56428
88958
53377
21263
43786
94872
56990
311
2552
27522
17041
100
89175
73238
29060
29017
99049
26901
45935
27893
31466
35782
15756
708
6408
82264
45160
50976
43689
93307
67677
44811
6394
1141
82865
76238
96294
39783
46058
4431
5659
47749
20283
16092
18153
42415
16700
6050
76837
55150
88722
33271
14337
30965
25342
73605
8104
14728
8600
55613
19142
7014
59906
99664
31204
10818
43003
61992
67861
22750
46590
12573
23163
95866
16359
73301
22886
22766
82920
13203
19288
85957
43185
33411
72552
12758
6465
1648
95163
67367
85267
94959
44708
5160
85292
94642
70178
50353
13021
58876
23526
87872
47802
81791
88188
45574
7095
63855
71341
60315
6150
52173
29809
89650
5925
31000
19383
3452
39844
85616
76515
40085
56501
95781
36245
95487
18028
31875
24836
39663
21228
39309
25472
45250
26024
63339
44635
24326
17071
82233
49468
89988
30266
26765
7235
8354
92990
35070
51012
57989
70801
821
3207
89643
16954
8818
65437
36852
41000
64607
94695
92902
48817
39562
67414
3253
53101
34917
72518
42108
28694
40847
87189
26107
75085
21977
69604
23160
8700
95639
81032
17399
47188
64404
53550
57819
67561
6576
43977
91158
30758
38645
82593
16223
59430
96368
28075
14655
59085
46586
47303
56202
37830
88121
90118
38189
12972
34859
23759
91078
92830
49663
71628
55151
98864
25433
9894
74849
57362
59597
65241
46877
72704
12602
64334
42300
5986
4389
99628
63183
19865
82843
37193
792
20974
29982
33805
86413
63260
93164
61741
30
62807
33061
81886
46924
52410
83888
27039
39478
38244
38744
41007
8842
72497
67370
35265
6273
55291
72923
54686
52346
55975
74254
51835
82771
56521
93607
73518
43803
50982
55128
48834
47679
93148
70394
80352
2262
52058
64171
92853
7072
58372
65974
15919
63997
14886
79078
68150
50358
41757
3416
50839
54897
89559
26961
9612
59089
43745
46884
43259
90534
52154
78416
8887
3349
26120
8381
68692
77906
29834
66983
39373
50606
24310
17817
57915
91512
23618
89547
7660
1543
15484
88145
87325
9148
96305
26253
59615
79862
53540
66117
96890
21905
24989
79115
69327
89305
27910
83585
94781
36742
41018
72288
91669
12978
8338
20000
22565
74584
80037
14635
96974
15701
47286
29297
43134
26153
66557
36747
96874
22986
82982
73099
67868
97071
84704
17109
20771
21096
18167
61729
7642
7977
15012
83508
66996
89498
501
36295
96663
33901
79911
14919
49834
14223
68856
71855
8010
91799
81456
69408
58523
46389
52260
34970
60253
8971
2992
16297
43796
98001
12044
41126
80682
54089
33096
1048
51740
9105
60136
87935
33292
98188
2911
91860
2257
94334
36190
99503
60787
75618
51899
94931
50618
61606
66497
33941
51170
75606
1447
53613
80004
56167
64162
63438
2889
69384
55885
33377
79484
54839
28477
79737
19524
52021
21019
60844
70647
9899
38966
82083
86439
6654
12150
69859
91084
4256
84945
9548
81418
67735
30158
50069
16872
28503
841
23737
42265
61497
72557
54644
78263
42837
52391
65357
1436
76748
29615
68319
59404
22816
78633
13980
71183
58464
87162
86457
53899
73059
87322
59096
12561
67893
55605
65313
41974
89541
21193
12671
1775
11196
59818
58422
45000
4161
92208
43287
69730
70220
76151
72657
27065
6151
86502
95101
46492
5410
31899
62784
24190
5025
27619
32054
11503
37071
48095
10993
27192
77490
32630
37023
87302
35351
69463
98987
40912
10876
36342
29433
88203
10223
23401
44503
47461
96920
43304
62814
16438
30226
52341
67031
4109
87554
85978
83957
1796
79890
80644
93230
27090
43748
70904
70231
94903
27203
99330
28408
41370
40517
92486
92056
24592
22327
18920
13658
88202
49242
88443
39087
57845
74795
91646
1970
18222
95844
28158
61424
20492
9624
88026
95015
22173
10648
830
37571
25475
83606
17228
94506
31306
87828
71568
97058
59590
82758
63513
78141
93862
43584
77882
6945
38242
72731
69512
93807
9236
64407
14608
4733
87493
14158
50661
24645
98332
78371
36436
62422
96212
34692
18242
61852
54916
73842
66597
29455
41560
2172
96273
92687
94965
77473
32340
42778
29651
33379
14809
97859
34665
13018
63340
74294
37735
58895
68770
54355
45261
37611
67557
57578
2658
54361
8401
88867
46332
79186
35707
22814
43080
41933
20397
77589
48807
94245
50795
55483
75720
35355
82664
7156
22847
88507
2391
71043
43489
98419
81988
63646
68018
34312
61145
99173
15356
43959
73596
61705
31275
61337
20101
54550
34405
17316
80983
16336
55182
72772
51057
45203
62267
20748
74142
29879
66518
78258
58482
41519
41078
72840
35320
8531
99253
39878
74353
53021
88207
63943
89572
13237
97360
65067
69517
95498
25979
42143
78920
50568
59651
67849
82165
36261
39924
54727
68971
47
14426
87812
10579
16309
96550
47503
90709
33683
11957
38345
86166
89518
68264
63427
57604
17021
59859
72934
75649
47938
68306
83605
42027
14741
64115
35963
81226
21559
63829
15024
63571
43184
89420
90997
13348
39800
32023
84728
66741
2546
96506
24101
93623
88066
14135
45385
89932
45569
7741
51636
54559
34859
1492
5290
83408
14103
50906
86228
40906
12210
74000
26075
25620
93143
10394
98380
97991
83656
64731
41595
34757
77947
65452
67549
68687
13994
59664
3344
67756
77092
21247
33284
68168
65114
91140
76796
14651
22656
97684
48352
45137
97977
71819
95090
88257
86581
90017
82289
9039
1542
96135
24543
3452
88802
7417
29528
28899
37580
64325
42109
63506
33922
91429
43504
54593
39104
431
29339
33001
7815
84782
2160
76095
95379
70503
86827
80735
59385
61050
33052
79822
7045
10299
45703
82541
93679
85951
61184
14246
51774
23635
67593
32008
867
82089
29491
24848
37626
71010
42510
35865
12728
41004
60082
78880
36444
97449
54223
14126
52936
29859
1230
31238
45816
17182
8133
69285
83315
37296
14153
33837
25109
7870
15043
63944
63739
79431
52307
7312
9181
43699
91278
72164
71107
30904
85606
90442
44678
2372
24767
57469
13274
26784
85372
30993
6271
68338
18095
20928
91882
82250
27675
22822
6939
40439
63090
82408
38800
3377
67539
27081
33062
24830
98520
76445
74563
48742
18945
11044
28260
37396
38913
44895
98573
86549
97539
17660
42503
49651
1710
75786
59839
75502
70852
95470
83816
53686
96100
34907
88297
23189
68084
36609
287
2442
23547
66876
92419
25511
78289
47310
5197
71036
61390
15088
961
10098
70971
94285
20897
41193
13541
63563
98918
39786
99176
24747
54514
45306
75729
9685
30405
65477
69319
23123
21923
52070
80355
71377
74021
56343
68754
3699
22326
34675
62848
30100
76669
16802
98705
33810
88952
93505
54748
36803
46055
31937
99169
637
68159
6752
73631
76805
91847
20023
41395
2888
47635
10997
16885
97908
28705
19756
9240
72489
73922
83231
57727
80380
22057
79134
21273
21630
46230
69649
46113
25273
59866
15883
67769
12564
3184
39754
70612
39831
60747
97482
31225
70938
15269
53640
34506
85973
41435
39021
73757
51794
7210
26133
42885
45559
63123
36429
78455
65121
51350
29630
59496
92500
8599
75759
56927
2106
54462
1891
90871
33911
70398
25418
52653
23159
20426
63228
76083
25173
58081
94165
58546
92351
93970
97544
6468
55532
4772
83324
32042
12348
86543
10700
91703
86663
73318
60227
82394
74308
56029
59058
90659
99771
65004
77502
44502
37375
17831
13492
24892
50263
2195
50096
6684
19271
403
75317
26491
11083
1583
83588
39593
37823
9903
8568
60916
50483
59525
39150
5972
57426
96894
52569
8297
66008
49138
4146
72288
84240
45673
59853
53334
30479
32744
84992
61183
21573
60340
54702
88478
52871
40833
15540
8761
6802
86351
41382
36259
54051
12400
8288
14494
92639
41081
52176
56871
93030
3060
45229
59286
11497
55612
77780
94208
75029
34144
54742
93175
48645
69409
11790
19278
77520
48622
71620
90365
6073
66406
71945
21896
55593
73175
59871
15511
86550
999
64404
44035
60895
3488
78477
69511
84139
6916
80296
30122
38423
36667
80555
2757
80738
93956
7690
27514
95158
68133
51369
19249
23519
52915
24399
92837
90630
29903
64328
64112
50315
5024
39677
3550
53955
48026
95345
51875
35648
70148
54622
78947
52328
29853
96101
32843
44740
18771
20398
60688
67096
27430
65836
85698
19049
40869
37405
38859
64283
4239
2725
84036
10242
93743
83523
88510
927
59443
13702
2313
18688
43977
25997
27235
19466
52351
43064
94468
39952
36222
75442
10689
55039
963
62870
11929
92469
46185
8290
29979
65232
92899
73021
57015
77376
60978
89839
70486
26765
46374
30576
31681
94027
50520
40546
89907
95770
46062
24881
81183
15808
22949
46519
20135
20709
73793
46337
71940
46265
62348
82238
63231
38045
80535
26328
66573
30245
80128
71103
80908
44750
75125
93769
31964
3797
470
16928
35845
94830
58308
87388
73877
55936
65675
67722
46925
77185
41953
10538
36633
82718
28309
32242
52449
16733
43310
64154
8879
44398
98483
80452
30843
54418
33158
53973
27088
20460
91263
98869
82645
65488
34800
25734
77346
77083
31815
72665
32713
86363
63410
47392
71758
90835
65263
75544
63966
764
18215
36271
58853
66190
76572
92827
91457
69430
16144
46687
31270
88445
50150
59740
24846
33584
68228
18187
82838
47331
39661
97609
47253
36750
8949
77743
82722
37345
68935
80657
48277
81348
24455
87504
41937
45833
71648
13351
16474
46497
22127
14837
56357
67475
32549
32373
34250
10525
27187
18191
99887
44058
77837
74940
77910
37042
16004
67232
85975
26671
19391
17961
88011
39823
35976
17241
91485
69665
28886
72980
15114
67486
74042
69764
79821
47212
34427
87767
16760
45174
81524
4588
68840
28718
99455
20172
90639
19926
50479
40593
49085
32875
29791
67448
2445
25656
12441
47313
89483
2298
94371
92702
20270
16086
89159
97957
88895
45585
9825
63078
1518
79638
33468
10873
99659
29131
50449
68006
21863
3391
11590
18566
31918
16360
76797
42011
80934
57318
31243
96604
99487
87095
90086
78590
95363
95585
28413
96711
1688
70405
5773
67578
79223
95808
90416
64874
48062
13682
25746
9534
58056
11398
10926
11540
97609
91884
67655
4749
34478
39817
7741
52089
5358
5638
49674
17740
95786
93062
17168
38636
4486
12930
82281
75367
24148
10062
3309
48276
65371
13771
45333
81243
47889
2449
51143
87472
52206
3254
125
64939
49563
91605
70771
81817
63909
8938
69430
38683
86518
4065
4354
88777
82702
36951
55567
24323
82888
72300
21288
92610
59544
89118
29442
93735
92315
20489
81649
92283
89640
87428
47423
51530
35830
93182
81846
6797
83881
12916
94082
21701
99527
49101
17379
83280
76348
89628
95373
55394
23033
4190
20034
87647
63782
14731
50084
55380
70476
131
56601
62841
8043
33998
84820
66639
46642
6062
25427
63286
26706
56277
46409
90043
84755
68100
46066
23487
11673
9093
61485
14700
96356
2312
65582
69955
38395
82363
73466
74247
22378
7874
46974
55438
3275
12314
87328
49731
80338
66801
49866
24816
69463
82176
83483
87506
88346
28436
71475
78179
53066
34655
11677
75194
77087
4293
87907
74788
9827
20667
61432
26419
65664
21545
60100
19329
91809
94277
40079
94796
95981
1565
53338
66443
29010
79682
81618
1695
25840
58864
64240
96000
31252
25971
10557
82126
24104
71593
20137
23719
65252
8163
74403
99197
9544
78094
96193
16341
34256
84327
36379
5555
47010
71155
87382
28586
76979
41709
28480
82685
6218
55842
86913
64152
10253
64840
6868
5144
32398
62733
71612
84703
1398
41507
1532
78789
94119
86193
457
30364
39397
76291
54853
35247
90641
51091
7365
58598
36589
56135
24161
46290
52649
46346
70617
64019
17818
89982
69178
17819
83252
95590
82017
6114
86313
48116
16466
76891
59469
88614
49028
19185
61032
49155
19229
31744
79696
40109
33402
82486
45950
62948
36598
73699
82591
93792
70711
32394
55374
32914
83563
15544
42251
91847
95459
38526
96699
94549
38826
12769
23552
40344
75766
8305
21713
11918
88407
48973
27646
82593
53909
32848
87932
92422
19052
49013
86286
9922
85307
37501
25714
51791
88355
39827
2219
39484
50040
52690
80790
43680
31562
72405
99465
98721
4304
79493
60938
62905
35618
13132
35864
84777
78254
99072
87494
37673
78090
64935
40450
83704
81205
8817
89055
14725
97251
70875
55791
31641
50756
64857
91582
1818
692
84812
814
90187
49662
84270
52106
37401
85791
79017
97221
24894
94514
71078
69720
55953
38498
63425
53336
12039
22419
4488
15456
73259
59584
50439
50339
23379
45298
23751
16566
11154
12695
79423
93927
36610
49201
42275
69914
24654
41242
59820
14353
30011
27056
97616
57529
68702
31115
28651
83053
377
94654
59422
5273
54490
69626
11008
24600
3209
66295
93310
81564
38886
39608
22751
85480
38046
61163
34816
58214
73032
9635
36934
22885
68250
51415
87838
48488
67358
74105
11694
79319
2924
59478
41583
70564
72286
9614
43953
91737
56587
94948
54933
58640
68435
10479
66701
65634
66916
24400
6108
61438
39709
70903
91500
21569
91616
50071
2850
93765
42717
63214
32355
54103
17606
64549
24789
39031
74763
33485
44983
80832
89961
81253
258
66571
85872
94795
16504
44421
67714
44526
857
97330
85758
50615
32286
70802
81220
94165
97694
94296
67046
394
20765
80317
44222
59646
54553
84102
86230
98079
39466
5531
2204
33237
11366
68374
11905
88182
54324
16152
94697
27872
16001
14618
5763
84697
1440
79345
37095
24720
82816
48456
66124
31125
26309
85742
59593
15609
10212
97916
6816
89219
16994
99615
5934
14880
64825
62477
33241
72626
7572
10497
20369
97983
43707
35180
10566
36250
46797
78720
55305
35739
68958
47080
39265
26723
39188
5209
85039
7009
95390
65758
80132
3737
24668
94784
28279
84791
33421
24780
59692
8489
65586
64974
99991
77821
68080
41610
94472
92985
56489
39386
45217
45906
14629
49791
82483
39176
49316
32878
58263
95236
61711
6130
91276
99799
62982
53646
21391
1273
96404
98764
45945
53676
79187
35259
75107
3462
12660
59119
66780
43861
71959
48016
17630
27316
63486
25362
31520
80639
34225
59389
34732
71992
50330
40204
38097
58521
82969
15533
67068
89046
59664
30807
45667
79762
59872
53051
25674
7461
97332
71040
17813
30664
71014
98365
3724
45555
37046
15506
72966
53254
30281
91684
94569
570
60061
9871
10514
1551
89999
87026
4510
55606
73697
44192
23505
63022
21454
12183
20610
31647
88014
41380
68240
21367
93341
29482
