67652
32243
73418
92697
70153
42099
15489
15304
34931
23958
49718
13910
6052
96531
26802
19121
29673
51368
32182
38982
71733
77329
49695
98498
90140
58177
91811
49661
48593
18637
44250
55905
49609
50941
84295
34424
72615
24136
30254
17892
59238
7165
67844
24507
78691
72938
46020
79394
681
35972
37079
53824
33530
31693
85766
22435
43797
69841
34359
7010
95686
49975
98234
50436
89726
62503
41510
4893
31624
83951
3330
36542
82967
88986
28656
57200
63577
19410
85093
73282
22860
1427
7494
39201
77559
94687
2873
53635
10175
16768
37215
33548
47322
29594
9402
18356
99921
85480
7453
16708
96430
56674
723
90971
21370
90377
57498
12478
54431
31646
23129
5116
33499
23348
20495
66811
4329
34336
19472
54115
4319
63684
31343
826
56710
42668
83059
1613
62613
43158
52478
48588
51892
99633
28924
71809
39487
23181
84095
96664
55698
10675
41226
5356
68719
24218
9091
20025
92787
39313
16709
36959
40055
12988
25410
34504
56955
32884
66889
96316
69949
31866
81498
15035
91100
23105
48800
32827
16201
53228
12561
25805
16738
3484
5914
72353
24615
27474
76539
40721
55307
33150
49418
38526
3597
15391
81708
61304
8898
26989
93515
15904
90323
28048
72227
55514
60609
18993
29884
127
66210
59730
61833
4420
40023
94505
74663
42341
54690
44262
8083
96751
29950
84574
96620
5069
4842
67278
76
4780
94138
26037
12130
85821
63390
42275
66148
50094
23536
97799
72249
77936
85604
97494
34985
90746
22719
17328
96787
24537
79906
76815
6846
53723
80476
9577
91223
2167
36378
15703
88602
74430
3842
92156
38044
98484
70717
32634
77807
13494
83240
97343
73803
81152
14397
33925
74597
96505
56617
78113
26104
97647
65568
21667
44428
61662
45527
46108
7705
88690
7358
78893
60404
90071
49679
98434
13418
91089
43395
20310
64787
29868
16044
84511
65547
1884
65080
58601
27587
89973
6370
56556
14642
31484
65010
14192
25279
81929
94374
31189
44443
49715
97546
43566
74527
88778
26333
98782
70357
55328
27695
77157
8983
89208
24306
16138
22190
92638
62640
38771
49183
88510
48880
14272
54672
36015
5109
5978
86774
20967
11094
81030
68339
56777
75611
41387
98644
52883
24122
65340
21308
68760
39177
84527
99507
40745
88899
12413
25190
69717
88947
46002
90012
37270
52999
1090
94704
61839
27410
13408
39237
34671
71258
59906
65742
80835
75610
64827
94420
22700
50642
36942
18175
96768
17971
21231
18762
59805
49343
49556
95240
49642
93448
56272
34661
97346
53785
74931
6847
30747
30078
61555
47659
3873
68529
11736
89668
9010
91241
19904
37531
11477
94510
14657
45880
55568
34792
82351
35384
47539
14929
79011
13210
52534
69827
13595
18701
88792
13547
38735
97552
75975
71764
51863
34178
36225
8157
4238
53507
18853
56641
3502
52594
18183
63659
67428
92504
80796
91482
67671
9574
81566
74778
23343
99467
52514
9057
25688
85072
83013
62626
80245
33674
63000
25752
99997
56150
62115
75451
82504
9222
83402
7001
23193
73891
16818
96230
88045
76449
46341
9662
39154
41194
91189
99125
24801
80682
32036
28970
50882
253
42589
77789
97913
92537
68565
5730
90146
61681
59282
55898
59901
80224
61498
58769
77969
57721
39703
10274
1714
27623
37701
32942
74132
83618
71209
61667
25374
99191
64420
22258
8622
46540
96012
32173
87871
48985
54283
58889
6665
2607
67188
70280
32263
83221
46667
32792
58219
21032
51922
58467
75517
46303
98627
85965
39115
39243
95920
62912
31925
75659
61985
17716
26581
51842
96718
34256
37064
67825
80806
21606
72789
24138
53682
89945
3831
29287
8163
58897
91936
30693
72136
45222
53680
10659
76531
98528
45792
38941
86552
14385
80149
60649
21617
9791
6424
65143
60984
85071
36236
89032
49402
65678
70111
60308
5019
84456
70773
46675
13466
18321
8795
88404
37195
74481
57701
45426
58216
55897
75719
17322
39702
22341
6285
57170
53528
23183
26900
91769
34804
30630
65752
97145
12425
56714
90583
23794
18292
88805
59972
41823
83869
24529
17156
91571
79767
72184
53623
37179
70529
12602
11431
11659
23119
14334
25473
57071
56000
64854
13389
77796
48068
99208
38106
14184
12814
97977
16273
21489
97047
80500
11519
14243
98385
36269
47608
90262
62177
86778
66227
26950
8627
66668
66379
6396
58663
20603
92948
53512
48531
23658
50052
74600
46182
64178
28146
60567
14117
85485
26566
98159
32605
91974
9740
4867
52765
42489
23154
22054
89028
9643
61380
66118
96510
79146
81310
11174
1661
27828
81171
33601
20322
29764
56079
19619
89293
4886
90525
14256
41521
28071
84866
88797
65222
46403
71794
80169
76590
32477
76109
76418
47748
52256
42097
30136
49957
88321
90648
60968
54542
10369
45205
32319
90645
68768
1472
91143
65939
12533
64625
57278
48604
43853
20688
72601
22231
70903
93386
14430
60492
62699
91085
86931
51086
80117
87211
95891
86836
85964
41883
39377
44422
73370
56353
12645
87145
70456
49485
59024
95808
75946
69442
32776
9239
32257
10660
26874
61508
2723
58287
17082
19944
87166
76972
35441
84464
75367
27556
89368
40285
68670
24570
20602
67812
46740
80316
41804
54243
95618
27951
37439
46099
34744
21877
42421
21324
44654
9436
2028
7173
34600
54761
45980
99759
25382
84457
14680
96683
35239
10676
69675
2657
44202
53871
54179
75733
53507
72867
36285
37385
37284
51117
49038
9119
1225
37441
21900
12607
83213
7068
25359
90439
95368
18817
41249
58524
67865
48604
50854
24350
86297
25409
32982
39989
7608
13523
1373
57518
73209
40047
79617
18074
25528
86804
42929
51805
22239
68642
43489
19720
77169
45521
63688
26241
1092
15520
31229
31887
61510
97244
42365
93101
79019
57260
7954
50300
64795
77013
9737
11682
89538
40022
97448
8142
43849
12484
2417
84036
25855
65456
50927
12037
67641
52656
3667
88771
81805
49326
25433
58576
97962
17387
61275
68204
12704
90213
67926
67816
92636
26655
52415
58560
72305
93816
26362
96821
45154
86747
13266
78390
60021
44247
7786
90075
98327
15092
55979
95117
84513
51632
62635
33463
7337
17361
41695
95639
78188
46062
27829
99079
95920
51705
31697
53250
96937
66672
45701
9303
73629
37504
21207
88912
58542
74760
68803
91182
26690
35666
87890
18142
61756
27905
90922
8990
78384
52673
76013
79943
95991
69475
83299
5789
80907
13185
57698
15700
51083
79867
31834
52872
9359
55680
94041
33181
10710
81419
21630
41909
51016
20838
3810
88145
4692
49474
21620
69520
28626
1641
41023
53523
16894
75729
67478
36628
21731
61235
7973
31331
9504
31689
17985
79998
8080
52408
20613
68481
45783
47449
30188
22514
18824
5758
75972
84355
52467
67505
84955
54865
18800
87038
98225
31614
71721
60278
71155
62466
98838
36285
96170
95701
2454
7878
80792
38630
74832
31467
22418
94716
89631
77616
54735
79285
7442
15999
98338
74764
44917
46912
45454
87666
37556
5597
56016
42159
8674
84661
64434
8324
30351
52571
66553
98554
59935
20771
40620
65993
79948
3413
39525
38081
13891
48874
35630
28099
91284
39810
82326
75184
60085
68163
26955
19739
3198
40438
19664
52858
73846
12665
43812
58238
63099
35699
98172
49082
97709
21906
63539
49655
324
35019
5699
94982
36756
17871
44019
11063
61947
69664
97011
87439
72541
78880
4007
75703
3599
24203
34470
38245
73890
7476
58645
29100
2175
86058
27024
83524
90201
71938
12854
36409
17278
21569
50631
80811
67168
26302
59558
80190
54132
71851
85242
76880
36868
65227
59511
71042
79225
25699
5001
43402
99576
55052
57378
99723
40870
71300
11347
82078
17088
46304
6268
38562
35485
69323
89239
45538
65206
48044
99771
47854
11590
61680
32731
27056
57186
28133
16572
42957
40338
16824
75509
61378
95864
19835
60051
75948
93445
58071
61765
19155
10651
69878
97283
48260
20542
78121
58308
36252
55082
55052
93566
72808
44120
50760
90022
53520
46213
81083
57052
22002
39898
8146
98656
36491
42244
71094
7789
20145
11580
29419
84643
32040
93598
84870
87249
95616
31030
38943
28330
21198
66858
5222
60109
90282
46013
83574
56468
66729
8067
90797
80411
10107
37620
4481
94069
46392
30499
99859
77287
44441
30530
41204
59306
78165
71316
60024
11855
54729
87927
43324
39852
4734
24872
4401
59059
7848
72334
22281
52908
29107
89285
20343
82009
56853
95459
96163
3188
73746
34058
15393
17330
16880
32118
49955
38929
57380
22160
73540
28267
41228
9157
22665
2353
23354
27334
62804
48616
88571
72270
13111
24459
46273
38901
39491
67358
29368
83133
9324
79294
98382
6179
93994
20059
74663
70919
57106
35980
33715
63973
4604
85478
89539
59700
86568
22962
61313
87259
67858
74503
84261
30906
56106
75773
45785
38694
20995
71176
18002
964
8588
172
82521
80903
50741
47275
19365
71732
53821
82847
49705
97007
76900
58915
28320
86130
94098
47696
59551
60925
33172
91931
63938
24548
84737
80963
82398
64504
99714
64864
38264
84376
51793
37523
4726
54426
74147
82825
40598
13960
62804
28219
22742
24862
49402
19682
44586
32945
58322
71509
77859
29794
4784
46590
87772
71120
97341
93923
35212
63036
73070
42541
30239
47848
75386
49854
63714
96917
21217
25887
42082
15156
65886
58244
15883
56164
47677
82708
39208
11674
39250
38251
75342
68515
18664
25111
62309
22691
8086
24790
71015
81039
44153
39800
33657
2276
45227
1322
22412
86000
72928
99252
71333
78951
14792
73315
40444
44155
37112
52463
90044
65272
89668
21318
81662
35285
1240
61700
80237
49251
13432
45160
59273
69615
72659
6873
11771
70309
43007
73675
92830
20777
1240
52906
94291
73291
38074
27246
54209
18704
455
13856
53728
84088
26586
69455
16813
12414
89941
75837
25375
6224
70378
56998
27191
86353
83645
34561
30487
73007
12694
37862
4981
32106
75388
58907
59382
89802
86254
71339
17494
21459
88845
53036
46337
77840
2729
49861
76551
19773
91079
76790
99964
64959
37642
57721
60034
54486
10066
49807
60374
71373
5035
30679
30677
81264
25004
46683
73007
17909
12408
20640
36087
25756
92957
77817
56078
72934
98466
94552
67198
69915
66524
52679
26878
67594
73180
50468
50973
30920
6835
66633
49365
62924
22368
41295
74164
21452
3234
41919
10964
21183
35503
11439
82291
35837
41737
30501
70637
88845
87293
25569
80202
23661
85173
86733
19492
85422
13683
59161
10981
2605
91875
78024
99747
33038
91505
65582
64894
19396
35214
57334
12246
675
35430
51085
66613
73997
3743
60633
74575
67675
22229
1424
35304
93420
40885
52043
94692
68876
71908
68137
98628
86911
29797
25602
36223
98023
38574
3195
89105
64767
79230
9441
43405
38958
24165
59743
55465
73866
23990
87119
72988
25775
71033
20061
14307
2923
43522
5660
95474
15665
50344
96759
15495
32838
79518
91128
42689
33849
65173
83804
27446
33063
43003
81514
2797
7849
38922
77130
71222
55560
16371
25616
37216
30874
62473
44890
90627
5444
85394
10136
3593
69480
29661
34153
49301
29699
32059
82727
14628
94048
39468
46040
60220
56358
60320
46973
58370
47960
81369
17951
64176
71174
97459
39309
50949
12837
63181
50859
54501
89754
53962
68812
80928
59805
55678
96469
78159
32764
83792
4829
89092
30446
50755
54851
41329
61047
94912
69387
19141
929
98607
57434
1849
18404
40225
46902
1711
51537
52741
78454
89059
15910
56449
59011
77528
85821
53172
92666
9540
46798
48554
45927
12392
1958
69140
95521
7162
37026
68319
90046
291
26536
17110
57157
68675
74056
90694
40169
28954
58538
7612
84125
77495
84710
64536
89145
19755
36175
32541
52570
43590
18287
62766
5126
13883
41849
87347
68722
75298
93053
42640
16492
78387
85505
57630
60795
8252
18513
10777
92155
37618
40759
50000
37679
60090
74752
43523
69545
35291
59631
78332
46717
95476
18193
39197
55979
46936
70563
70668
24326
9722
59919
63650
46065
62875
73420
46254
44236
58714
84603
76412
59630
96324
61219
39151
26204
52388
35260
91053
12187
99416
17140
40028
46066
10155
21290
47450
56180
45087
34069
57980
8251
75314
43011
60898
41265
33074
45652
17594
18184
6896
51615
20198
97465
99582
41470
84441
51185
1359
87625
71717
9657
69175
9571
84089
2002
35750
4916
13155
55832
99443
71714
19249
7528
45296
12107
76521
43875
90781
14485
73819
85939
75450
41342
67501
648
631
60364
75971
97929
50102
646
3277
48815
56492
5116
66977
65010
87192
96841
99709
10627
60565
50765
1049
61289
68902
8964
75589
48535
94183
53891
72154
52685
21090
40353
34600
92231
79972
69125
77232
60885
1958
73501
52662
50301
12338
33281
35713
24150
43912
76154
10999
75141
7125
10435
37919
83891
89710
82468
84086
70783
71153
45662
72552
42182
64310
87780
69866
55169
96584
49798
74320
44121
3129
81744
79245
86621
35439
38181
80587
21122
18342
89461
46465
65395
13718
1426
70831
40753
55231
20629
48407
90888
95115
68243
91369
64869
15414
72450
31542
63055
25564
45583
45995
51374
93969
27373
3677
52366
78489
7314
45386
68195
32207
98367
55707
11516
22787
33341
60645
59169
41636
83561
83609
91276
68863
92412
29029
74438
19681
62523
770
73353
36097
70009
17212
91981
93706
61811
25552
57362
48494
53415
34316
47229
72977
41256
35065
78815
56027
61221
34581
37893
75419
55251
60647
68950
15491
9076
69385
25875
89164
57538
26264
66033
32675
80356
91711
79421
59759
35713
3599
66674
36669
87085
69556
5918
54517
3580
75825
49806
3822
83339
84335
40080
44917
93646
25581
11725
70187
11885
68285
5840
55676
25938
5582
30038
11082
92029
90853
30131
75975
4917
89330
64730
94236
84305
57350
95661
70594
18728
26673
55192
58514
85101
58161
61528
58807
5492
21304
24354
89857
53027
98316
85965
10344
29756
41712
78930
99783
83255
69383
1458
92837
19999
86969
18427
78097
58876
33796
87459
78174
74131
51355
40637
91472
43762
75607
99960
91274
84271
78823
35345
4884
75539
96088
24189
41739
58246
30927
45637
16730
58786
22605
26708
65367
94855
82379
59480
21611
94450
30664
94299
82149
31757
21053
6078
57943
25053
40608
33717
35146
76590
7139
97620
29978
45240
90269
61748
80035
3788
62173
86871
58636
72605
16257
35798
77509
57841
71822
44277
96155
31926
61571
20311
62188
18114
66124
16251
75010
31551
40578
5204
87532
98424
18058
15316
40819
32354
74234
31908
84044
2232
11858
64004
90480
76068
67592
95347
96064
42280
78525
35391
8639
24425
50009
58291
84388
39200
69278
7773
88807
12949
70338
10552
94948
9444
1346
52831
6985
66910
61361
28947
75554
21479
26390
55442
56930
77678
71279
74227
83649
44330
11314
42125
84011
96248
43314
78930
35363
63654
31852
14496
871
25679
65434
29500
91104
31990
62301
63796
14499
57077
37120
899
11427
56851
11777
74741
66450
2081
10906
34681
21542
91760
64270
99281
99288
15098
73529
85634
90487
90163
2484
63539
57877
42593
22180
93023
40660
54605
39714
66048
31610
361
75849
40942
85749
7714
3372
88732
31605
87532
2236
94206
34075
7379
49629
67506
6533
36133
10487
13856
22919
97507
70331
89978
51099
88901
90872
41928
80298
18789
97919
21803
421
95378
24028
82050
306
84452
13061
99552
7509
64681
35466
21119
96013
54444
14115
86692
48312
567
91006
44944
86916
53744
31204
79241
19623
31882
13738
261
28409
19638
99028
80398
74573
19304
28967
55811
55355
32996
41901
11574
59511
75346
4716
9474
28841
6587
97370
37488
54387
79069
88375
99790
8003
38885
22904
3065
96480
30315
33052
56495
81229
94555
505
27424
69858
48760
43777
66442
65519
19701
53031
40326
89222
60561
54347
40940
24150
46317
94333
23768
10336
18427
75823
63312
91104
82455
47861
9182
50977
69732
55916
91741
77682
85536
21296
33785
12594
60204
36414
46599
91424
69041
4564
6598
88042
81497
41284
37149
35307
22485
23434
72839
82289
73206
25037
18178
44779
68596
63960
60994
91794
68518
91510
44604
34571
86209
63213
35242
96304
88845
48017
47239
80343
78886
51746
64281
71116
71086
77448
68583
59674
48626
29547
26039
70595
23054
18726
56447
63792
90155
22667
62710
21307
3664
69140
26236
43822
22674
80270
59208
63592
80632
38224
18770
27728
35530
64687
18218
43399
20785
49177
13312
48905
55064
31573
16794
10786
14560
61559
18173
33363
830
73364
21452
65559
2794
72225
57519
81504
87190
26176
59537
2941
30886
37381
2765
88807
83108
28830
89500
80876
84080
9605
6339
93878
557
55296
74882
21213
37431
5347
29077
37948
28004
46707
85727
86808
53758
83879
56316
14613
85054
15522
44928
84181
3523
62911
60343
29110
49224
60200
69640
80502
78714
46615
32653
59796
29078
2927
96383
50366
25913
34091
93905
51942
1810
94036
61033
18625
19479
57731
1273
5132
78382
89327
92731
37966
96359
44971
44286
25459
60694
67625
77260
13815
48303
36866
83972
8721
72356
37466
23094
49407
50297
67469
10027
96772
31070
57587
30515
81102
36957
53641
49493
76514
74804
94981
8199
29989
69314
50933
9326
60134
51388
88135
78334
99827
69164
67177
24808
99227
79490
34205
70911
11582
16938
15589
16542
55876
49402
43934
22048
44890
88232
37235
59166
56362
96411
36046
8457
46267
50527
61220
89082
43747
3617
32263
77176
55830
5670
2086
88593
68249
7088
18636
90763
96308
25438
8367
68612
6468
68013
46848
32360
25885
4067
6558
53497
30434
44723
1109
2388
59736
71340
30680
90791
15610
72479
43942
52417
63612
29484
6588
42563
15370
71953
38170
65097
27257
18841
83725
14540
7730
30767
17451
82109
74998
98088
57779
37247
7014
60177
88748
71965
54707
73488
47033
13099
4186
62524
6162
42698
45043
7693
99610
34339
61836
87890
13387
88023
77879
89291
65657
72548
83774
95591
15768
56209
16241
49987
65848
12327
34325
52322
24509
46283
847
69381
34810
63351
7694
39566
35940
97456
31900
29332
39175
29494
81651
45164
37761
43600
99687
39062
30358
5393
95245
12309
2380
3368
28183
38207
73129
22545
86980
97625
61246
2444
30479
36054
38763
83877
86238
4064
51036
6730
38382
91847
94956
32837
90452
14885
16385
12847
97907
18727
19694
67445
80988
62735
49207
73963
53399
84408
52884
85829
43817
38347
98060
76959
78716
799
69529
50368
40386
69920
15259
5017
76834
31284
6540
36788
55977
53878
58690
89365
89846
83032
40860
62251
73860
23999
67512
92681
19113
52965
54451
88305
40823
95701
19048
39545
97024
91372
62089
75086
34574
37775
99898
18705
40134
31692
75070
94688
13124
63605
88454
68380
63327
15440
88103
58887
20224
28719
17635
56443
55104
73043
91720
1847
37275
57410
22541
81406
61519
79159
1538
52888
35891
45043
25787
920
76489
76705
58629
58822
32989
44846
8096
66798
39504
40173
42702
7890
96740
49653
24111
48530
60426
49733
98747
31203
3382
34888
86159
62234
3373
71071
19574
16791
95306
83103
10244
59262
19845
72230
73062
28831
23518
33227
10284
34004
61657
86219
16233
50475
91945
42470
905
43783
57132
26773
79892
50762
59316
77147
92870
34501
85169
31965
79890
95256
37756
94078
4391
68948
51110
91781
36984
31233
21553
66859
14986
46478
55095
41366
83007
41229
72249
23400
41137
47314
41655
53916
99154
25086
95691
21141
2336
56306
60015
7039
97113
4937
6851
87348
11154
73941
29092
42815
45772
71998
26661
96132
60525
92114
21308
95991
56432
60355
22317
96441
41791
77645
27140
24703
6561
82678
44789
56859
94068
61545
56265
10803
3567
83932
41905
64012
13356
57000
75929
73807
59931
4494
2987
2998
58613
64784
73083
271
18724
68896
23867
622
72524
91798
25631
79064
10576
52673
77414
19064
39911
58202
83547
91976
44692
52307
30877
83761
25335
95849
11467
62280
85607
13939
56877
80182
17394
41862
17601
47710
92915
91869
83742
56724
4291
96213
59115
95929
87439
63466
43750
54747
31848
37241
43367
40502
16067
6211
55087
60206
13256
92949
71745
86751
77777
6829
27187
67471
36168
47211
65968
29503
83432
1171
65667
55499
8786
85570
30016
98448
72854
89187
70399
32795
93809
80299
95090
64064
42032
10067
18269
47299
50290
76185
10616
71409
56619
51993
76599
15915
60125
5498
28055
10131
37694
81261
75689
85706
65880
37383
14095
24331
14273
23206
48478
86407
72395
52727
73742
45275
25243
53696
65440
71407
80553
82959
8327
24542
51629
62273
91730
798
89767
8432
91651
3346
66889
49160
62159
43084
49309
8748
31832
49180
15553
47497
74158
30816
54836
37636
962
53334
92905
82228
48799
33436
38333
71800
1112
61676
24435
38768
84721
34079
54595
72205
82860
86448
17508
94414
64285
54948
53388
92514
30486
95625
5057
34015
6898
60863
83256
63936
54745
9414
74537
42494
49568
36326
34389
74603
43901
66713
40624
86158
37870
84205
10590
88019
60387
9084
76826
78383
62771
29701
86570
724
46296
78400
50858
24980
21279
42111
51223
30569
30785
24858
71509
28359
57791
67671
31954
15210
43537
100
18805
71900
53447
57022
49302
47266
31156
58780
48980
20489
20714
55712
1852
23504
72810
70843
15356
92917
68419
33119
13274
99409
99540
60829
93893
79253
88017
29537
17472
74498
4128
24983
75411
13667
86984
40448
30250
9113
82473
59747
35370
47813
71248
92132
42171
60037
86607
53131
37099
69276
95693
57198
41653
74899
61217
86000
98043
84775
2269
73434
81416
49811
45293
19100
21325
12611
72763
17449
20068
58738
81176
81589
64379
68869
52959
70074
21828
9737
40404
59486
73277
71601
96233
23922
37380
7101
46776
20698
45469
47462
58481
47255
3223
79123
85262
85969
92256
60970
7638
14540
83360
65474
47179
99830
73062
23511
63920
288
81306
35322
33615
88347
73082
32313
6267
15850
41672
67210
84461
6439
85870
89114
64464
81015
49186
48564
7452
14347
7298
60425
508
72084
4643
92793
24862
58558
89479
63702
15285
81618
38814
79878
59612
32864
15832
70751
11506
42529
32765
95327
75424
47713
30547
25120
9658
78091
61954
81191
32300
59915
95730
96468
50342
72038
62232
84962
14072
55484
68054
4201
69126
19859
1928
34704
2433
33077
1019
71525
23482
3236
46534
93558
48439
46565
42985
77933
83110
56612
23180
59715
64134
15061
41717
73096
54921
45142
39540
65326
10912
59687
17167
22642
9199
37368
73340
52460
73971
56909
35472
96020
70696
3171
82324
6850
36585
42987
98884
69123
39758
33444
97984
91842
90147
4192
42512
49871
35765
54412
4176
35447
63573
61902
82437
74353
97239
37818
37036
59745
11361
44785
86664
96968
12449
71954
89269
74459
10101
89187
29042
83458
34279
53735
47124
20719
38853
10752
95297
23418
6287
99294
21934
22896
19592
59313
64074
7546
7725
36350
55524
11245
92721
31516
44089
23914
83716
57581
83061
19572
77809
77239
85847
22558
88046
20625
6424
52779
46144
29798
26676
7484
581
60803
88559
55777
78982
6793
27434
83005
28828
97986
54613
32791
9412
64060
28261
71030
44243
27082
50922
24187
48266
8229
53307
70942
4837
68035
47253
46004
68555
41368
14247
8826
51595
80321
74741
77610
35441
10687
93906
60142
88372
67196
75093
18938
29110
97336
61241
98671
32979
21513
95230
66859
84529
14321
47939
36568
82279
82720
570
15380
11435
93010
48200
53017
67458
78904
53622
3488
56395
4350
75003
61257
54725
87727
62148
71796
72822
31258
46620
91205
46140
16289
68009
25791
77917
4769
37742
15166
18074
11122
1480
28664
76289
39469
78675
58044
12151
42248
58799
11251
67149
8988
33752
61029
17171
33484
90616
41716
61495
12348
12035
98431
20195
84875
58138
76128
98953
36883
75604
14739
62149
70644
57389
94185
22704
79845
92242
59968
56340
3385
6511
891
81231
47763
15496
78492
94006
58058
64440
62587
32523
57275
96346
32897
29463
6412
26374
46632
63756
99676
24408
76353
77835
94111
82860
93412
8648
54764
90317
77521
52120
87132
56015
60657
12447
61512
98691
12768
35088
75544
16273
17572
70321
37670
75877
55145
69715
57148
50595
19539
99011
90935
79634
76066
34468
39537
66691
22174
56014
1255
24367
3080
13201
1018
53534
49552
52564
2700
19870
78372
36194
41774
60140
37048
49749
15068
35685
64240
82599
57938
15234
32243
61464
73712
91100
52272
17254
30868
8771
9674
20103
40653
4628
8495
24244
64087
82680
20522
32678
74728
38363
66450
49905
53833
91263
88079
91790
25716
55319
91674
70413
76829
43822
87566
33587
30847
15143
92964
67584
86750
80835
55867
37847
28798
19376
18309
79534
63526
79029
63771
38028
61912
99605
6511
70682
7242
61912
71552
48907
44331
46845
33540
7449
12320
86898
86595
12136
33736
21510
20220
15075
94963
89478
54302
58769
69926
79565
97880
12850
24156
18092
66493
4475
6006
94535
74167
266
73455
77365
50783
45525
48505
69301
34330
8749
80462
1508
80393
10636
33198
1015
67049
70871
87702
27320
20842
67113
7985
65561
75362
88822
565
84259
97002
82892
66036
30834
59840
84977
10237
74535
44176
67877
1567
38455
87150
46120
35935
88997
49944
28700
25046
70470
25343
66230
29412
47295
73715
19937
20983
32698
21914
92282
27430
71290
16523
99521
84900
63635
73928
77009
22350
50391
44003
14542
4222
55113
47573
1540
24895
93569
45256
90705
21643
14803
45343
72990
94946
52994
74830
7103
76613
72247
60799
45368
73115
11466
53072
30501
42467
68366
89346
59013
33206
82816
30647
53254
88396
11956
9071
13823
37656
36379
90840
10514
78182
94322
71155
84318
64505
78663
33779
30875
71343
82962
62075
36169
72847
10607
43867
95944
6514
58121
44845
47018
21441
47359
97379
22638
99613
28813
7591
41422
10726
24243
44229
68694
83017
45173
82377
60309
20083
78607
82813
75782
23619
16116
40422
57810
80792
30854
60542
84520
45881
60079
41731
588
13829
4059
57908
52272
33709
54279
46706
65015
44125
35082
16503
96706
28704
93289
92799
36254
1427
93917
38495
73813
3563
2099
58611
81207
60435
14987
15542
74626
41694
94734
44649
97364
71873
59812
12472
96667
10910
99928
81641
99736
54452
69739
29698
72976
83937
96699
4108
33488
93921
31082
67457
21876
15051
1207
26915
61302
32413
91436
43019
56421
66603
8999
70407
79605
37065
26552
60144
80865
29400
45095
22415
33653
13213
50391
58272
16218
67517
64833
84230
35096
58048
59240
55166
36858
63069
74403
42916
93077
95307
39866
38952
52021
86979
1118
66333
78158
67948
97779
43176
79523
81344
52901
7005
96994
97039
44772
38748
3641
28721
83225
64814
66149
45221
18975
57564
48640
79544
87940
66957
38687
95667
23167
31071
86819
12591
15212
90754
34267
74031
17082
21943
23542
79819
72505
86280
61778
58266
73855
64318
95525
45521
9298
50211
6933
39596
6558
37723
77439
84596
40312
9268
97776
51363
21360
51278
18905
46835
67264
43631
81415
59052
71330
40481
67541
47177
42421
16805
95217
57584
51379
45234
74679
85740
70403
96958
65725
98415
87924
16708
86918
43551
87173
56063
65685
20042
17564
24276
2035
36974
20837
47938
60198
14409
64283
46400
35104
58888
74248
32796
46474
64089
70343
88820
54707
65014
67411
61115
93846
51642
90551
99658
67219
45587
72464
35010
74224
24012
56456
63232
38033
30679
57756
28924
97135
57146
75849
81980
56636
37100
59856
85589
58018
83027
73839
93060
49476
76901
550
18272
11420
65953
60612
16060
70770
28791
98824
57321
43738
35054
38001
63848
39583
92070
36306
78323
81746
15131
53722
49129
96517
47441
13080
70798
43216
37751
81051
4883
17580
18647
49738
64895
20301
72023
90360
70661
37008
44464
36549
41323
85607
10739
14577
19993
5431
31098
83096
35861
50719
84640
46747
96173
15255
50251
87756
53768
68259
71793
30069
86662
22954
96537
24981
57061
2343
31250
92741
19288
97690
26778
69475
53555
39488
43896
12206
21050
7243
30482
26231
174
18871
66406
89664
47947
80768
29397
47180
27742
1751
4317
34322
65134
59990
31951
13875
82068
6897
74322
8266
83431
37747
40068
71402
59888
79826
28241
16720
87173
21482
26914
1585
59588
95819
41079
70860
42768
72302
78005
34869
18056
98033
65546
67054
65617
67480
4920
93514
52752
53475
14820
40866
33949
99939
94608
3026
40580
89492
75821
392
91803
66077
1826
51412
1270
33874
13593
5424
39404
32312
23310
84584
40362
55932
79733
36379
20196
27491
19342
4740
94191
90118
71441
94213
35385
90692
76039
58298
52240
63554
18637
44681
46971
31160
21408
52852
94677
57606
50684
16263
89291
11166
35033
38178
95816
26259
83402
77146
55848
42995
27631
62728
51411
10725
98964
27688
61745
93992
45314
4286
52631
57329
38683
15507
29776
93117
54440
53240
59266
84190
9816
21957
10352
6104
25838
6552
79232
52527
39923
52937
40204
11712
82264
55875
48086
31693
9169
39788
91577
75704
4669
58666
93344
42612
96622
54129
17181
82288
21423
75979
1455
71770
82389
47268
5526
80957
99352
68777
4134
80494
21576
46297
12072
68531
42831
95793
59276
89117
50571
38474
60412
29782
77694
72151
32805
16248
82121
79840
75523
79995
404
6754
62825
36057
68647
47277
80972
29876
93710
56199
27422
25960
60384
44704
94508
48835
11675
62247
83270
42839
77925
63971
65107
87782
14313
92090
81407
93736
31909
75876
98246
93253
50007
68547
15526
71440
90021
47918
5499
14304
36246
28235
77259
18083
4382
66608
38338
17598
21694
62339
14563
98456
31826
40702
65453
14563
94886
94282
91898
31835
1798
45626
22988
59013
3101
17264
68988
97422
59431
45517
44960
31978
87062
25624
94609
17391
92393
6109
81928
50917
71022
17223
2171
56562
69703
36686
84587
89744
93091
4531
98314
46714
7322
23535
90614
74439
28924
45266
45080
80373
43674
87370
64751
55586
95190
23784
35421
93489
77167
17585
16525
69652
1109
10883
49352
66779
51429
60988
40758
57737
59882
39036
46046
88619
58810
87355
60607
85675
52311
79119
25954
36381
28697
56972
97384
76389
3123
13389
99772
13380
78011
24070
6925
58252
52663
33501
16342
90793
9258
81191
47476
95840
20808
88773
25122
42985
42749
28910
19996
6516
69776
16559
63189
34991
563
82049
60989
45587
76840
1864
7309
63951
22976
47103
63207
79459
93031
46291
41926
85949
8067
10278
36564
63049
14131
56300
19794
25747
49949
91922
85607
92127
8917
36267
41611
21844
11322
53802
95580
49828
99841
33166
62088
74238
47043
19793
99768
82505
12414
13241
62837
98418
50211
96009
30993
36035
4534
26935
26024
97445
5177
85223
18348
59807
37764
84070
63370
67471
45111
43
9219
77628
89859
81525
52600
78550
98489
46473
92948
21174
48571
93394
63158
55206
17935
47482
29317
68259
61464
44864
17445
89272
26963
82879
79848
17476
63067
70593
77174
53599
64691
57794
74094
70825
28134
55378
28435
88700
48975
34502
13139
1257
4637
28915
81331
66553
50945
71619
30784
42986
40914
67364
41522
16510
11406
69258
77925
78131
55417
98077
35040
98527
91358
90553
88663
21424
5264
59422
68307
85444
77185
42247
26355
20683
60763
88788
73196
49071
21941
69536
19184
93658
6389
78226
89984
41652
39174
28031
34653
49610
80116
5333
35825
46930
10567
13351
82643
62693
28346
67496
42441
34106
50403
79069
84962
50180
17984
51191
10267
44058
17367
4365
95772
98538
96672
82216
47650
40406
69664
15144
12094
80666
73842
70715
87631
20728
90279
79400
93880
85955
18138
6404
35027
96411
23249
83605
38478
2986
24769
2226
15795
59977
32565
92165
72151
12130
60495
6536
71315
5675
95068
99890
80306
1406
31958
27209
72285
26400
11621
53814
2623
96390
99233
78083
22403
22531
51155
88438
46755
1354
60093
59371
74237
67930
73510
27503
23441
57365
39769
75131
52740
30637
35800
18926
93634
8291
3381
27468
74500
68890
30179
78697
37734
53219
22563
51792
55997
61088
62868
12917
42215
4509
13494
62582
77053
22746
43795
96143
32271
18101
2192
82468
18511
69367
89542
25182
38642
5102
55799
4308
69478
79538
95084
98403
52458
10518
32752
88819
60692
98483
76045
42379
88375
97523
88720
17825
9878
91095
55278
12983
68298
66478
77506
83531
42195
52998
15294
18955
66983
57477
62453
3874
83739
65699
91294
91756
38141
14129
71640
73126
7579
75410
79145
77037
66654
35515
75916
4736
753
39159
11997
97117
50495
57492
12871
18044
18934
30310
55754
14701
37440
48881
76875
17208
88538
37870
82111
6915
6912
74460
36981
26251
69720
24486
11704
35367
74674
89605
60059
49274
72349
16427
41468
25775
62905
28778
34280
96761
30423
22849
35363
6491
14079
12156
69695
69408
10188
66351
64405
8466
8571
53587
24440
26144
59772
22686
55290
29880
70417
1709
71510
35422
19827
19455
91444
34298
48804
67739
37409
98108
89156
32752
9282
84762
48510
72841
61249
1889
44591
5412
81419
15267
89828
9485
241
59399
76031
10514
60544
61733
92658
35887
79125
82362
79890
6088
75227
72086
42303
60559
78648
44121
25958
75200
31525
23826
36338
81040
84078
90832
62152
53657
14026
50706
71950
25471
57004
84374
70724
25819
99968
23723
43206
91162
3888
84605
91232
21263
38141
53439
88490
36468
33641
51553
81585
98568
32110
88124
10320
63623
77975
68
32453
77163
85454
27159
79110
95263
68040
19617
89144
21630
43505
45233
98675
39678
39218
51999
75038
62519
3192
6493
81849
32711
78897
65577
49529
78380
586
31351
90875
68006
46613
28460
89376
14171
69596
42685
39753
99103
48385
78839
78771
88412
66426
40612
65200
91932
86418
90938
15925
1935
1704
88216
72335
30521
37970
95248
72466
16313
15208
41994
30304
79893
12720
57800
15211
27893
73399
51168
92201
92599
99288
50344
41037
88279
4178
95603
48384
38816
75106
22267
56336
82618
82932
3589
99559
25602
30107
69889
63927
59755
87624
57948
59342
95652
46655
77312
3813
93241
85328
16516
16118
54313
452
26829
88138
57294
49074
71395
9817
2021
96845
5325
10201
47123
81981
5816
18949
31612
8903
33198
79450
76855
88543
48420
18580
87860
85918
41480
44589
18837
84505
6809
43682
66830
10497
40326
34271
35334
67483
97244
41544
42080
62345
4122
72084
2925
60604
28582
15251
91795
62209
64045
46736
55324
11768
16977
63050
78319
90863
77879
81302
47618
25483
27889
10578
9684
44436
36138
92535
27684
61263
78808
32121
48935
72318
59478
73040
33853
27903
5772
18479
81221
23163
39669
12659
39029
66227
62431
35056
88526
58962
12928
88504
61825
83611
70542
63686
44260
48097
19940
32641
97179
27223
18861
18742
42916
90423
25500
48579
30836
54881
49738
41678
72356
71662
97012
12531
70942
47586
74232
28309
61580
27406
68591
37288
77485
57623
92244
86231
49819
60150
1863
91027
21955
18392
92222
94018
22116
69654
33208
85093
80207
98872
276
53558
39897
20477
74169
74876
30088
86341
10042
76792
71307
1180
75823
19739
98524
84252
13863
61913
33976
55349
71522
68836
69912
6153
7239
5287
45865
57689
71548
12510
11248
82130
78904
92438
45654
68057
32133
56162
68710
2011
17837
13552
92347
58161
80336
84286
2935
51781
7968
15833
69737
27726
59086
87665
5135
46079
61644
68863
68950
68465
16124
81806
58782
8584
71528
37616
16876
36722
24272
10314
42238
88443
1794
77119
45359
11483
69473
88228
67279
1899
23448
11187
85970
31272
10233
54606
68853
31997
61533
69986
54826
61219
98902
20698
78041
14572
81256
38275
93282
25437
8326
55926
49233
84787
72684
17930
74845
54744
88552
48010
30672
5293
19206
53253
24693
39743
81941
795
92959
78685
13333
54091
30757
60274
44163
40502
15271
13087
81196
57675
87075
22789
71362
62329
18952
36135
70211
27188
25080
22513
80238
21652
14542
25207
96625
61760
1425
763
94756
63413
8836
83251
9723
20717
24504
32181
2203
35560
64166
40455
37041
75470
42228
3588
71945
47924
98285
64834
99972
93580
93120
30291
50724
20201
90435
72640
55562
95499
23292
60340
4411
5801
32248
31129
45948
60160
11396
10671
33177
84301
32697
80174
99346
54896
4056
87478
48936
15334
79849
32651
8725
10439
18203
9698
61395
36157
27791
62398
9877
119
6432
36081
5217
23869
97788
38514
81670
18698
47765
40515
3902
13163
94393
22322
20144
49740
422
90709
12902
94927
65876
47791
65555
40912
87378
65822
83278
2072
2720
62575
87019
20645
33373
78155
18791
92443
97821
77965
71122
10675
92704
23258
25468
29040
42463
74488
4908
83815
39983
66088
90482
51899
19285
28897
87167
34905
62060
50336
23307
24963
63842
58245
85412
84622
77229
79821
58383
59215
90200
3055
14282
90130
34740
98965
78771
1646
23101
35141
7121
70592
56621
9290
31550
65250
62953
99292
62090
37923
70109
40782
53293
19084
22795
7500
44956
52940
96724
9979
8600
77745
7482
94567
34779
26179
26362
87991
64069
89071
33848
16866
58517
81707
74479
61591
39842
74117
32199
45714
73469
27957
59006
64768
58358
1272
5172
28970
42575
50992
87418
63591
19666
15835
56942
96379
9742
75266
29573
3719
32634
86546
37875
74362
48619
5705
64312
68899
39601
32136
90220
84688
19188
95029
18020
33844
63377
88561
50219
1737
73118
84175
42907
33169
36305
72283
13559
9075
49319
93748
5066
25598
75537
77368
56124
79144
24682
76543
18632
57655
44734
66319
91623
37751
25137
33748
18178
57884
12643
27747
72849
75813
49586
17142
89251
72178
5084
96154
84180
53069
96847
80156
4948
47435
93995
71647
53003
86954
81015
97113
14363
87844
90129
43099
50232
11958
44630
16156
19056
43687
41342
28583
87380
67529
6731
32646
87981
15061
75081
79912
84104
26093
46923
51673
58957
29967
50991
31196
47183
20969
35752
22038
73864
21455
19700
32716
79702
31559
40637
38186
80869
50813
69060
70661
88150
66937
20594
16544
95478
80792
924
18134
61541
48638
86953
55984
83612
16460
75645
2864
39183
70062
96022
21454
94096
81852
19031
58677
72908
83350
83637
660
2795
93385
54406
19128
92611
28669
40453
86812
32208
94476
52686
84748
70271
7519
99167
800
66283
25391
55290
13762
74752
19370
9089
96942
7308
34682
71493
97248
78582
39672
14358
24466
95757
91278
27399
73736
41745
35792
50880
77833
16442
21024
81797
65357
5716
41069
13291
23826
81265
90918
32291
99850
8661
18867
29540
46467
77207
67636
57985
13296
84973
78265
16975
55909
13071
76036
81143
29478
33233
24185
37327
60618
82988
37028
64068
77803
28137
38591
98150
98263
18959
3802
92813
27329
11461
73245
4826
62425
86706
60424
51306
40950
64242
39320
22539
66100
22297
59776
77245
87901
29297
99526
15327
54761
89813
65963
45647
39082
56679
97389
19387
84561
19896
69013
62295
39389
62851
98185
9879
78534
12519
95380
33201
8892
29644
88121
39044
34590
54365
78437
79377
87666
37647
12997
62392
79431
71081
81292
77710
23055
37827
55532
31503
66577
33811
62463
93391
87553
76159
95050
97498
64572
62030
97143
90668
56726
22010
38892
16196
19621
94344
27317
6969
68698
26514
26089
64721
62741
84562
85793
98345
35337
67452
44985
76574
94661
27279
72835
79551
99750
53603
59985
65005
2524
72473
56447
61342
49124
54676
53608
43410
50899
61455
56360
13527
4451
8251
6809
51966
77838
74138
23094
62367
17189
80238
66130
44624
72135
58196
15271
4712
35577
65200
77610
32054
3356
58001
75464
72525
24291
67005
63257
25727
65339
95650
47120
98484
34268
55972
19131
53024
15380
1372
50870
2426
40922
26792
25060
81141
89833
260
10291
97945
99421
61683
68991
26049
42118
79863
11195
56088
35416
12514
367
54431
73605
19541
35286
90990
73378
21656
35301
91800
54408
27261
85909
15013
40912
78799
3021
67078
60384
16791
64592
98821
41587
92587
79150
59673
72269
84573
47665
33464
59731
14437
86737
86276
77695
88368
50729
67136
83569
69598
13640
78480
85864
22874
89048
36117
10418
73591
7257
29363
9558
45979
40147
81778
29870
66227
2855
92104
7310
57178
70981
73508
31424
33000
47388
14258
8992
37249
80558
10818
78229
73090
65277
52860
75764
59054
78397
92275
77810
7332
97410
82133
19423
56397
8812
26146
926
48551
6442
82555
24817
74021
49370
47385
80876
73553
65032
25888
36431
5683
94274
94726
16030
80491
39618
30269
98608
14711
32111
97581
54562
8346
92383
45371
75628
76595
51965
86898
75690
21333
45921
73259
22462
25652
87712
88212
18430
89568
7067
13244
8662
20701
22046
33487
252
12052
51108
41212
94207
64190
30994
58132
98641
20787
88663
57125
42920
18468
48764
33288
49778
15878
98624
65154
28593
92109
72649
90978
15080
13559
92152
80557
15388
80345
81087
58316
64936
56902
97070
99895
17887
38486
9153
32740
15430
38886
82638
97622
84574
86893
69533
26969
5936
75481
59792
59899
49166
54750
18514
11861
70430
19941
72286
51538
54922
19485
5563
10247
36405
79493
87392
27938
4914
65315
42865
70496
77956
37065
45995
70776
95509
2705
42663
74945
93894
65369
70326
36026
91863
33130
91561
38429
71162
61579
52131
23523
9492
22973
44177
83769
76714
82706
13524
5357
51228
54423
28723
47335
86101
61785
43149
82446
59786
5605
17819
5052
35687
25341
65772
23389
88158
33723
60126
51121
52880
17856
73157
12741
59883
13581
31143
55524
49376
40125
72729
13982
26645
10976
42802
98965
40030
91108
56309
59925
45875
72934
52476
50522
63275
4793
68020
84252
64836
60758
20229
8732
39871
35861
84198
77214
88288
47067
51391
57104
65167
86298
21947
55584
94873
49800
31903
69301
40107
77456
69445
99677
86547
47712
66807
59907
92054
36343
97837
98810
57717
36050
76449
97039
7663
55889
87296
86475
63371
68365
42675
58871
87622
87658
14170
90602
60427
40777
14462
98085
61194
40770
76130
81853
94779
54578
53414
14929
48757
80454
44606
7190
7378
31663
44635
39529
14894
17601
4960
25913
23684
30261
81356
67780
85816
97181
43932
7860
83753
43517
2743
96599
55262
73716
86525
92919
60981
28198
89439
50834
46052
27258
22657
90286
15686
85894
78969
8328
99227
85260
54293
37631
6415
33455
60489
23052
67497
72231
26295
70002
7830
45348
50044
27522
57327
3654
20956
87476
92832
71738
4649
56397
12079
79421
79803
34730
5339
1884
85508
23721
75766
29987
66735
29901
29200
94387
44553
62848
8298
55347
99612
38012
24197
52645
33543
67405
5485
81587
97167
46968
35774
21973
67133
37042
63359
24972
44968
79118
47177
94214
91458
40575
88423
23758
8783
84392
18693
10158
54548
19929
30505
88655
85062
28392
85803
53737
79304
18422
83279
73341
78346
32384
16111
79329
45976
11026
12968
92030
78286
10660
35315
10219
28515
54979
30851
55938
79888
31287
41423
37574
21363
43077
43105
19869
9930
81234
53246
99595
28626
53425
70183
7146
31837
86814
19718
24313
39706
98382
51323
41360
89894
79989
89182
32944
78894
56607
30384
14949
7181
42362
30447
45028
65640
24094
92938
75126
97812
53794
37281
63341
13812
13664
7087
49032
73268
41114
54206
2914
41439
54096
37841
22136
50319
47370
58066
99608
27867
75288
37718
60103
36611
46972
93099
46012
6967
55140
89701
51591
89912
13675
88700
10594
67742
85307
66025
96370
38395
70806
75897
9086
17104
57055
76770
45377
79923
9388
96139
25945
50355
58623
88680
12108
1643
80066
13640
75366
28922
18084
74765
67435
94544
18289
79489
96638
20548
48498
82963
21194
72628
55913
75423
93672
13115
3211
88322
78627
1659
87658
57062
25557
79274
3615
83021
99736
95788
88589
52339
24603
21003
60681
55445
82912
77665
50623
44236
39853
88536
13320
81955
42117
91258
98237
57151
67874
82851
67257
27785
49053
78967
22862
60947
22111
12293
12416
53853
66415
27821
18326
8368
80727
46582
53606
9704
77585
43685
68911
53789
33206
74185
79456
16290
86734
67633
12144
49
62679
29955
6076
82241
29283
46311
2092
59490
75646
30441
96027
83264
42647
72796
36579
29149
21323
54532
76586
28267
13250
16854
83753
66103
379
35304
87092
19878
50483
66472
98069
32053
46195
26775
74938
70183
26747
63241
14415
95438
9120
82049
34478
95113
41434
76834
86956
30247
2843
75340
68369
35542
63052
2235
48020
75429
56916
6087
23180
53200
16315
98802
34082
39348
7065
98806
93050
58273
95973
91798
59869
54613
61965
33886
22394
61576
8657
34010
79774
15992
49531
6515
15995
75710
82140
34807
8588
92913
7956
91267
34729
87414
66891
67042
52164
26352
80986
83809
6247
48346
82796
8284
54706
63835
12732
79316
34667
63395
56450
49913
44059
65808
83784
48533
82763
68820
66973
25706
82057
69943
47293
32490
23064
45048
3557
22782
94831
11499
83903
18806
69786
79613
89803
37713
18653
71242
37078
14694
38383
31070
10204
98402
62824
32024
23627
81602
95525
24666
52303
68140
32532
40651
19638
29629
43045
64233
71866
92406
54693
54797
70138
77071
21918
91992
11817
82435
94368
66406
28210
34449
15518
31498
42681
81833
7320
63178
41069
11803
49353
99301
74946
10239
8267
58493
3988
6397
35518
68734
88394
66419
28157
70077
99666
7850
65070
25411
95503
86732
92088
20974
83918
16913
35761
59524
18379
31286
70210
75151
6425
82735
15473
39759
66304
50544
66763
12621
26883
20400
83800
61243
10969
8963
98898
13903
39153
68412
5609
94711
39488
58468
16942
43471
26584
79484
82021
41215
85838
40862
86882
1768
23549
52948
25784
68510
75129
50857
63126
31922
15771
1272
74337
87302
21187
76387
24343
73270
50818
98876
6140
69859
97509
3283
6619
50152
44379
29049
63718
29307
74071
74600
26712
42047
52575
29325
61931
48306
96905
7633
32140
15392
98617
10250
98502
9505
71938
12514
3487
57766
71933
44248
27240
67362
41975
86548
64430
31349
12400
70697
8215
30791
43451
5685
96497
9299
48277
94889
67073
51161
84143
90380
80408
915
44932
20484
66466
28160
72203
39161
18149
17527
46935
93789
54325
21030
27672
47388
30162
51916
39028
13598
41431
41573
62590
36573
5338
99485
74674
8957
29215
3289
16458
63739
11067
30540
3173
39511
16892
92644
49813
53318
29699
11974
73866
99609
68467
9944
6854
67702
41632
67176
40172
45127
40340
83311
92158
16792
63009
65563
46316
5781
33178
86931
50008
30843
80607
33937
14267
58706
73651
89
70090
97683
26178
85587
95707
69704
14815
38611
24770
44639
28167
67886
14220
45090
31461
6911
47259
7191
55011
40683
87076
7088
12666
54222
76216
20255
19785
81195
44970
23872
20457
73107
64780
40223
12047
27673
12201
20556
39346
55887
28900
72997
17774
43562
11838
33693
53514
81224
47001
67134
88215
62895
72998
50920
33047
32601
6209
43133
40563
43733
92596
55289
21462
44365
93893
78855
16171
97712
53376
32558
76493
26337
98546
86238
57
28732
13516
85808
53311
64326
40760
74129
47523
91856
74
63741
24812
68962
7398
13253
44538
74809
60317
3547
64586
71349
72131
91879
88472
47604
21391
40698
9633
76009
32143
87943
39175
98672
3713
74254
80619
126
31858
10228
41942
69295
81457
78200
74790
71095
37642
34783
82932
1875
55993
2134
5202
50232
15552
7569
72957
60906
47017
42326
6247
40833
77575
44891
89120
78755
75594
33217
61223
22939
76948
55194
84704
23848
2146
44505
47599
87050
55450
73678
99116
72300
43109
25459
8349
76609
9864
3069
7379
7020
3711
58987
6321
57240
4489
79244
23381
67147
97406
30956
80817
33817
48219
91259
24290
58029
20892
97384
87929
60851
64462
75626
34010
18173
34683
24283
79067
97117
88279
45279
82367
93968
67269
95142
66842
11726
9742
11522
18208
92404
12667
88243
79985
7009
90380
72683
28116
94111
52117
16462
88722
52433
77132
22903
58181
87690
57121
56770
71987
28361
82089
63382
87161
15483
75776
88576
34175
17874
30948
14157
99607
17589
90588
56346
69459
59267
70869
86560
57896
85161
26359
42158
31095
1071
71705
42496
93080
68044
53660
38162
45214
71238
18597
9818
92682
89871
54842
30901
58331
70569
49387
34421
34916
14970
14806
4725
77063
67809
90416
65390
46628
24496
87784
42745
75208
75185
75486
11775
58308
18409
51776
77951
76919
37317
65551
69222
85894
98218
96028
20550
11032
40827
26206
80600
15979
55590
64757
66147
38794
8499
91275
11556
28154
92113
44690
49698
65680
89936
48033
69600
79353
32409
40978
97907
62402
50675
36250
21736
14161
43338
6341
13960
20552
96838
99034
61720
47800
32694
44599
56869
11013
12166
68124
17244
130
99879
29188
73434
71890
34963
6564
40436
91791
31147
56227
88580
10574
23177
28770
37471
6093
52618
93506
68646
26480
84524
90175
6577
9180
70144
13729
20876
84746
48018
43677
63728
11718
25725
85241
56676
53118
51834
21594
35726
43690
72857
41198
16746
57997
79415
80491
79586
70680
4948
84349
81472
99391
70802
13399
47224
45412
98590
48722
35271
89852
85067
9080
704
24699
32674
31593
60462
87448
33194
29674
97588
55545
69110
66963
82684
58571
54453
14030
30616
96957
36859
95244
61881
43725
92793
41864
62973
69542
23745
38961
74288
26983
30614
36164
18704
95499
70687
20157
88786
67159
23668
91033
86786
22961
2801
52387
53282
38540
14230
14634
83797
51254
56879
60777
12023
69847
56043
61102
5600
20428
64896
64526
44275
15048
66211
67878
13671
38011
30726
29163
83163
63308
39631
70090
44358
63765
74350
85370
67416
17935
15054
19715
83431
73328
48217
82055
43548
48532
67999
58272
99509
71605
71411
56032
56796
84766
16923
36118
2862
98704
22745
50928
99054
26571
68465
42951
14898
73077
63430
97123
87030
17401
55939
46764
78046
62463
88880
80582
23564
36541
78856
42920
83418
44709
65837
83229
89907
26437
29000
24726
58694
54998
94788
23858
71674
46702
16809
69669
35626
78953
6650
44374
13036
26745
96225
23678
13025
68203
95760
28277
60569
19327
8358
62771
75019
28439
98129
23462
85687
98123
32784
52667
34244
94114
98932
7028
58142
9810
66507
6530
46344
86905
38202
55193
21461
71887
7348
60223
37069
39593
66302
19697
83344
2346
71522
80041
59935
68686
40736
64324
95863
94812
52922
61019
92011
76452
96989
27
4563
25151
86200
82762
7879
44718
91336
85419
37866
87011
54891
80094
49812
85300
92575
87941
74150
34650
51789
46637
33227
28721
94426
55394
95479
16816
85480
91406
82087
38393
64398
367
49152
72425
28462
78538
55029
95329
56727
108
94739
52102
31644
60515
13155
14109
20199
88177
38206
47844
83559
49001
40048
89345
16098
99286
66020
24038
81934
95315
13980
96007
12742
9208
35669
29305
10428
96776
69646
90165
64112
71075
6105
12969
66882
46109
413
31133
83072
9537
87016
58324
53114
11082
97100
75899
94188
75031
18919
42869
79018
31470
84162
37925
77120
10938
7725
38350
384
47324
8207
73869
89800
80737
11331
58457
61777
58942
45749
94886
92028
46893
84377
45232
65324
48391
71939
14031
13363
32975
37032
25228
89536
1813
96085
58078
42944
95615
96247
35480
61410
57015
25841
69901
2652
67665
91933
82299
35742
81549
4889
40145
77953
81362
18111
26689
83922
77873
41566
43238
32757
91962
81442
8535
49163
53327
76590
72747
57377
12620
84577
47450
16105
54963
92958
95864
77374
42249
74995
7363
70318
88057
8974
87712
77996
75129
24467
27829
8198
18649
24965
13158
30076
96467
8798
65070
57017
18607
38582
52439
59335
19148
81862
87942
16164
77398
25407
42264
89532
1950
94758
1942
67295
11858
71811
40344
94475
56115
75148
95341
47894
40036
70735
58095
13435
35282
23120
41279
79844
41503
50672
25988
66815
78709
14197
51639
67321
74189
30105
44381
16916
8213
61272
2912
76228
10518
47798
10391
95582
36675
13304
72671
24996
78705
78253
70414
87919
95973
59844
18567
89079
68152
23544
10509
31673
59641
49178
69734
95122
52515
90947
66907
76200
26400
87738
13479
67832
52373
76453
12548
17446
41902
73157
17856
85065
66580
53308
92127
32856
97893
71527
1766
59459
4635
21444
50611
59876
37406
37203
35331
50063
46381
41016
19935
71396
30180
60966
8995
2387
97879
48240
40342
61354
46943
24574
78659
70415
57383
25590
33409
57321
41285
31811
51730
31373
12382
6353
89533
3045
54065
29120
65202
24313
80784
79563
61569
76871
66522
59953
93098
82450
42194
63854
90347
11236
26978
48345
85667
25723
36293
61498
13327
22119
11895
29703
12312
63086
59199
8889
19262
51508
5590
92860
22839
57363
74748
8348
46606
75932
95537
51144
11547
2952
62890
56300
85790
50074
79223
78162
25105
33710
46930
18956
6406
84384
11474
15170
6088
44339
75457
73734
91897
77479
80271
95593
94520
95665
77494
22455
99158
13984
19810
72032
23340
80489
51015
87737
91578
17989
97945
39964
53487
68816
61386
3155
15837
9486
53467
86991
1536
65473
53655
11889
11757
70734
51592
36004
45621
79543
95698
46291
39509
29891
55438
16576
10820
12917
85832
86856
61882
75796
2234
71952
10347
26133
72633
68048
64375
31046
17285
97328
60739
88908
51829
86549
38121
40417
80041
12589
49124
58818
42630
76186
78457
93646
37299
4545
71202
35447
2184
6636
77960
52806
93000
14450
42095
54358
99048
50195
63973
25123
16037
29259
38997
9058
38866
51536
38389
2670
15695
16281
75772
60679
41816
73181
57884
55799
38289
31886
7298
4364
46192
14217
67453
21125
35283
83267
63210
87784
14239
32511
7792
57279
75444
18801
6173
24248
48908
89267
22768
20349
2787
45083
7088
94270
89781
45269
68867
21858
45155
42729
30770
90598
12623
4195
66705
63998
52824
36506
14447
26307
95667
63578
8672
91269
22781
76382
43705
81642
12933
54698
22479
82210
40459
8858
89160
6649
50368
96555
79764
29520
42433
52331
97097
45244
56852
63412
12456
25591
69985
17557
2713
72817
20543
67119
41505
23909
29228
76496
30761
52019
44856
35177
56333
21334
42503
80131
72567
19717
95302
83301
86109
22951
63411
47166
64134
98065
2581
50429
31167
75411
48341
30234
25456
98690
55557
93477
53390
28294
52687
27264
49236
77107
33894
30131
13257
1800
67068
8199
40760
44534
60584
81453
18650
55076
23839
75837
68056
78829
45286
91202
29201
40180
9373
37929
92973
40489
69417
26237
94999
30779
10229
57349
22380
80493
49466
24994
29647
98041
78369
27022
37859
29570
98544
40666
86968
10235
48647
53992
50086
64728
60381
90795
65712
75613
23720
38061
94157
41935
75747
39495
37716
20680
6491
5698
98159
21535
80317
71858
31312
26361
48004
21667
66764
47005
88101
1363
98445
98901
39374
84441
571
27706
7155
4830
68876
40016
16558
96499
16466
53936
98976
61717
71557
47840
42109
63966
63043
77989
70081
25324
41865
5639
36696
97295
5221
52924
29061
19537
40209
34101
6878
64657
93550
2505
22116
25566
95380
79374
63089
19559
96068
94279
63139
13722
12056
78115
71904
45404
45527
48835
24584
39624
69766
17583
19002
37472
27560
12806
51813
98843
80045
94551
67795
76426
97884
57687
14904
13557
472
94461
37076
49312
36364
243
27902
80137
33166
65288
21251
33363
65451
48755
23063
72633
47439
94070
14739
42511
83580
62863
23136
11466
65368
64498
54353
64916
736
13864
30062
61985
75858
16529
41902
44877
40162
56975
73351
89506
4536
99745
92795
38190
99233
57784
66398
97255
28072
32905
67804
26775
95400
39258
82695
38232
95142
48968
57629
41120
97361
78513
45999
28398
25224
89643
66212
36913
7558
4429
30167
86375
48269
91863
11458
99315
2019
16360
71535
84291
79999
35744
75119
46816
64013
20390
3123
13826
13427
65823
13028
56681
13741
89138
21950
93479
40428
84261
56680
57652
43087
95409
98833
16856
28756
98305
92612
15114
42192
80150
65154
81991
51599
65615
35288
23199
94630
20956
73549
87061
57798
32562
82042
89857
94902
81285
89557
91111
16904
18222
67671
23076
31833
37152
38963
17926
24790
24355
72803
68343
20326
52706
978
57877
42772
78423
96096
84516
87378
86695
50025
7090
45612
11143
85481
62087
8891
99817
91314
72762
62419
23435
2985
72924
24359
31435
45693
91886
79470
67692
98060
76088
54441
73741
98945
39155
11851
59202
2864
72602
16217
19129
38344
15809
52344
17425
92503
88309
42014
7631
99209
72204
84341
34155
66024
52195
2721
54654
86009
15805
7357
29227
75163
57553
73289
81394
34479
63362
742
15539
61552
93193
78410
71981
65947
70296
46976
59781
77029
28819
87573
46933
96303
14237
23425
78801
55409
89085
44080
15352
23287
12053
42684
3987
24537
30694
98443
38768
32824
15389
3359
36657
33214
1078
1141
31634
2137
93102
90619
76597
87619
45410
84441
43169
36568
91855
30534
48308
96051
51731
20577
47053
24360
38293
84917
78996
52629
44319
63396
75279
72125
99277
45017
15534
90586
36202
88328
14803
68203
62434
33511
95297
43970
84304
93800
36514
75974
63533
13792
71234
92129
34404
73543
26278
77124
95674
21121
44200
92483
99859
24539
87864
44949
895
35948
80527
40619
5455
32870
38194
7179
36725
79299
71849
25203
66180
48986
6494
75505
1257
69885
91036
52568
78948
61308
76243
89601
82111
55116
73432
92679
64223
87290
13463
85068
26496
72519
61416
88790
92412
40173
52425
65516
91508
20515
97456
82461
60693
28659
76053
5322
21045
47710
85731
37622
92034
77695
44065
3952
99069
22837
43108
62267
99528
94981
63319
7859
30775
63976
51272
88661
88801
88709
88381
58423
31963
30153
70739
83345
62949
57818
84083
68905
45623
83766
3066
36880
75065
18154
86427
19413
69989
51894
81601
69569
28058
99242
78066
52171
84448
53934
53894
70886
64999
24310
50793
72495
46365
11487
87392
86800
81796
1637
55652
26601
55264
18640
69817
80404
76687
85636
58212
73182
11940
65358
7822
89468
13249
63231
90076
22596
73673
18731
30221
32694
30089
74579
66420
15736
44757
86475
9551
48036
68832
83193
91802
97090
68719
84387
63967
88756
1137
74897
19144
23435
71275
24089
71669
27429
52890
80275
31517
18133
94999
51556
48233
27381
29563
59163
46043
14420
49350
57993
32483
71210
75621
54617
19231
48140
66274
28627
19268
43164
57792
48504
69376
69800
53856
86478
38612
86793
48419
64761
81191
76250
48280
82938
59484
42702
18606
50395
49379
27559
85698
42143
14150
13750
78697
50095
96554
11907
32093
4642
88786
87819
90011
60630
41901
28213
2711
13026
6428
10761
82072
70547
5438
60325
54333
87101
32902
21405
12619
31728
10658
97083
30676
82833
9173
31812
41894
99289
17725
65084
80226
84173
15014
12533
62602
23355
72567
82879
22596
37965
90756
33930
18848
31479
50724
29313
92149
63021
77589
40970
1036
71068
59914
48811
91050
51616
89888
51757
15804
43922
19995
9777
49616
49097
45038
60551
718
38494
17078
16602
49398
76608
39194
83413
59098
15222
79064
34056
38765
95429
8145
41339
3725
57385
55947
93306
40105
46445
48256
96083
68502
21401
25865
46095
8428
84183
93968
95267
40903
18962
72374
38342
88996
30020
4973
9762
33132
55536
69778
76020
25679
65239
68878
8052
95121
23151
65593
98067
49663
56631
58039
67028
25614
83674
65395
43580
37021
72724
13705
82430
33402
78340
29194
85949
69798
15897
89308
85858
82934
88704
55917
96421
36297
16931
17603
12882
89103
52543
56110
73313
34484
87998
1217
64279
40405
10062
76302
27242
81541
51237
98351
95339
2674
48507
262
58078
61227
82145
22466
94798
98994
72967
24946
44303
63877
87509
30135
82604
73888
2264
28163
35565
19064
91162
17184
68526
87385
86899
48614
14192
70211
76388
4050
23686
15605
33054
9600
66607
662
30996
93190
87367
74664
79660
21920
72509
71366
71330
40806
65166
50278
31524
67625
75770
95784
47242
55638
32449
96720
105
72613
76277
214
99764
54619
13944
31802
78485
52150
50349
26561
43380
75289
30023
93264
13587
76731
87035
59176
62635
64730
48697
6130
57911
80681
44629
48862
73869
76848
26190
35569
96980
26308
45326
48086
8179
71179
57781
51383
84747
92155
75896
33036
72464
96237
99213
15120
57166
61905
44114
98409
39170
89818
90175
60973
78936
1975
68545
49997
82937
27297
65523
19935
10390
16463
50865
17849
23002
95344
49855
52717
65935
3053
65178
22129
300
12536
62250
52863
66429
64291
34400
31137
97926
98327
38400
25576
28616
71003
55032
93678
8581
26225
16678
63849
46889
57956
38607
92460
83649
67851
29064
17199
76188
74165
80767
92888
85647
8875
35225
2683
6681
48074
645
4352
57603
62225
12340
20964
42957
40849
23247
23037
90592
67651
88006
31851
92171
50549
1402
96764
87066
78514
5338
78817
88363
72392
44749
42791
40057
82681
7004
85106
5067
71659
74743
87568
30719
34357
30206
78488
53616
98293
63775
30502
38108
15547
742
31058
61553
25879
43174
91847
45366
34884
33256
83541
23281
84393
15041
34991
58947
53598
25712
6303
21100
76328
5673
25565
90968
74301
79582
19484
76594
9540
14472
87718
6803
12282
87659
6455
31591
24933
90961
91702
49041
89209
38250
41761
45154
80871
4668
68709
85938
66817
53462
8364
54748
7184
81539
1605
42461
40900
10333
97121
3603
75078
53503
3999
61247
14704
98211
81494
14088
36200
82636
17780
92840
11063
44456
20103
55967
13947
16850
48646
63908
14198
81642
81081
94607
21201
51819
18989
7805
25044
81667
2451
56003
90207
57382
91614
43393
93925
31669
42365
95466
76325
74962
6121
93690
90658
70913
59203
62500
66031
76099
25947
65725
66194
20638
14357
27840
93986
92954
29771
25587
96249
782
66649
79758
36323
10403
52841
91345
68959
23377
30426
67282
33720
43829
92715
74980
74540
35397
948
3348
92035
41881
45763
76245
23995
47438
1261
33486
49750
79170
86795
53007
40040
93937
51471
95744
19452
32302
84408
95758
74354
59955
91555
14108
11239
4788
43118
23277
76638
28844
26729
87478
78304
62091
93469
15592
93478
14090
76353
51644
42073
25776
9617
95218
65396
4497
35951
45094
62936
5933
49310
33164
41797
31396
54778
14575
66914
47966
23486
29638
318
30097
22038
8722
29742
2273
16768
88964
83464
98878
26192
38585
75334
87192
85254
22373
64906
43007
99843
90523
60622
31683
39130
30432
73774
50594
86659
12491
10901
23237
74769
59109
75174
43494
83367
64173
76967
62700
78329
134
92836
35790
67972
65424
79914
24508
27996
1742
46277
95746
11760
82483
36525
25801
68868
74397
11363
95094
53925
87252
9644
41637
69008
48207
40841
99691
2981
50231
79733
29223
46390
46939
92471
90790
350
29457
71060
3728
96773
30983
99831
78602
51442
40709
44404
32129
89889
64197
43872
93085
99790
41778
41691
13512
57340
99058
20261
47075
40926
25342
18398
91548
39403
20196
88512
83088
57299
25832
17592
48247
25404
49927
94809
51442
32406
86159
11220
87819
87907
34615
93628
43485
70943
30743
72092
97708
79161
51323
94742
40987
88488
9993
63466
13636
72025
3537
58571
5025
95754
69111
85420
55150
36740
23051
82513
74752
68131
91023
80798
24938
95457
75731
33480
75020
30915
78902
63878
69222
59808
55377
70469
90433
39550
6790
66065
88642
90475
99832
67716
46595
135
6371
57195
90245
25941
92216
57089
51580
45908
18243
68613
20748
32624
78660
36338
64903
30510
9796
57422
68813
90962
27907
11493
36321
69565
57314
43448
92212
347
11912
51341
61676
89580
28913
21502
86720
13515
78062
21373
62723
4749
96751
57203
57441
83888
38218
93075
48585
28675
87011
81072
34249
47080
90748
29790
16648
93694
69984
45586
90627
41702
54416
56898
10170
39916
27293
45843
79098
24250
88791
2386
23019
16445
9794
61971
72996
39243
11528
19915
63574
2400
10661
40625
64849
80955
30329
63020
12738
64862
16470
96034
32557
89744
78402
93059
78168
73080
69112
56036
55
12129
81532
96150
8301
75705
37377
43915
2300
19690
29252
66020
96115
81823
92927
19807
18180
9456
17275
3678
87151
26952
18243
52407
77181
55315
15288
53693
43071
27454
89183
9876
85718
79675
63513
66929
75815
31613
19344
3099
20061
37828
81009
38928
83006
68790
7473
56234
34180
78166
20190
85360
28970
74992
96195
85923
9617
1728
46719
57925
12883
7997
73735
2478
34288
92222
40311
83348
56870
7542
91982
41952
11704
64352
89543
13984
39420
43609
30983
38549
73982
48951
84907
50332
85207
80538
99465
44350
53761
95896
49798
81902
20046
94162
41996
64460
12162
33332
64609
95806
26629
