X	Y	Brightness
-2,4128164739730806	0,261308207408286	0,7338486010932691
-1,209824155057241	1,4419128697416754	0,21566668646666776
-1,2676065447756548	0,9892289099481109	0,47998881735963494
-1,7744018519210674	-0,3116978193681139	0,11407761926784288
-3,037309073716594	0,10578873645194897	0,3435630039079528
-1,3323153311465803	1,0240500071100551	0,2643163889581448
-1,4140372487608825	-0,16136345616464642	0,01826448196579733
-1,3524958084154868	0,20822875874525892	0,08971794110858011
0,490590917091589	3,4677471612373325	0,43621927262713045
0,5795960394451363	2,9985628231428976	0,40457281045508486
-0,7491625690284762	1,2314223019850996	0,6259455278902143
0,4217399377647083	3,6099248960569215	0,35815152428193475
-2,450196144434262	0,23361309071718195	0,24073749095928143
-0,7965959537435041	0,750093229450217	0,24496874449146588
0,24634822636915776	4,4010970373775145	0,6533218262347068
-1,4076913937179203	0,3827146092583592	0,7881189609895032
0,7057641108055814	3,3899047966594322	0,374825363709979
-3,0747181586896817	0,5155126114088295	0,6892889888745372
0,07307032232068777	2,420113511748667	0,8607579437717532
0,6781912198374289	3,4688606810741764	0,23721124437111818
-1,4639679621897606	0,17087600839168915	0,41443111779159825
0,37100555999470297	3,1953489098957655	0,37785299950002826
-2,8370499364108763	-0,10137379689563186	0,9081698887166467
0,0929966267561726	2,9287760111742887	0,5932986451189753
-0,9702855284059289	0,8254263982182148	0,2376510620175959
-0,8573541620940084	0,8102475173685408	0,14444767263942437
-2,9447607027607723	0,4919006958965182	0,4219760052966046
-0,26931213604337495	4,627864590686089	0,9955799091316625
-2,7795984717531645	0,1697172760529193	0,13889715520099066
-0,24112374035530565	2,6940014374765227	0,5964444741085615
0,7252157108997048	4,710309432548456	0,5069321992908584
0,3681594615760706	3,467024848508596	0,8536038283382288
-2,085534937437396	0,21603261437875454	0,19788030735559803
-1,3839184623689218	0,09822891506103237	0,28150459920421045
-0,2562473861117269	4,5878602469498615	0,13978380943177293
-0,04040701488804593	2,9365777654607594	0,8244793423444461
-0,7484948174053676	1,4857731813031207	0,35243557933088876
-2,568746538462198	-0,0777136514200818	0,11600238800275342
-3,061156314182485	0,10236310558078743	0,518048191927309
-3,183422428674187	0,19444324741826513	0,5683946646732847
0,34054046539839944	2,954541949052344	0,48760383426698495
-2,5952834800728923	0,4720887629475201	0,2650138376071832
0,20991890740743646	3,323542480710003	0,5899621942591805
0,22987200298093402	4,491826597780795	0,8037032486096316
-3,3392799684823955	0,38164444549016785	0,36294581414712646
-1,383269295668888	0,9349417320335703	0,1796733407675425
-2,7182940296676366	0,22477577736993415	0,47669994196346777
-2,5414101229537467	-0,2892902395914807	0,8563317041218937
-2,7853826814691995	-0,005277097853366941	0,7681419124105814
-1,7551600312356717	0,25461157028874093	0,29644045789881834
0,2233693484947329	3,026817510229617	0,04348214903185621
-2,271688163439121	-0,37581152646414173	0,5262402078075615
-2,7792507698883435	0,6827847544258878	0,2628822414350571
-0,023910453860747083	2,775443675537674	0,12777303578762245
0,17590358465473854	4,607262090844777	0,34276992085736
-1,8645495197862725	-0,12413031340670799	0,10313863010380042
-1,3489206827359932	0,5695306485573053	0,701729674649827
-3,3898042834278725	0,26008319823099313	0,660417944147841
0,4286647310917081	3,548815561671407	0,6172481416110075
-2,1425820688037227	0,17969452551292753	0,531793697016076
-1,449999919633358	0,4440941925374371	0,4891338703726589
0,848111511301546	4,541648830043987	0,12553013954383074
0,617455880837148	4,2187976462846635	0,5318887587651836
-1,8863131546781935	0,04353340365277636	0,0744200913241504
-1,6787656819012242	-0,2689188906043791	0,10503951846623949
-1,282647492645523	1,115734441032765	0,1423482591223899
-1,2323247908578108	0,5655631095259144	0,6248581656494321
-1,2120423769167907	1,4271484732231858	0,5358440001948788
-1,1912586425827518	0,6728942515422354	0,9208979930943235
-0,05512724634658195	4,733554564311821	0,885665206677671
-1,908219322498751	-0,07264351500084043	0,24704293268915278
0,3084770409089782	3,9120794051833583	0,11908816540319955
0,7517971010367877	4,2870312251561815	0,616111811232575
0,6621564978903234	3,4505337475100206	0,4310037252554181
-2,6517837015183714	-0,10195456432420236	0,27499232661157746
0,45297382012199017	4,907395378104146	0,10510819230834922
-1,9667820365356148	0,26269818372065945	0,6283515259672149
0,34679895710045483	2,7100403515101466	0,5368243545526508
-2,3637721580618525	0,25114696285663696	0,04968966357951965
0,6813162130293304	4,798098163391327	0,10244103120348458
-3,2586812473238593	0,39942752263751935	0,7896971095165659
-0,7261013912520786	1,0516274425077976	0,13270061843589598
-3,100750861152518	-0,06091633370673888	0,9141989080229809
-2,452525291104075	0,11369094684383163	0,662888200496566
-2,063482324587697	0,25573842282852766	0,6039040652694248
-2,919191734861802	-0,05622100382513251	0,6241946506057834
-1,6328310053371557	-0,06799637385842439	0,6310186847313021
0,12463547631304916	2,614088427519921	0,32315961623547207
0,9608785888766644	3,649395602650912	0,904431926659518
-1,2558287235439964	1,2159799637714082	0,2499452830738389
-0,9015382868649147	0,2106502517783022	0,0023874322194646913
1,0432148047694552	3,9226528612650653	0,8372283740456082
-1,9764028252247083	-0,3860598063608145	0,6410924200523747
-1,1237889877229723	0,8932061056320342	0,3579101475148928
-2,8117979200284258	0,5215515696812216	0,686423555489129
-0,7764576790086488	1,3390024111262653	0,6911479323868641
0,15399639769273732	2,5794676365703957	0,37519626757665936
-1,4534298667695142	-0,22788609447606523	0,746030331389822
-3,0984995903825423	0,2702218480193137	0,005048777934993587
-1,1051870613822152	1,275445471463505	0,06402923472529054
-1,303265199113091	-0,08231372898153255	0,024231620689848077
0,08318636225989884	4,377425177739486	0,5226776736112403
-1,398920014771015	0,7754583435821029	0,6132290816171985
-1,042042547454931	0,251066861446265	0,9867329352682248
0,23212619013157865	4,937088420481181	0,5210857107133787
-1,4686830391599102	0,007464579727645804	0,37855277721422986
-2,3425254387435603	-0,01946052473002724	0,30076993162314314
0,7050589476305671	3,6325039658930622	0,01012851503907597
-1,4730480232016485	0,2762338690613755	0,8703635294886843
-2,786552567037266	0,37513602018265124	0,4867683337921439
-1,2401743570015757	1,0369163580325251	0,37414644852975865
0,5145009509865539	4,8356599165927605	0,26955462141053854
-1,3704836754647158	0,8124386791367983	0,07940148755971288
0,23371161698246723	4,716786034920327	0,7702915129442743
-1,0255920046221658	0,8470631334192971	0,5200937311633969
-3,1738206079220035	0,42469570991049677	0,14598023496832957
-1,745679243945822	0,0754211927945364	0,5561026207922876
-0,27821955878928706	3,0862144558281646	0,7866236911477552
0,7988577275619664	3,375083040958356	0,44081222183159896
-2,6297948144330183	0,48279450091862586	0,14697848858783236
-3,3678203473603245	0,24416056624193416	0,5586197953560788
-2,7253203771766583	0,5115181758352001	0,25464441489587086
-1,0810813195005755	0,5405676129415804	0,4532037221418208
-2,4613217194390278	0,17587003253288258	0,05931797667758387
-2,77492394316362	-0,19363551725131645	0,5747675332517991
0,4083524020603444	4,100515039620094	0,43422397506160315
-0,30469665483493097	3,087424331190073	0,08910245344114032
-2,1101072681127517	0,01576195760425092	0,432316924498541
0,4578653164849521	4,5491914559834346	0,15443194179085684
-2,07989746031328	0,19102326739002295	0,8943923818462587
-0,24581460378136055	4,7319701734224875	0,7616169379830282
-1,2460231064487108	0,6408857683393482	0,1748880402511438
-2,5979694351307323	-0,15398142501280487	0,30096430902448434
-0,1403416164613095	5,003007219171275	0,01005280934473729
-0,40930873946932667	4,968685301674482	0,10597208344957398
-0,9156944456370464	0,8524719774908078	0,6878770023822046
0,024014060699605766	2,9501314482805054	0,6904334701285159
0,37078984329912557	4,519181457730405	0,07351242046542195
0,8341230209944732	4,480436559791071	0,7269479257267786
-2,132791801611255	0,08071850135329561	0,5831583288397137
-2,970419018177837	0,36365956804871935	0,24378658631829553
0,48508296783701366	3,3272769135757994	0,9336126756148477
0,4121238889883747	4,501426479712326	0,49779391431066655
-1,230838007096972	0,7643527603554583	0,14217083336958203
-0,33920400047500054	5,118587850608992	0,7627902075714963
0,07651250573233492	4,524529711854529	0,5774211518316182
0,8244578402770595	3,575216382097387	0,49616731534820646
-1,0654565178498154	1,1593476032655792	0,924289636199546
0,02247618552146935	4,965131493682197	0,3995144606650416
0,19810251210835306	3,2950512782557944	0,9891592502238519
0,5385081968211253	3,9036850427555647	0,5675609791331324
-2,84576853665689	0,13963611568431156	0,3196179622168247
-2,3213635326409032	0,3125807145683135	0,3915912716566623
0,7958258626149572	3,2453453080918875	0,46903470781184564
0,851927445827716	3,8617760783643913	0,09488497346945102
-0,9401373362041845	0,717844855460769	0,953258016793578
-2,1754718113446847	-0,26690926356994615	0,44356561686936713
-2,0594436340704294	0,2980802014135969	0,6133560456991215
-1,4363659060209115	0,45547312694642206	0,8684021644994439
-1,305303802731597	0,9208581114314716	0,8854015834274145
-2,6003755344258566	0,4514420245491597	0,6315543946175657
-2,8036246418797526	0,6412947237173491	0,5702514670114025
0,6977565990940913	3,4572345694106663	0,11411270813934127
-0,013776194770487415	3,209250174598312	0,19821980041737808
-0,06946165511408603	4,643576200528885	0,46525856773568475
-3,268652337874936	0,5132132821981825	0,7463583136951408
-2,5297715724674132	-0,3393686257094686	0,6970183504746325
-1,803654707888402	-0,161312504125672	0,5609688335873221
0,35234366450147714	3,4764222097255693	0,7317260952043113
-0,9535279042146645	0,9401301998494536	0,6620754228568464
-0,5356537985280804	5,00837161929537	0,8469213421051167
-1,6426834375162904	-0,12715638405025653	0,5571551380510876
0,930152414335641	4,169052202287462	0,4865273631984689
-0,5341669507055623	4,943112694683405	0,3206991344547089
-3,2107761350676762	0,31641107560465254	0,47682452114327145
-1,4526916638753469	0,05689580393279314	0,9764794226387086
-2,120753453055639	-0,3149554769134135	0,7705470954589299
0,622776233431457	3,4924152755657114	0,7161019317523637
-2,6841220349589237	0,06348025383476186	0,5490358278302794
0,4309806421176704	3,6910584471522423	0,3571481980106551
-2,047294710550325	-0,15079453479871807	0,40621678109384685
-0,8397368366096882	0,4394334722250166	0,14072407573212076
-3,01400891900458	0,09616389627818245	0,07500966505679618
0,30558334888384786	3,14392697875185	0,5689588790434018
-3,374225592495656	0,2471903272170708	0,5763356353413275
0,2170117672590537	2,9739307579504093	0,5056998789989603
-2,710502131683471	0,3556406937949522	0,10051115884014827
0,4166510606163133	4,490809333752915	0,42449686748773263
0,7439292581207215	4,298101203663665	0,505266527466072
-2,0906846253177225	0,20369074179393742	0,11573992357623597
0,9329890600324666	3,259379836321646	0,14819405486619397
0,035830167619237074	2,654978700745568	0,8020870102474053
0,39650676625013426	4,173678340630796	0,991406105181432
-0,7010769700198001	0,7737936700113774	0,11390228868326757
-2,6190678817490314	0,4606334831426948	0,947527654580508
-3,206807937654144	0,32861038549438515	0,06999318994791437
0,09826069979404972	4,948116529468928	0,6573443846854572
-0,5450840590019468	4,937537730597394	0,49270581861593776
-1,7090212207956033	-0,08524414084176768	0,5201054068169767
-0,7164390631784461	0,9406735775421712	0,04973127781839526
-2,0985900226415155	-0,3782904003436198	0,38899016375649087
-3,267649148493421	0,23910271901347457	0,505056813402532
-0,023172751826462556	2,9862940630353427	0,15936653338754214
-2,4535660426760924	0,17393169521236507	0,9516177318252949
0,03274210583726256	4,599890774457522	0,9221892357471859
0,5780941438626075	3,7759809816742034	0,9838105188388868
-2,6762568409900016	0,04436169082804131	0,8001636776024886
-0,17672898038237206	2,5425678134909395	0,13675986071125668
0,7975115183555657	3,7157583887789545	0,29461148297942497
-0,21442023364439444	2,7003668461752683	0,3371313622454365
-1,2720488590803587	0,2371419914457651	0,3554471740413342
-1,9116711613493893	0,2445575633100998	0,18264313345047556
-3,4005317648432682	0,3578591735070542	0,42462975319813023
0,4334091120688943	3,019852629866711	0,4917297497378925
-1,5079332022312424	0,37302928452793327	0,5980136473115755
0,3989741891051467	3,392693234853147	0,890443662742201
-0,0541237799472612	5,136932661726497	0,11288194884411429
0,07333083113406025	2,911920143400197	0,2645656069075518
-1,1203122306006779	1,4581252025099662	0,4924586846461332
-1,066577815510716	1,391765663365915	0,9932007368191981
0,40931184790116026	5,0301319311524	0,3245742695149383
0,33837748155172065	4,623763144097005	0,4860362664283854
0,583235455968127	3,4169037968014617	0,4149984901175745
-0,8708977426571256	0,30455164096157195	0,9319082867625117
0,573389361150904	3,7711670034074283	0,2890321868590191
-0,2385404507099225	4,565368569523683	0,686990790235336
0,2789936874321042	4,223514410422706	0,5244031773196716
-2,6721788476175683	0,3588546843409054	0,7794563676604508
-1,2276543261433597	0,9885954925981313	0,969850138030311
0,042270901943872896	2,5333064820004116	0,6366778793702459
-1,8874871886921474	-0,350002346444908	0,34320023610089734
0,4613371749359836	4,790576015480045	0,1762973061756934
-1,2282902826146562	1,2895608460344334	0,7273154609767479
-1,280691927853567	0,2944331944304458	0,20462218341320915
-3,189108456287217	0,40510435515110266	0,6093481106957666
-1,4109045967943517	0,8427357568656142	0,7578835653594456
-2,914082541717182	0,07361053732899536	0,1386740190518615
-1,806858173947576	-0,1826519585271169	0,8176245267761489
-2,7533905169991355	0,0497917090160116	0,32149289103193734
-1,8614137414942702	-0,00820633833411577	0,38805560845718945
0,8610165267711949	3,6737018514789037	0,7863538624882309
-1,279872520950098	0,9990719720951008	0,1137832884359945
0,8329401725135182	3,290019276764472	0,8787366649960886
-1,3599836655893167	1,2450101912893565	0,8708319757945018
0,33204734713377304	3,798033296118511	0,7196134951574078
-1,1761304663338503	0,16697212340467193	0,795018086882136
-3,0940594662999876	0,35031560184274757	0,7534870676484848
0,43491723415443395	4,496044785971145	0,9828388860179131
-0,8767234460312001	0,9050614308276013	0,7701436382040203
-0,10078573792089585	2,700785177561107	0,09771622685815018
0,33071089407248644	4,046503373631952	0,920569302423011
-1,2654310049591588	1,317670169928228	0,9295510312887387
0,6666290555693142	4,392801900475836	0,5113181770792342
-0,1025534631255744	4,880558938638986	0,40110846932799993
0,6671881387041545	3,732320096020516	0,7791897126611206
-3,051724462838374	0,23908801701293592	0,5426062831856813
-2,17371418859674	-0,2910188277626289	0,491684385317248
-2,864565961517804	0,042231688464556605	0,44300046077626487
0,5855738204728105	4,488313287684001	0,35684365589232314
0,2977106200202637	3,970528777598809	0,26722541554691825
0,757870661288462	3,1472258154547386	0,9062338243482494
-2,476123706979341	0,2431779168874133	0,1870509511209486
0,12584602383202426	4,815177418030874	0,938581349706502
-0,8815195152711928	0,9815415480739278	0,5547426533824237
-1,2706287224603683	1,0032198715712535	0,6389132719440008
0,12108704584716978	3,0314058910651633	0,19994702934104813
-2,9881788162604987	0,2215750657668094	0,5829168547282119
-1,1465370931659056	1,281284762822753	0,4917705098408851
0,04165880138258515	2,496751252347031	0,575879786738143
-2,2752365949634563	0,06937109586511647	0,0492578785570994
-0,06459182571829519	3,1615288246427142	0,39301441068157605
-1,0149441874878173	1,2262612913036008	0,33445354651356896
0,5679566701168799	3,2998386552742183	0,6890572870026559
-2,417058514570337	0,0008405346397022395	0,9483731934237
0,1563668131963245	4,356588439894812	0,9335396310073261
-2,5098893965101063	0,2529467095847515	0,47896107312097913
0,6375287999768642	2,962681606182457	0,9943761419039588
-2,981925181235269	0,1571173039979823	0,028419393528353876
-1,8117320933696743	0,17028047271288405	0,6903597425100979
0,6118208129584275	2,8483257114649105	0,006473509776538933
-1,1800751463650574	0,8883417171242807	0,025424794071525203
-3,070382766612249	0,24690135264745172	0,3516021914413139
-3,257089640096731	0,17722804887771426	0,12249947140750561
0,5702069092524673	4,6635345607886505	0,5970516115737449
-2,6395887858687317	0,41841603735427535	0,7494738493041193
-1,0717105259073496	1,3218337040243004	0,22042245971401697
-1,809446850446887	-0,2222018438706015	0,9474464273886798
0,5755026882246841	3,0543361544452168	0,5136860372430083
0,5925293756802459	3,384386000768205	0,0051771908184669035
0,5776168242092254	4,541441836277164	0,06353966719193238
-0,15196521176060673	2,9454173918911657	0,3242749532375089
0,876524287965166	3,851533458366279	0,05738589470576261
-1,1737188212792402	0,5733406226332313	0,38871194169098333
-1,3094677676199673	1,391646185823382	0,7926741518041305
-0,8129962269434179	0,6500715651455136	0,9938201022664958
-2,614675407661246	-0,34243008613908166	0,3604948779959968
0,6414007661341143	3,8173856210831616	0,5784173256592811
-2,7791510309437264	-0,255875316738738	0,8777875224612508
0,37884906123182027	2,7503820662537195	0,39734491884887035
-1,4205546088878616	0,8258809823478861	0,5105229628040653
-0,7019716727026137	0,7957173882962961	0,110366058679232
-0,8859766097409907	0,3599943530555435	0,3023053805731498
-2,2186587269335405	0,07710936330106555	0,8134609217266215
-1,0267983331998374	1,0860399799724583	0,7587672035589481
-0,8232956035989096	1,1310892526003518	0,6441470064926402
-2,3965967540766737	0,06830509138528473	0,9627773494860749
0,5871173816402415	3,6150304228239114	0,2862687287916622
-1,9911298782222466	-0,04641281767004113	0,8937080565663018
-3,3420371659445856	0,5673943349525334	0,8889485913929982
-2,3500733566408307	0,2519145635414496	0,8597364493441824
-0,8931033301706512	0,9150802008082342	0,8015187812358895
0,13171499012622512	3,053279542189691	0,19409817839351295
0,4643138215901237	4,001824525646496	0,78784156297275
0,8631295811971562	4,323957139393499	0,3202347896453682
-3,15070774698509	0,5531949159283385	0,19748305852599635
0,2055439855677812	2,930385315876425	0,2785880973628314
-0,7571474889575707	1,3272623635808305	0,6440481710238628
-2,5653920409421676	-0,2802057069396724	0,47216716792340496
-3,0539798898496584	0,424444016497707	0,7752852052946321
-0,3741984653955217	5,26222725951958	0,17175031144041075
-1,4807244013979588	0,2599158105965741	0,276629723039133
-0,35440939372108404	4,724073199085783	0,6634097770311147
-0,2060968183222674	3,0459957858494278	0,03140176312902154
-2,5280839599007687	-0,25054814733608133	0,22536816055792175
-0,11736207326336173	2,585324401083842	0,32612033065856094
-2,3361609851608285	0,292469941922479	0,020087851245113142
0,5000752232802523	3,3727983050679184	0,3211850690037248
-2,658893343737976	0,05364322507360764	0,707655311431101
-3,149879894522784	0,29132482845085095	0,1102010305349016
-2,387002833069091	0,2512704058406422	0,028676956027621214
0,40386888941255317	2,7997586500572273	0,09626045604959133
0,05873402142546147	4,53461506044237	0,16763126621679392
-3,2730768195755946	0,5958820555902433	0,8966336681789864
-0,10690493971569254	4,886456488693727	0,6660518042046241
0,018065520704200533	2,841325623309619	0,8001471390855582
-1,6441822377614521	0,040628869724898875	0,019085199355242444
-1,2030374843370013	1,0174356357289625	0,1556891658981997
-2,752300102789511	0,14903498031585782	0,22254466903364079
-0,866657363773506	1,4776635289059024	0,25896827612726214
-0,8595320291284254	1,3179658692612715	0,05001623977385983
0,22461993479982367	2,821742210172334	0,9407887291525622
-0,23581055277374893	4,851411992901975	0,4827797936731768
-2,702617615778955	-0,118015448588767	0,3725381339188797
-2,479750950374395	0,397139947349603	0,003570465724299532
-2,453158258981937	-0,016260067438259806	0,2959777300917025
-0,33268456501986565	4,95282028060687	0,6358925553622247
-3,0280987805341524	0,30041295980788973	0,060006825513575834
-2,097669320452222	-0,06095459058380959	0,9424773168547402
-2,8601573555463338	0,6886469046084464	0,8067533401055809
-2,5930302801034455	0,34944672856609427	0,30340345881184405
-1,863638964491044	0,3110231053672682	0,9390832836963756
-1,6267913008333559	0,26744190446690574	0,9702705878374973
-0,7154928069814153	1,1750091971964407	0,3604220602072681
-0,20139015594991772	5,2582508378654715	0,5079286166049457
0,22216858730475997	3,0527180694292166	0,09392159077487094
-1,2836286454584185	0,40729088017913984	0,924413176718977
-1,0395952195657792	0,05460672032625635	0,6682694748738963
0,44245911510291247	3,3483796919868993	0,5292763705292501
-1,6674187332275368	-0,0721140715506352	0,8054106454498158
-2,3880323831867063	0,17078564407971164	0,5451919921495973
-1,9951541732933795	0,18277902363962462	0,1438440406663949
0,5285693845179972	3,67647984335162	0,79481205549858
0,06669863889011585	4,710141484970127	0,21262178272202137
-2,4269652342869814	0,35118398279882634	0,26321645805197214
-2,3154395131151913	0,23427023831582594	0,44533102554530024
-2,155704172032244	-0,12221300962846815	0,738419318496799
-0,6982078016924593	0,8453932215874844	0,2248823439820289
0,04888907170436507	2,9940320485860905	0,4633951073599536
-3,0462983101039742	0,6849589250238818	0,564109277017907
-1,426145923563475	0,1628539918995111	0,26106280275958704
0,199348700166608	3,1489627847947954	0,15471972081824348
-2,198428729619691	-0,16065901248501957	0,38994033586886945
-1,8472812324738028	-0,22338368032692757	0,1375473836774611
-2,3201076548296626	0,12770626732202628	0,34155728795812235
-0,07710354798076113	4,629586655453018	0,3196913036013578
-1,88043559900325	-0,08339585473150879	0,2473814424185603
0,3313546523519124	4,212473893285714	0,590577375391453
-0,26829391654014256	2,9252015700108513	0,34341111338148134
0,7941190787924017	4,583508661686206	0,7970713483137893
-3,102030839440442	-0,031157098793449522	0,22290563804633623
0,15728615875660212	4,597175099262321	0,16520269494552775
0,2200566189792874	3,016138676754182	0,6676757181630291
0,42520271052596237	4,260122852801631	0,8522133817092482
-2,802451946583076	0,017798174755884855	0,5615447591086812
0,07924454252540325	2,8111323487339055	0,6876586899764331
-2,7345233959592266	-0,08968752727025975	0,7039667057358737
0,022941874175479438	4,8142098358518375	0,7498426222273787
0,2921850386067407	4,933681805410597	0,5030668252338617
0,4038775871251249	3,990035098438941	0,3395989927891958
-2,1310949757466715	-0,019582740537140486	0,9835431275884573
-0,6936794092177996	1,106349558088335	0,8635647655661959
-0,10668000000872369	4,546985787735641	0,3739739949162556
0,503522887546163	4,921202729484679	0,13995343030282037
-0,14461052215346037	5,1391382063661855	0,6252418012746805
-1,5841716128656438	0,19125902699614017	0,2265741868639003
-1,2960962214163767	0,08570766336171487	0,23864768861399166
-0,5698092045772076	5,181282797847371	0,9239018439502769
-0,3119194345911895	3,0849587035664436	0,8777895135571047
-1,5880425246796341	0,4772776386441747	0,38094635618592065
0,673731250058542	2,9185077433048017	0,17089809804901468
-0,42178684830768043	4,752684072647692	0,6900316560445968
0,647710145650666	4,071844204437293	0,7945508391293613
0,7445402178736429	3,608005771161139	0,043367829625296395
-1,7609686548024885	-0,02130465190778419	0,47494984607015533
-0,1577054912777549	2,9081885669485263	0,6185920565923697
-3,2789788989312267	0,5593528323144408	0,2662382828039299
0,946662662107612	4,183058159740944	0,9457522454713322
-1,473565357930491	0,39724148399252446	0,23813799841696082
-0,25066437620413057	2,5115239858312366	0,7073930052474925
-0,7424831577905286	1,2299732964886076	0,8879120370835905
-1,6158901805646062	0,43650092161934173	0,8027910965793431
0,6551354717520588	4,752398987302945	0,3891728046419418
-3,1202525764179647	0,22591342088168087	0,23534215572749506
-2,7362340811820074	0,32696913292329366	0,946907951547551
-3,1669602413880718	0,5469875860437066	0,2989514133690494
-0,9059371752331868	0,5950874140058952	0,5483483455514653
-1,2701550685973202	1,3779154842972512	0,7021379800303444
-1,0989298853960408	0,8217323954094573	0,37695430813188324
0,7219635066161487	3,482828967613658	0,7872752441226865
-2,0037552028775627	0,21257010677956523	0,09407573654535772
0,6743803487811322	3,9206316473178098	0,25517784668422183
0,24514796582466025	4,20060546398183	0,17439544111037375
-1,2855291085526637	0,8131139347533034	0,029400598405079803
-2,897296714918896	-0,21997269927118812	0,4625901011915585
-1,5139482738823475	-0,15212487881953152	0,943922490165532
0,7015130430153349	3,2966025213815096	0,38847367575012204
-1,0177207743161145	1,1185721162558757	0,08029519002445984
-1,2934307365755986	0,9094136084132538	0,7626157820764288
-1,2251732868951093	1,2415542271969915	0,8241289892825073
0,617435258295356	3,428419794208369	0,4178240340333387
-1,2477580724403468	0,7455744878290566	0,7982197553555753
-0,7412565316407527	1,402553170119643	0,6148711081132671
-2,1684064970635326	0,0481262483557201	0,37445451260078444
-2,3926100663260845	-0,10524936152101638	0,32766742701810747
0,4004420271818733	4,388561025164339	0,2688760014333309
0,26736850090226083	3,5932270214196884	0,238511306558012
-1,2599735200430855	0,2814645092748045	0,6455966953450255
-1,1632792173695723	1,3714847844901965	0,28075152104451473
-2,740444706869819	0,12833076052325054	0,6727248323099781
-2,750631328504455	-0,14704416668360887	0,7014192827795532
0,4227246557279888	3,1432737982785977	0,6342200209908083
-1,398318910820414	-0,2026194892793649	0,693658805531833
-3,0169112234023316	0,4228437885389005	0,5766337679668441
-2,8793313530926206	0,6393013506998593	0,9431395651537315
0,6423195716925725	3,599153441688776	0,11726950785685786
-2,761885156420152	0,35308913378241613	0,9434438086863653
-0,5626637312084709	5,265201545229613	0,7236996504362178
-0,7488207777224587	0,6066113763075178	0,8307534742145166
0,1014004874559069	2,811379937981717	0,9472593074332382
-0,18524435639385384	5,291558633505298	0,8645164110543524
-3,365957246079419	0,4405649078989857	0,5015325248098403
-1,2039571040670793	1,2759492186451136	0,98533569205177
-2,4404346804532873	0,21951504158820545	0,9900037207418926
0,08874198427936497	4,6477775997523505	0,9276089214853361
-1,910882434100527	-0,12035152939136418	0,4914636230717656
-0,5486068028108413	4,838603692067099	0,2941468066480747
-1,7513562535029328	0,3634545182545237	0,37941549171207767
-2,079552944031448	0,28114845247615683	0,04484964417580217
-1,501073451480737	0,1615984527076093	0,5563089776004831
-0,9277715467961196	1,445806162866631	0,406874409046869
-1,475174637554197	0,644034312598603	0,7746471351475865
-1,9660708682134729	0,10204773489820307	0,5995278337476465
-1,2257594371360458	0,2490204496602978	0,44473749751991565
-1,521870496779987	0,5939236435791719	0,7490270571653778
-0,21032839573712364	2,987071175091221	0,18365125243369607
0,38308888189293566	4,4357264927918925	0,11604836909937177
-0,33351077842693233	4,631860046945318	0,5707084476247114
0,20502605523174944	3,0211328398383555	0,49492142425281926
-1,984930768583289	0,016083024840159554	0,5225968405940299
-0,9459053372664146	0,614430177359186	0,72348785889216
-3,0883002744243626	0,19987524893985997	0,08353475327794024
-0,10326086295598669	3,0600069966954013	0,0009883533596921623
-0,8388314527825644	0,61883137854737	0,7340983943110019
0,44755655444877285	4,108154212048473	0,8957371416183583
-2,041816309087568	-0,12493158754361255	0,9038053043210716
0,16133764403886874	4,388401487558282	0,34707627329959556
-1,9250472829873346	-0,23744212814057808	0,5956840378938236
-1,7340160146851975	0,16160035406403495	0,16724877055584297
-2,946780123392249	0,7309392911781034	0,1806641440438811
0,8288021838891304	4,3272990875798145	0,14036632014611972
-1,345438476079876	0,22739308636420907	0,597020836277453
-1,6232997831694975	-0,016688047134438166	0,6475455232952438
-0,8627377277906114	0,33036280694759945	0,8433366582907676
-0,8357084188879831	0,8010137996899691	0,6376959193015284
-2,5817523264300015	0,40399321186969206	0,5849039316886129
-0,8279151718042799	0,8733630105559361	0,7152551463773736
-1,8382890482588359	-0,09906922804728135	0,8187120923894706
-0,05948962889512177	4,62525260371318	0,6533126792580793
1,0093313821257803	4,048083850617239	0,7756000881003441
-1,601409376213673	-0,319926314272295	0,7346031023508479
-0,1952400262200712	2,7771156798640755	0,16141132403079317
-2,496278433063144	-0,23750032095988738	0,1913272909445498
-3,0584879853366553	0,028005847718198362	0,9619048502932847
-3,377580363801992	0,25750182459607207	0,17888563864913987
-1,7970905164792972	0,08290433513459261	0,931109581118925
0,968021531093165	3,52851582315142	0,5719832973155339
0,9193501472553762	4,118798473967014	0,5926451788239312
-1,2385818829196693	0,564177723461324	0,8749636722288916
-1,9850621654805871	-0,00789672422036558	0,8061330645234036
0,20095295596624208	4,635786243141154	0,23836035334862637
0,8092546131512199	3,5421004351374332	0,08881071594651635
-0,44271297464111325	4,598257959465715	0,31851403783232346
-3,2011147148427708	0,3550785025704881	0,34942811243294336
-0,14362786289733165	2,7912057269720334	0,7254569793929573
-3,280019602828349	0,1509355322669541	0,40338048272712634
-2,856552000591475	-0,16932695284106236	0,014783007921009395
-1,8990603397996983	0,08332772950653211	0,42908935623329225
-0,216823249862136	2,3667464533036435	0,6934024062599362
-1,2037032904570983	1,1362435868939642	0,7842501777577425
-0,7458603629877558	1,1537384501253405	0,46793657275133727
-1,1955987631968585	0,956811643447517	0,7441595722378134
-1,0943013904474204	0,6194898841352141	0,39419330658675344
-3,040380606968618	-0,07313596120257415	0,08940337127308451
-3,1087438505068707	0,39650807091050133	0,2628363348842624
-2,0166200517371946	0,2992587522897452	0,47308186683163644
0,42516972591231483	3,8335693299478644	0,6119357037862428
-1,3299445968763428	0,5246714604973994	0,9971338427561203
0,35924263718973826	3,802479888014335	0,21255157353420417
-3,065438919852039	0,5113595126366761	0,7572047618324822
-2,8210015926693406	0,449465029734077	0,5883354247352602
0,6861413847750073	2,8643219442742502	0,8776956892785769
-0,9640050033419465	1,00107296539539	0,12780468696341918
-1,2443422119688416	1,4266248029446187	0,9347968904556214
-3,0057332024466485	0,13269060900158824	0,7462132250706347
-3,2616842142076576	0,5215166561526707	0,5046206836042173
-1,0304079781509292	0,9869137036694405	0,27939538033832756
-2,7953039578702006	0,2210034196025611	0,3627074116059973
0,3152695240011899	3,631390208694949	0,3386629113042412
-1,0890424315105154	0,3818172587302837	0,4230326748565729
-1,510821296241241	0,3064068602112532	0,546610961898755
-2,586748415870122	0,04787102373977392	0,9861762524927001
0,7125500554918569	4,356431800516262	0,6934485877251358
-2,8887843745913497	0,5578533427806804	0,6667679176802098
-2,828684629794399	-0,12289512016175186	0,339957154826828
-1,5807624525723143	0,16153901190407471	0,9332204929254223
0,7586135948247639	4,383779989822711	0,6004823276496811
-1,3491331438949425	0,5335134617625302	0,9385962265231096
-0,7630908223749364	1,413756232045021	0,4633536294899645
-1,1319515313921131	0,7594105632484619	0,1661107404074923
-0,011477513074215129	2,686670279689139	0,2930974886694707
-1,1225961330461205	0,17659026562959113	0,8257330405932276
0,4420367173419091	3,9897588097327246	0,6403196264301347
-0,014188401144792806	2,4781066914559675	0,9944376671817654
0,4171280964377496	4,081029115432821	0,370221865633951
0,3304712827092925	2,8343752586440045	0,055847930624103204
-3,1502094834137786	0,12883045909079693	0,048518835491903944
-0,9047358385598985	1,0302158088479618	0,11259258861911214
0,2660971478384585	4,441850367391212	0,1799851751542748
0,18360671165330245	4,669558893603078	0,5851529455094974
0,3177941157283657	3,793900396890945	0,6289079204497977
-1,6521939653151216	0,3509564454829053	0,6192481654663294
-1,7354824415736574	0,37547366734729015	0,2702074440340366
-0,5343394111364048	4,799975131183759	0,8335624686324576
-3,051844398442815	0,34710271628850187	0,7568516082008702
-0,1423306821194248	4,9195244007075205	0,017760431170002478
-0,4045177114594801	4,759541919226703	0,11788691438159804
-3,089953808011396	0,17240169219823565	0,2834026920760421
0,783627375279303	3,498489140803964	0,47522689961546793
0,2754315234405956	4,414000463280429	0,7813615068226157
-2,8157267232991883	0,021122754398953614	0,21681940986713544
-0,08523784544462926	2,6708550504988695	0,8773435804230543
0,267699751141096	4,447451829221521	0,8228577397147311
-0,009354336708657873	2,924636327426963	0,600288060615897
-2,8336560632205754	0,3825691405572156	0,2908788138539784
0,37639036428975514	4,521204969119436	0,5128229693721349
0,31339528199383737	3,913221168610747	0,4116145299257211
-0,8120189844368702	1,5934407451667645	0,3059519025313966
0,13802372716459954	2,6152265697005297	0,6980311025605933
-0,1908364178233546	2,465449201966319	0,6792313289588026
-1,3963213306979805	0,24333554625543286	0,058014435207054404
0,9343919128159037	3,786447683263219	0,7773796561160322
-1,0228499512775482	0,33853833720978765	0,03201633781150559
0,15172728466734764	2,8983829135046246	0,5927528112806514
-2,5485443157556347	0,17996698950350265	0,11126498603607304
0,641296427484561	3,6038510917754176	0,8395854928228883
-0,5489964290782391	4,7216308110662215	0,8091700748936137
-0,8151851951765399	0,8327089281879657	0,9045137859659963
0,17935471385251334	2,625715890771413	0,871147203306065
-3,1642904142723616	0,09798801282391034	0,9977031286649884
0,4473002488751454	3,4033400531296483	0,6155868783432263
-1,5852053984525478	0,2093128611027436	0,432944025790981
-0,23870950150691453	4,84034926306159	0,8805697482550373
0,4461157199235726	4,175769257223966	0,1362897515482826
-0,8163588682377665	0,7628035163759261	0,32858002295350097
-1,9513934632585062	0,19296125736911396	0,9018845525984255
-2,6411111393964806	0,4386378456601091	0,18660234874226123
0,0045453555442170335	4,586909122972652	0,9939248353717348
-2,8962897380698402	0,11300973253025193	0,307595609212849
0,690687024308114	4,192169758034596	0,6001539126890415
-0,774316071456443	1,292767352216797	0,8190130927715127
-1,9860533083378642	0,12964719978921502	0,6362127089526642
0,49312956278574427	4,325214540744478	0,23715774311283178
1,0324839819018512	3,8226845924371085	0,07116833188840477
0,9856431582691123	3,4379365252965544	0,07936804900123307
-0,7443269460420858	0,7212648140294371	0,4243285947793367
-0,9585547548321689	1,4903431651591788	0,9741261368918235
0,004069890070238169	4,454571460231019	0,11343396597355848
-1,8229323402544406	0,14046261384347847	0,8751687957970178
0,5631444668338048	3,327031746756926	0,4694200973037085
0,957929000801431	4,154693048033853	0,7750018410476639
0,5388059822489626	4,160384551407341	0,36708792169160853
-0,11338247474951707	3,134022977352341	0,4413231308046488
0,2718949831525963	3,516236263892159	0,38029879889446994
-1,626038422562614	0,2699981715910632	0,1255679568113206
0,32263919783706085	3,27952697135117	0,8892543963464765
0,20231017620809422	4,860412890771098	0,9539045275712241
-0,4122171081964673	4,827429486008905	0,23935164042405055
-2,6138048485620207	0,2526637294410725	0,06740314350324239
-1,3432395338935803	-0,1594120825703027	0,634075212468878
-1,4348187015900609	0,6638887459636228	0,9543111911291325
-1,9157182501962713	0,030861499719565755	0,6978723065498219
0,013846323534339289	2,4721386057285404	0,8609779702240583
-1,9019219138995416	0,34441616496066907	0,6274157099496243
-0,9332421471396206	0,9752216430333602	0,9083334529307652
0,23358276557142665	4,243865085265708	0,4575278680482513
0,3814737337276569	3,672040485869751	0,10749737225730327
-0,14966446841027414	2,4533749028939065	0,8854586244170028
0,20985120157724657	3,181241988338516	0,02314850069573582
-0,3371544258958668	4,898317441320616	0,7615847223447888
-2,627916224956611	0,36306281238802574	0,8849578258423018
0,2308743848124697	2,7954577642653513	0,45266157293656184
-2,076878139889663	0,21961942782167554	0,6995078096789812
-0,9819971147124751	0,23798550341782965	0,18858510474975954
-2,1844962170228603	0,2755195758152865	0,9755720943720758
-2,721158636974856	0,5740223664444499	0,1388583382164048
-0,2313033471825479	2,4463923008355746	0,10069798801470697
-1,0502793715074963	0,9664987770325797	0,6658157683325974
0,4510832298272598	2,773805077027625	0,46596736078010526
-0,8456332796927213	0,734294700091479	0,5338318572125967
0,11986012316830286	2,9765619242878723	0,1838738845615725
-2,628707145006511	0,21231168099689168	0,45038583167916646
-1,4401549373125644	-0,1782944024860702	0,3628821766081468
-1,6109968208211813	0,3670306022503842	0,40646110619859266
-0,5957458822927135	5,188742639872894	0,8190446767874106
-3,3334075029368666	0,2987265374953325	0,5229792857230376
-1,608159659656976	0,27459441816119523	0,02805671161995249
-2,7975446461011213	0,4719510469820922	0,2597377987047209
-1,2746120181861027	1,3255685724326636	0,45616044425191327
-1,1926959511180066	1,3640281301842188	0,4635882108819188
-0,18496611489356457	2,6008956150391658	0,8449838235456951
0,016358559344883394	4,550818326576584	0,4956411424571271
-1,2749306622221028	0,01725392723834096	0,5887917066989958
0,6897690246465269	4,751738471084115	0,2110646092079953
-2,00971358519093	0,08283965966033047	0,8325916427241252
-3,1644315295406926	0,2952490295095169	0,6782306785179542
-0,6001940197819672	5,10998570448447	0,03821674773517547
-1,266141881134251	0,9787274911255455	0,16688851997442988
-1,1452864503909266	0,4805682571598926	0,7786095343014058
-1,2436998566766544	1,2894008903432894	0,21964694037249644
-1,5510863709348128	0,16438023114735745	0,9003076804815374
-0,9162679919445305	1,3950789114346196	0,19133355162244237
0,5211641843335387	3,4220845333716907	0,6539470906643783
-2,3073404771663406	-0,20072600279631225	0,2752408901144271
-1,7356777749401635	-0,1048189876681418	0,3334059967064862
-2,3514888110515204	-0,3890100449753833	0,8071844180956866
-2,4578685863921375	0,15907413240354973	0,7246998072567901
-0,13963551255860207	4,728012911253833	0,9774187751381809
-0,7290919281350723	0,6903993262125006	0,9187057532556444
-0,8326108866048891	0,8703417582946339	0,9731845626085066
0,8412313060315366	3,363628838631825	0,23426193123478045
-0,1141556597171986	4,7489574972202115	0,16128314686569123
-2,5774831573688175	0,3138071303847818	0,23921540521569684
-1,2695373238984269	1,1790087271017768	0,4023223810601628
0,020971532568216156	3,079094579861625	0,831698089438847
-1,3201611937243132	0,9234626747532195	0,42030362197387894
-0,9768643413607592	1,3181621525797333	0,662719267261286
-1,9189259234360758	-0,03399546283506538	0,12095252793222722
0,44072616327012026	4,954261485150955	0,8302607194704162
-0,011711706246558928	4,762963761815135	0,32504811556900937
0,566201154417008	3,577330614299034	0,9218943068044612
-1,7177677200387	0,26037785076790076	0,47515123710878115
0,5017662132347059	3,4454827462701436	0,7316923413057462
-0,9585128032682317	0,624157136300862	0,6032401712715179
-1,2918935106968392	1,0697468347441754	0,6181722572206075
-1,3512629466951678	0,6530564119660905	0,4338137334072768
-0,2615195811466459	2,9439879558677613	0,7010237636433503
-3,0353504084384593	0,13113522560221613	0,16152902706530214
-1,6088292695658215	0,3245748749736773	0,32579868402854484
-1,3156016261334762	0,4037507168463603	0,8510856752683852
0,07103362053261131	3,063861954009707	0,09484828057563677
0,9952922417128347	4,163480660098652	0,12490137468003648
-0,9130749118181705	1,0163754190147731	0,6155726316565482
0,3136458598611127	2,626801236508159	0,9237418537093143
0,6837150991449932	4,368191116068525	0,7206249204520528
-1,3450039422855258	1,0654279287368222	0,14342790532088512
0,665918966946619	2,926950012133336	0,33886796471681246
0,047140631158955615	4,8309782738781415	0,511663282837005
0,37213056322757276	3,501219806460825	0,7523953254284254
-1,3803950385960508	-0,19504334979281457	0,09601894724581705
-0,9995244774464878	0,6189136607942887	0,3524823534127871
-1,0067635454134716	0,14225786910586824	0,9137321324937445
-1,5840008560215322	0,18984731857621373	0,288071713784921
-1,638235941785789	-0,3405896243709401	0,8595444917315475
-1,0219417888234774	0,5990831926437259	0,5686195487261978
-1,3401009195549953	0,8726001234022494	0,013368376131907667
-0,9286077978702785	1,2013726179962025	0,9245213153190478
0,16310202252514305	3,3031451639485248	0,6103623004160174
-2,1200274780748662	-0,26749355575429656	0,9836607608884046
-2,9199815666146276	0,7381313189963977	0,9360608405411016
-2,1566400127220855	-0,40702292520077177	0,29126002190427647
-1,0143652072319305	1,1625993596569817	0,9528468374629432
-1,3771080672114817	0,17125906688359382	0,4147935077131145
0,12498775058881384	4,975312773866727	0,3074990941413225
0,580034350670485	3,3783866518354144	0,8906770370228747
0,7237292155465054	3,7924258139951057	0,03503894307617017
-1,2140797525019946	0,9684856152586125	0,4601498374945533
0,2893985756312063	3,516134143354953	0,9214066359006082
0,8681462655395293	3,636561179782049	0,5583755575891456
-1,451232002119446	0,2059583531383613	0,8750319881739208
-1,565509300906735	-0,24419743358055768	0,6794043628162065
-2,2807889464876174	0,22465634220809583	0,883165723543853
-2,2430937253814203	0,23274972144234007	0,08740591694273026
-1,5086169428996505	0,49604366204256634	0,29502970337779566
0,5554039430122562	3,5711573973706408	0,9123360481421602
-2,3705935220643144	0,23850248833695764	0,6979911507721129
0,47126062518866807	4,396955524913736	0,8937587602114011
-1,1536287345324527	-0,05951010006379631	0,571973717080517
-1,7274241952156544	0,33690348478739174	0,7432466566290217
0,8187448166807443	4,279827690678433	0,4058622763872929
0,04292653848558703	2,781282337175626	0,5611868700020142
-2,236906904817691	0,24447190608288083	0,8344073399306385
-0,31366498727187664	4,7487074114299945	0,8447816614881449
-0,25108140403497214	4,854390568076503	0,42106364773034866
-3,0679826897526707	0,38016481051746154	0,7646163011640634
-1,0823070671676118	0,9285989444735323	0,8641988427504346
-1,1090541060445975	0,15342687693582535	0,8969317685199316
-2,8487796311191977	0,7206716449081827	0,7628027907697099
-0,7845743893849264	1,5756905314614382	0,0071972714222285905
0,12961375738663428	5,097539377891827	0,8508619116846505
0,6173331686780192	4,443698694362382	0,7200071030534536
0,47612059619006064	4,583494832551023	0,5792955553581689
-2,117952799738083	-0,3694484816051806	0,5966019927395315
0,761222592808203	3,403639267954025	0,4786276306397478
-0,019812848633742552	5,063869855837795	0,09803405632356943
-0,9755502465428929	1,129432312750804	0,10597932952966516
-1,360378327565996	0,2147736313655384	0,14008277359553123
-2,229321082690756	-0,08034445424997694	0,17229439261046497
-1,2255230576045935	0,7095837509426834	0,4940295440243301
-0,8347657691558155	1,4333330706948317	0,9298121572174233
-1,0662976158134303	1,151154560252814	0,8484773228890718
-1,2364782204633449	0,8393925790377432	0,35658230781217404
0,3147927853077396	4,177530007323522	0,8013824020132737
-0,6655997849689945	0,8781795960306581	0,6462123464300619
0,32838926039216143	3,7641161916298005	0,2382797923057337
0,32118487078773406	3,8624022063006826	0,1408902656775748
-1,4315589884393753	0,5133869572511944	0,4853113760940042
-0,18110189152401612	2,6925397647683127	0,8303253253543985
-0,8542257865602085	0,8467783041617458	0,48001162219181104
-3,353842518170146	0,28599936892100863	0,8243199094524585
-2,0245022148238414	-0,0003785386169310456	0,2985822080827556
-0,4271879011689412	5,28199548496681	0,7482610978626881
-1,0792719292590456	0,9782532435383644	0,8198715690852846
-2,275575351716561	0,13099470673022384	0,09229238119375371
-1,2936658425049465	-0,0789862291709309	0,033582848960821976
-1,530873596666306	-0,26226216028965244	0,5971494552703575
-2,362277787130674	-0,26656436269277695	0,7228265035813539
0,13729347408156778	3,0024132482071924	0,8712395844902239
-0,03733342353989988	5,246678296248101	0,17148999290364408
-2,529816802255378	-0,18642242435184708	0,5889421172163576
0,3438166664745832	4,275961397780088	0,18799091003715374
-0,21432065005241163	4,641325686222354	0,951115043850208
-1,1895829042273118	0,7892647127302748	0,3057877940843463
-1,125597807898401	0,27898287244589837	0,9761105680617164
0,21291616747888442	5,169755323195073	0,29154242880426273
-1,8673381130070565	0,3321238925110961	0,31074381358250036
-0,8780103495583045	0,28305909680689023	0,6239841034661064
0,0810217860323682	2,9779940976112584	0,6342477918898973
0,006733074973286568	2,7297986901727063	0,6081043920938564
-1,1323007467015485	1,4663510551518084	0,3479282792942707
-2,346295088123367	0,12089836928181907	0,343154752835914
-1,273161439671393	0,13456479007647015	0,5444633487120114
0,11998179644013007	4,377322198992401	0,09444196700103025
0,3217531399111708	3,4699882763777947	0,01816032487866548
0,3373984083071002	4,599521438685912	0,5376585419375138
-0,19549341007291776	4,749316394347345	0,18122015390750634
-0,046113466476797704	4,77497288240371	0,21029773364956295
-2,8985769409924504	0,35528562499294447	0,4261451332972188
-1,1674874525123398	0,29740140848852703	0,8396069947780752
-0,9018395838064708	1,0723010387801946	0,8834513067150732
-0,22247784412019111	4,81475493847183	0,33134223264842244
-1,8836299810237482	0,24510020578932368	0,10513302197448438
0,5366421667868547	3,4074129555896313	0,3634767487502726
0,22111736449697428	4,841690680642669	0,7766003548646698
0,4617942803985715	2,9112903670705315	0,6420753728541784
0,33760101479522664	3,0260149494945963	0,3691832743418101
-1,919729438648547	-0,27159092287264475	0,8390217869755717
-2,2863740855647365	0,322511285361444	0,025986545554887996
-0,9044767916790193	0,892027842833803	0,4318603828193701
-3,2357776602707182	0,18725235817922647	0,14670063686649426
-0,18920672402023098	4,607004256722729	0,7420028968665899
0,5252360561895424	3,1948058994263295	0,3538941727625906
-1,191621267153591	1,3667022883568831	0,988755521324802
-1,7922936959932039	0,306462906243149	0,291297945937099
-2,384292940625184	-0,3117783867683457	0,4551072575240893
-2,5724002244072617	-0,2997338588691143	0,9538743358587277
-3,1468564720072267	0,06244592157418061	0,4893153859277478
-0,22076740717082796	2,434436394909384	0,049907820794485525
-2,292403487209793	-0,27896809573843595	0,13403269005077578
-2,5801865970531197	0,46074256530016666	0,4183563058741756
-3,115648388032115	0,17504199874838233	0,059663705028604186
-1,5237850961417365	0,6087436396064625	0,30453918291929105
-1,0825342301691743	0,9070659898895552	0,6940818312619588
-0,9470071611465247	1,517837908972278	0,3720201061066437
-1,1515264116498045	1,1229882168496488	0,9906049738228291
0,9633767103475384	3,5153920993774297	0,5925157601043965
-1,5141830290872105	0,5429284434509654	0,5405357354074535
-1,2604915377322206	0,23213305840532328	0,7608531610012399
-1,9159619537808819	-0,1167160276841488	0,548242848332448
0,4907102999672467	3,153681971251308	0,6427783688242126
-1,0237617601004976	0,5556408098388663	0,5667434140097658
0,6139198805745063	4,723367783920148	0,6804076099689748
-3,039656267552348	0,5155990181039561	0,7869078129077596
-0,13126167089547863	4,629749294223709	0,05938037372695382
0,5962931378228109	3,312395820160882	0,21919871631464416
-1,0761434893080826	1,4723806100795842	0,9508337975387553
-1,2889235520009008	0,17592043396496104	0,561593630215448
-2,3465031748212573	0,21018454014330712	0,6826492746922229
-3,2349930050462934	0,5828495674446643	0,37472969991448657
-3,221942224642121	0,4008323482608692	0,6779075604997593
-3,0031034400654137	-0,1332611708237601	0,7323412570140059
-3,078369104769525	0,51972436718087	0,4154950655486036
-0,060915090226650814	4,832832653227149	0,44070673360399304
-2,2875376538426275	-0,3223180630719005	0,294033421526785
0,22794711019160074	3,413404849855823	0,22078635587955486
0,5028556783161924	4,131763738822393	0,3191596250410942
-2,964966466452621	0,1368915755122444	0,03100609379996777
-0,0025526641774814562	5,012674353213378	0,9224911246707248
-0,15998018453559287	4,547688886257021	0,41876203976773874
-2,8887586447132527	0,20528312507424173	0,07390131878896444
0,21889999962736217	4,8525746762651485	0,4968944425909796
-2,828245461669016	-0,06511824967537683	0,3551337342341955
-1,1419124445430344	0,21162908310036732	0,8986856914001147
-2,3715499558584767	0,1186882460844575	0,6051309060166565
0,3005985532044406	3,2681472440502346	0,34772586994335786
-2,7534566803552543	-0,2732274477606804	0,941408872916168
-2,8258049438608146	0,7314646997045187	0,8565115732882624
0,1388410265163157	4,90598729571321	0,8246113414778343
-1,377566072762127	0,3919947659621916	0,11760786116577393
0,08505148766044779	5,03716400730126	0,7490868506696329
-1,9073540174274537	-0,3245488420185134	0,26629308383594674
-1,7741857297047965	0,05834437775842516	0,2540863179015679
-1,037680014662007	0,4393572464449502	0,5303911323168974
-1,5091323898336833	0,33014461220136915	0,34325908818977713
-2,2212717734072123	0,22738335675595844	0,3100356226988763
0,20641197548655177	5,096576241989114	0,9516667405682848
-2,413564117014981	-0,3950802983179167	0,4028065411988292
-3,277861231542918	0,21323864452252306	0,8286577597435668
-1,3576068626225055	0,00028798833452636785	0,22341609288137898
-1,4573238459539724	0,07022199446646216	0,41019073847182064
-1,5734395655008067	-0,10113285116778248	0,6013003322433922
-3,156873887625067	0,591825613220531	0,6845432861188511
-1,2584851900245861	0,2629068439024287	0,613495944970357
-0,7760261351112052	1,3118723878014174	0,39092589217923546
