1000
958 1432
377 1360
6 665
8 913
252 361
852 882
251 1368
582 1057
689 711
377 894
38 1075
487 855
150 410
767 778
328 1054
51 256
642 843
1299 1408
550 712
152 1172
74 1152
635 1431
340 361
220 290
17 606
375 1094
830 1363
715 959
325 1140
879 1090
87 1250
383 1153
128 137
309 768
875 1198
1234 1387
1014 1136
413 1425
261 1011
621 948
788 997
709 1354
192 499
576 850
410 785
589 750
547 1349
1148 1430
672 843
190 362
309 965
456 778
324 1371
641 1170
323 338
63 540
69 1285
371 907
493 846
697 1054
38 804
836 1247
253 1306
163 872
971 1158
78 1440
564 1057
848 1255
781 791
826 979
219 290
355 427
368 1312
1195 1368
216 696
181 344
1183 1363
1211 1308
758 1021
632 720
535 1188
351 1187
249 1425
796 1204
806 928
30 1370
297 315
59 1109
1077 1372
472 1383
941 1023
746 1011
212 425
311 1154
222 1285
710 1109
632 1206
913 1432
606 1031
957 1166
516 852
1040 1398
979 1150
522 1264
196 599
477 648
854 1342
1002 1338
1035 1316
611 680
579 1426
1175 1262
1205 1329
25 588
847 1071
407 975
389 484
510 1430
943 1208
205 1164
310 900
440 973
238 1022
974 1061
103 1270
112 820
219 380
171 1270
189 967
383 1127
408 448
762 1332
978 1024
402 1328
412 1058
178 1363
740 1047
1031 1247
479 518
779 1209
67 1392
238 450
950 1190
1268 1308
416 1212
669 921
271 915
326 1291
177 1337
142 473
216 709
608 651
343 1129
771 1132
1256 1423
310 523
947 1050
921 998
385 963
103 603
466 977
141 1248
1048 1325
683 1239
322 563
600 1108
218 1167
400 643
590 1016
1123 1219
546 724
552 825
462 1386
247 493
79 1361
1110 1377
227 644
731 1174
454 747
53 530
627 1198
104 662
134 714
223 676
363 420
457 684
1275 1339
782 883
757 1270
658 1300
770 857
269 1044
707 1339
979 1015
68 531
304 443
596 707
642 1425
608 1216
1263 1337
534 1322
1345 1362
375 785
1128 1363
852 1042
1312 1345
316 757
393 830
73 934
121 527
1369 1379
479 1016
1043 1285
401 966
1031 1391
658 789
1195 1330
554 1430
690 1206
556 802
185 407
208 282
47 718
384 1011
1285 1339
427 667
337 461
618 791
9 1139
1240 1275
864 1326
64 283
44 1068
485 773
1028 1108
1117 1167
1241 1358
1171 1179
800 1213
73 1261
863 1125
316 1010
747 1302
976 1281
490 1157
61 287
89 1402
768 1140
355 928
581 690
148 349
83 1432
875 1234
564 633
925 1189
1180 1257
677 1197
962 1437
233 854
176 1071
585 1300
161 872
754 782
333 386
7 93
1028 1121
672 997
535 676
465 697
678 772
1254 1272
472 1072
132 727
76 204
280 476
342 1119
510 1248
57 1130
874 1095
446 1282
89 1311
4 501
1079 1406
1407 1427
309 1041
481 1110
771 1083
169 896
818 1070
805 1239
359 1138
182 564
522 1240
32 1202
123 1182
906 911
602 1166
808 1436
1126 1186
439 952
364 1025
223 1143
489 965
775 1149
378 893
838 919
495 1350
789 985
863 1087
830 1295
113 948
74 1420
484 522
45 355
568 805
584 655
443 1078
1021 1086
82 1024
1048 1205
217 277
48 326
105 1286
1306 1335
509 731
966 1346
89 271
448 1341
358 656
973 1084
715 1263
482 992
785 965
823 938
800 894
1004 1026
184 1260
744 1035
688 1041
387 888
394 910
868 1293
314 802
54 738
210 713
888 927
847 1112
254 1194
29 1303
74 997
713 747
137 1163
365 1164
111 147
574 1126
832 1125
918 1016
277 1270
889 1097
58 240
528 1120
221 1365
143 981
309 388
83 171
16 210
11 845
76 912
98 888
357 509
224 1004
488 646
320 792
241 1216
446 572
99 1363
981 1395
729 1349
596 645
200 1254
1010 1034
831 1152
44 446
613 706
186 231
576 663
775 1187
739 1314
390 1214
153 161
115 958
341 927
977 1298
28 876
198 444
481 1084
535 979
994 1180
713 976
422 1036
839 888
476 1167
749 917
303 773
280 423
166 1387
99 904
622 659
150 539
215 778
292 1222
475 1377
106 501
217 944
295 1356
22 621
308 738
920 1268
801 875
940 957
877 1098
774 1346
419 563
890 1223
157 1135
46 110
170 452
392 515
685 1397
64 1382
678 1300
219 1385
600 873
547 1154
1073 1344
1096 1183
564 907
142 1358
243 902
647 1036
476 880
22 402
93 1371
188 287
715 732
20 148
432 499
376 948
464 1176
966 1317
973 1357
29 79
643 937
901 1079
102 634
44 339
543 555
183 844
910 1306
20 465
675 1143
262 416
1040 1068
576 875
399 967
306 1327
169 415
920 1236
90 1265
1101 1187
118 1375
496 1242
562 631
57 626
375 1383
375 1167
1121 1399
936 1187
800 1111
586 818
718 1027
595 1382
944 1295
372 1010
69 1160
654 1248
105 1174
482 1007
39 1073
961 1095
261 583
640 868
306 1060
1062 1199
849 1010
570 706
416 994
746 1301
493 866
243 374
232 1288
181 325
291 1153
727 1281
613 860
1203 1402
326 536
632 1057
343 1433
508 882
132 533
133 868
175 744
519 1193
869 1019
48 907
491 789
534 739
264 454
354 451
21 1264
7 950
96 646
211 1080
210 1109
1192 1267
61 695
123 721
602 1362
1387 1417
373 679
1153 1212
809 1330
206 336
433 741
858 933
1051 1221
131 1279
444 839
73 877
84 1301
711 949
88 541
327 862
926 1234
159 551
783 1424
148 548
205 1191
1131 1138
1274 1426
1400 1428
1133 1384
477 1431
309 620
274 1193
1104 1324
897 1297
348 654
340 1276
425 1146
157 837
530 1429
203 219
59 70
10 1080
1023 1151
740 1172
162 595
6 1227
393 1168
189 1421
99 329
641 1200
219 633
390 570
583 838
228 645
800 1003
183 1055
273 1165
985 1153
377 1019
35 39
478 718
861 1068
277 715
511 1330
432 956
566 821
16 1237
261 946
59 813
395 1081
974 1144
401 765
985 1287
612 1016
623 834
735 760
127 301
21 604
847 1176
642 1312
595 636
1103 1387
107 1066
796 1037
684 1053
1229 1280
713 1420
575 695
1307 1320
305 533
631 1284
1124 1267
484 519
112 613
158 778
268 1076
285 1225
158 685
139 525
230 972
893 949
124 904
286 689
102 512
750 1149
485 1379
162 1434
837 1090
876 1375
207 333
45 326
505 1003
1149 1309
1129 1264
13 530
278 1302
734 820
1013 1431
301 1000
186 817
406 773
481 967
833 1066
418 1039
1023 1303
409 1359
711 751
358 1163
408 885
194 199
25 1174
347 480
497 656
221 1117
196 201
1288 1313
471 1014
559 1156
290 650
801 954
586 1295
256 396
66 422
574 1089
739 835
647 1062
56 1173
83 268
1261 1329
1345 1402
795 1311
159 1319
459 944
641 882
181 652
36 267
323 1309
340 437
83 749
370 380
9 966
546 601
134 678
5 1228
400 1121
702 706
75 1371
212 1264
414 705
132 673
118 211
124 1427
284 491
285 946
165 408
101 282
303 1099
543 1321
542 1013
670 1418
970 1027
828 1099
910 1282
815 1152
990 1149
102 1128
747 808
86 955
105 344
528 1342
171 372
27 575
707 1103
125 1320
170 172
823 985
623 757
275 498
702 1003
607 1143
473 1051
269 482
520 1070
392 1179
7 1115
653 1177
70 1397
7 1104
441 611
130 830
132 218
44 1368
820 1125
77 649
616 1124
889 983
717 1121
367 825
18 503
34 1274
119 1041
666 867
334 792
538 572
338 1017
148 736
562 1367
358 1163
369 1431
648 1307
688 955
200 537
818 1356
309 740
369 611
415 575
651 960
504 1218
580 809
1332 1357
400 1385
20 530
671 961
319 1164
626 1243
132 946
604 1137
425 1049
30 619
104 1033
538 964
585 1383
656 667
155 662
733 1417
199 768
379 429
448 1382
35 958
678 1286
761 848
442 736
546 1206
847 1249
384 1299
212 1076
45 228
65 235
1331 1408
1150 1343
373 955
47 1260
635 1346
702 958
281 588
714 1035
147 223
793 1400
795 1213
686 699
617 879
1166 1290
620 748
75 896
443 1141
739 1321
1251 1381
791 1136
145 958
154 1308
289 1198
655 1352
1146 1347
1052 1383
871 1143
129 1318
258 869
533 1094
353 606
456 589
315 1213
707 1308
163 812
152 1311
523 752
553 960
201 595
485 1074
888 1284
356 1424
589 1296
650 1086
268 857
248 1387
116 746
687 1031
1101 1237
244 646
309 534
81 598
952 1385
649 1007
780 898
148 1401
224 982
737 821
649 1158
399 1195
684 1217
548 1315
386 1030
446 1067
829 1242
16 129
353 1337
281 352
279 1378
59 487
736 1343
76 723
217 448
735 919
308 1329
621 1097
527 990
175 596
422 483
324 1140
849 1083
717 751
341 842
206 625
23 238
944 1244
192 1039
1017 1190
924 945
412 994
912 1285
1000 1051
139 311
6 946
1136 1395
458 1174
821 1150
839 1032
105 1432
984 1212
984 1041
344 586
673 1159
362 711
615 863
475 983
90 122
500 875
1274 1400
768 1419
219 393
358 1435
593 996
660 827
28 1397
411 591
530 1343
286 355
620 1031
928 1122
536 772
766 917
576 1258
143 474
644 1264
64 409
376 614
613 919
134 699
821 1411
217 1250
1001 1043
1040 1306
61 378
897 1031
32 199
189 1171
426 749
809 979
505 581
648 889
680 779
16 264
1305 1366
78 81
279 933
137 826
1020 1138
1221 1230
488 517
404 446
397 751
385 985
567 928
176 589
911 1243
766 1401
11 961
128 234
1089 1397
676 1277
864 961
630 1294
33 1073
339 1024
820 989
413 1384
212 902
148 360
633 1297
228 1214
568 768
851 1235
544 1315
247 1403
140 509
92 1178
1135 1378
824 1010
286 303
238 729
945 1108
820 1397
134 1130
649 1088
703 1296
263 1138
1007 1359
382 607
310 719
230 353
526 595
358 903
785 871
716 796
1094 1202
470 526
49 1249
186 332
321 1260
1254 1391
511 1083
79 381
262 931
495 1176
680 1198
527 1426
274 828
