10000
47
977
756
701
494
572
434
815
430
476
810
682
160
229
701
68
312
205
239
125
990
846
875
87
324
81
698
776
728
171
690
871
73
666
575
500
154
29
659
227
844
138
670
607
972
279
908
455
671
480
257
733
801
76
228
6
531
106
820
876
496
974
754
185
167
324
352
452
959
104
39
221
369
13
391
784
736
132
820
49
683
67
12
1
574
321
766
897
52
983
827
546
766
131
284
797
253
611
878
937
582
288
567
170
815
682
910
86
420
726
166
339
573
891
67
649
147
266
485
572
661
741
885
945
196
290
445
239
780
460
846
26
927
109
848
799
595
759
812
892
944
978
408
82
29
190
756
645
199
276
254
465
539
49
515
554
147
442
398
917
341
661
80
116
318
852
206
217
724
472
266
374
588
246
370
829
905
147
253
394
485
645
384
45
721
383
810
622
799
845
715
451
439
350
635
372
397
571
985
8
718
696
712
496
853
134
830
56
988
72
278
741
573
386
456
291
703
337
49
874
410
135
70
478
363
394
961
712
835
242
209
220
581
436
631
173
831
953
184
183
268
757
316
702
122
480
919
703
938
144
651
170
428
80
732
305
178
124
141
164
949
99
91
133
855
727
844
551
393
526
278
41
141
103
528
49
508
111
428
562
820
260
203
607
931
620
53
111
77
901
39
197
522
755
422
862
560
39
529
308
549
296
584
420
250
976
844
607
203
941
585
538
619
706
342
146
872
611
766
870
516
955
696
377
439
663
191
306
807
17
820
594
629
633
839
472
806
574
780
934
95
554
219
683
224
618
825
786
538
393
792
729
612
702
262
600
781
932
810
432
259
380
389
243
787
600
113
32
78
939
356
489
337
822
433
464
774
826
305
205
535
721
593
864
401
879
471
911
315
409
143
108
618
701
772
388
879
171
976
853
856
582
491
442
771
441
254
445
688
784
669
154
63
93
624
911
700
841
478
206
161
686
471
224
734
967
28
443
679
399
490
918
87
734
267
156
811
327
573
354
821
541
330
162
656
270
180
421
174
124
56
794
636
478
933
350
173
743
434
425
581
382
64
643
414
938
750
447
794
635
370
482
407
883
323
408
416
96
371
565
479
111
634
692
733
619
956
832
947
630
488
915
672
461
940
903
495
61
292
193
681
775
65
357
521
678
723
268
589
706
385
599
945
473
966
547
668
979
494
643
232
868
55
769
526
13
29
209
438
856
332
416
232
379
8
342
426
174
496
439
130
260
93
410
45
746
822
893
578
939
214
969
772
133
775
37
842
774
300
906
71
120
616
941
316
831
816
248
653
735
490
116
113
504
304
738
412
542
878
704
620
901
848
415
383
453
128
7
543
1
150
810
704
53
172
1
907
242
788
181
400
933
45
347
688
653
293
128
130
453
112
764
701
657
8
568
387
952
401
606
250
494
897
595
382
743
698
9
995
953
201
977
216
942
533
936
586
980
339
925
900
901
960
810
564
810
812
251
340
418
741
274
675
871
6
623
756
16
642
341
961
480
968
815
850
446
715
895
214
903
71
768
828
99
51
756
791
872
435
36
471
438
845
206
226
87
618
745
505
803
980
961
272
664
1
907
985
932
412
959
398
79
660
804
783
881
493
501
218
163
221
993
442
868
856
266
952
684
375
164
690
755
765
421
728
525
527
607
640
832
428
99
451
618
368
415
153
758
280
87
16
276
314
471
152
912
769
215
518
362
481
316
168
13
783
51
96
217
313
905
221
874
860
142
338
775
687
550
637
518
798
291
58
821
73
166
399
792
22
417
950
850
410
778
843
108
241
62
170
918
122
277
569
105
98
84
639
601
640
438
65
38
412
528
261
353
220
376
841
36
880
416
951
821
759
648
222
473
194
886
620
615
442
346
296
422
544
236
214
748
429
867
310
944
1
532
956
598
754
562
876
691
431
564
786
887
875
820
664
311
280
348
148
968
945
768
648
225
889
404
559
648
47
223
173
165
899
88
699
645
92
87
561
240
353
938
181
899
632
146
254
501
304
681
922
193
736
647
271
508
101
722
654
658
288
66
751
108
574
931
596
748
953
471
721
566
473
433
59
350
186
639
337
20
843
477
445
897
103
445
927
921
935
935
968
675
323
153
315
660
174
949
728
657
851
307
690
542
847
164
882
856
367
955
343
574
795
249
943
543
326
63
257
894
487
612
740
496
126
813
54
608
33
346
674
680
516
846
99
65
341
664
509
198
771
329
729
217
985
122
433
812
833
420
24
429
291
109
773
811
820
582
219
149
671
80
335
708
12
219
758
602
683
841
436
457
424
919
484
818
714
813
985
416
698
238
774
958
546
925
29
483
512
440
1000
674
620
794
908
390
803
389
136
508
4
527
740
829
81
938
126
899
57
288
144
484
237
904
587
296
718
808
515
595
333
854
397
432
417
306
429
639
469
437
329
67
479
636
631
464
163
132
226
154
531
651
377
996
440
59
214
586
415
209
826
74
739
777
38
669
562
153
742
150
694
691
456
323
701
871
339
535
597
914
568
918
846
631
980
423
234
586
670
103
953
38
877
340
376
887
639
953
869
693
586
388
305
404
502
856
789
417
874
338
103
768
228
212
438
893
816
587
370
401
982
200
138
188
608
489
514
98
277
589
2
546
732
144
365
969
981
3
582
356
619
852
219
773
436
396
88
23
143
869
207
430
699
868
70
445
147
494
933
389
954
479
480
591
161
942
626
867
424
846
955
674
621
49
126
387
22
799
111
362
293
394
850
846
695
694
576
944
936
549
474
210
284
245
772
402
923
470
854
232
664
145
649
786
90
239
867
430
937
187
46
601
317
456
906
501
759
223
6
716
711
567
830
821
888
317
823
705
338
180
720
145
45
202
149
719
127
9
139
64
80
442
871
662
777
970
442
175
290
186
465
903
350
125
657
624
723
246
652
486
363
304
182
754
699
921
868
814
572
97
200
105
768
697
92
979
657
266
512
272
820
321
940
651
15
164
169
142
187
580
514
469
496
18
282
717
839
990
284
855
30
8
532
245
814
483
653
499
477
602
406
936
573
213
353
734
423
109
361
348
153
1
203
748
902
986
21
311
895
359
289
347
187
275
695
132
192
435
947
832
540
84
581
418
618
547
937
51
545
530
879
553
338
776
509
612
347
690
165
683
849
231
526
407
401
344
693
811
65
213
982
447
975
696
932
866
856
579
681
35
934
997
172
208
248
107
189
402
472
112
171
528
181
521
725
353
875
782
524
124
86
221
633
998
928
152
213
755
203
609
524
592
510
319
572
102
280
378
361
311
151
656
517
529
986
383
934
27
635
978
314
96
334
122
737
639
198
538
967
766
277
559
472
748
943
952
324
476
308
232
990
415
565
447
620
624
681
735
526
156
715
12
406
203
441
568
187
214
451
649
609
984
858
689
989
63
751
645
842
710
752
31
73
269
22
567
534
590
732
458
668
283
791
852
91
575
897
632
55
728
836
560
690
926
698
419
502
988
32
290
387
423
39
889
990
413
127
695
946
326
170
885
906
722
942
337
251
223
496
559
19
280
494
121
352
55
983
645
176
119
540
798
611
425
291
4
775
740
554
980
40
150
10
851
291
371
906
373
474
697
456
196
902
132
562
135
618
797
58
611
991
864
689
730
695
768
783
140
584
981
1
871
424
133
473
512
799
103
475
48
688
647
275
363
147
599
80
325
117
752
692
840
833
881
52
916
96
408
988
107
498
16
749
297
138
421
633
620
473
134
572
679
745
74
810
400
843
153
943
843
33
355
125
109
468
328
1
272
219
909
362
464
998
284
844
634
675
701
143
169
125
573
454
287
35
334
75
789
592
929
103
867
367
540
29
700
6
218
555
552
623
132
847
157
190
762
831
375
330
487
645
676
313
67
33
454
957
128
704
374
354
793
679
329
790
248
65
258
702
673
576
478
255
5
494
96
638
988
650
854
200
957
729
868
761
313
398
866
986
888
797
201
867
937
122
421
437
715
871
636
815
571
746
381
501
992
433
806
984
211
200
446
157
96
901
790
620
328
312
890
797
293
371
814
507
774
38
351
819
879
254
506
139
892
39
363
157
951
848
889
659
506
476
426
719
719
756
857
527
146
824
780
326
319
149
390
645
446
919
842
599
187
488
892
395
800
447
716
691
234
568
367
368
373
956
988
415
556
154
701
451
122
471
930
918
764
810
138
707
880
449
806
642
28
246
832
759
63
263
891
513
984
122
193
19
892
334
864
474
36
334
527
257
728
848
323
24
880
419
55
547
887
402
321
400
124
324
389
269
782
512
979
565
802
532
190
498
540
341
644
635
205
91
333
590
306
14
578
863
921
588
905
463
817
525
478
830
720
346
995
858
43
818
264
646
874
380
253
901
160
262
641
962
280
503
949
630
723
674
739
330
905
849
410
900
730
490
868
395
518
19
307
496
507
259
575
25
154
791
432
344
895
237
342
571
153
158
163
380
645
259
509
1
940
805
41
550
721
103
548
909
318
287
288
344
17
369
661
254
913
370
862
215
602
37
615
234
401
796
349
154
188
3
827
880
180
992
224
676
233
144
95
148
97
631
244
869
997
996
510
107
668
179
384
718
855
936
177
475
926
950
546
764
725
940
426
369
110
81
754
203
670
67
355
576
994
732
453
366
40
689
55
198
78
883
799
175
204
460
358
196
522
72
739
655
625
131
873
851
410
80
652
579
370
830
640
683
995
63
625
282
682
787
54
827
636
764
17
685
622
113
800
225
625
14
256
612
195
791
735
643
896
770
470
992
675
295
393
731
524
84
208
403
360
962
721
404
855
818
63
242
42
879
847
610
607
207
729
403
245
728
775
751
301
105
622
447
711
416
488
133
360
172
929
53
911
789
109
592
839
912
405
665
605
585
779
653
295
352
654
186
396
621
726
685
241
443
2
514
676
659
797
454
544
422
407
99
476
315
396
329
295
751
352
47
682
572
563
736
191
771
405
340
142
37
931
977
121
302
306
979
364
108
921
400
975
818
551
978
881
803
100
323
214
833
659
707
840
820
949
367
337
180
427
551
54
329
924
192
957
489
832
941
601
493
515
861
270
322
674
123
482
351
552
545
865
487
950
84
996
599
835
191
427
716
359
410
785
124
313
250
711
434
217
683
373
920
911
786
887
977
92
563
621
867
338
49
360
294
573
53
594
226
514
287
758
561
335
972
172
657
808
371
860
265
359
759
296
151
68
889
679
355
189
837
201
506
327
566
763
469
22
631
888
813
1000
504
818
702
165
25
36
494
522
625
796
635
216
948
150
728
664
744
395
97
295
707
429
867
211
807
918
396
448
189
94
916
913
70
441
209
453
484
924
493
524
927
692
600
625
467
261
22
694
362
585
963
513
411
103
827
731
605
414
768
848
869
110
408
877
2
288
275
850
143
680
209
221
783
114
298
914
68
358
467
209
238
562
26
875
699
840
462
704
21
187
21
876
505
546
880
437
840
645
395
824
462
783
254
466
854
323
159
817
907
369
964
328
752
737
714
424
828
664
765
564
744
194
255
445
729
196
58
267
291
326
770
453
47
753
489
643
213
268
740
989
212
782
456
181
303
525
489
491
319
615
361
1
444
478
199
56
9
557
189
60
706
758
568
356
299
355
897
989
722
366
160
110
951
889
908
768
405
707
122
322
610
447
392
328
53
413
80
691
75
307
100
114
324
751
289
257
405
14
821
367
814
283
180
209
17
997
341
272
662
696
435
170
681
663
180
349
708
116
302
588
322
489
476
867
626
403
199
982
737
819
393
512
501
190
674
297
862
955
194
239
458
976
687
768
833
840
188
260
875
824
857
972
716
321
608
912
837
873
589
887
986
378
861
636
483
808
603
788
653
921
648
972
271
997
656
598
455
569
137
857
751
19
594
145
95
406
650
155
550
547
406
7
575
990
649
843
416
370
59
737
958
231
470
728
775
141
464
762
816
39
328
994
737
717
273
843
80
795
560
130
950
569
681
328
340
495
954
719
379
307
296
763
577
352
148
741
503
222
878
428
310
389
269
822
405
938
155
440
870
248
346
420
49
932
455
636
662
285
529
827
290
37
469
664
674
14
377
426
630
80
667
449
61
401
42
948
852
629
47
518
185
29
417
800
11
895
535
241
492
931
833
363
88
286
502
91
891
348
760
510
37
936
898
621
900
744
52
577
339
247
795
279
333
949
587
533
279
238
900
164
528
432
423
68
54
88
29
228
319
623
555
371
787
585
692
12
167
14
734
510
536
983
485
269
541
724
294
692
22
790
820
798
915
674
958
456
908
66
751
544
159
980
474
739
123
585
995
150
5
226
466
991
136
386
784
828
849
781
346
778
100
363
45
825
246
246
620
935
403
223
984
264
40
774
399
895
134
870
938
221
172
304
479
542
906
220
164
416
776
548
256
648
84
328
916
100
108
786
17
461
393
604
683
672
175
89
836
661
260
21
522
709
238
5
159
265
330
830
218
12
437
530
701
765
935
805
502
173
8
120
220
583
340
848
154
599
136
958
718
477
394
515
181
770
79
497
536
947
366
297
376
916
284
862
93
933
575
396
350
765
51
163
605
54
713
405
662
664
605
16
629
549
622
852
227
240
957
654
411
24
436
717
747
29
675
422
119
321
763
23
885
753
824
895
206
621
673
804
853
378
364
112
62
788
278
778
697
362
143
408
842
301
659
993
844
362
961
717
792
221
867
900
224
448
935
840
587
902
718
160
654
855
843
819
880
442
498
406
487
715
139
658
640
24
733
862
831
220
753
290
22
37
459
86
433
183
195
620
135
388
828
211
616
633
521
661
265
670
633
229
803
794
284
7
537
692
254
135
563
823
200
628
318
498
525
709
923
172
451
721
855
719
374
866
58
436
791
344
382
529
738
46
166
993
392
311
541
311
307
172
727
291
460
325
346
815
920
162
480
145
420
189
314
14
544
477
375
709
557
177
141
431
97
358
493
945
336
492
230
921
905
130
63
50
900
582
610
669
236
369
871
16
132
287
137
820
938
838
644
274
427
167
214
231
542
502
435
491
464
42
36
658
84
13
295
117
657
533
962
784
645
253
832
898
959
254
642
570
530
19
142
960
363
893
395
793
743
834
97
49
197
98
414
205
581
360
665
473
522
126
447
121
408
124
386
80
150
730
920
41
238
540
755
265
916
99
640
180
1000
393
650
700
663
647
850
876
824
897
942
481
620
115
50
895
202
227
356
312
495
269
514
756
617
462
286
544
769
920
747
493
553
831
516
448
15
830
793
48
132
157
151
498
719
689
991
716
825
307
255
488
30
812
786
204
808
689
475
14
804
42
597
694
32
176
153
118
555
67
89
819
744
949
716
608
265
788
782
89
215
791
428
168
990
797
161
611
816
506
622
205
361
698
884
83
536
915
108
750
712
796
434
376
915
52
93
784
244
508
108
118
981
739
707
16
789
144
462
811
677
562
670
377
928
603
968
71
987
214
766
471
895
339
778
559
191
69
320
414
34
874
515
14
33
329
833
265
663
626
656
711
235
687
135
261
974
836
917
897
867
825
481
168
146
927
387
103
900
941
278
249
844
979
712
843
886
605
557
153
814
7
317
775
297
131
534
918
717
743
783
545
481
331
602
644
501
400
372
715
452
723
387
844
354
147
475
913
334
936
664
41
46
261
610
101
142
744
308
91
45
853
180
386
965
704
937
318
271
126
14
392
661
511
434
164
887
932
401
569
617
468
929
597
861
47
956
847
470
579
465
237
607
458
437
559
698
839
193
220
647
844
207
617
785
694
932
208
703
566
710
985
343
95
331
669
260
607
980
990
399
571
193
473
800
559
654
490
809
648
967
280
523
593
988
651
988
323
830
303
198
833
590
760
902
722
661
253
942
238
925
209
605
21
222
525
640
445
248
623
212
805
828
574
925
412
392
461
661
70
165
895
13
977
879
355
612
103
127
289
708
678
581
494
461
171
308
90
745
641
861
356
108
406
780
294
724
478
357
485
520
825
880
194
778
960
194
690
731
179
956
105
13
4
339
347
837
285
100
156
65
629
889
376
515
903
525
217
798
715
677
668
798
913
904
42
905
799
319
18
809
153
511
704
8
809
931
185
205
319
881
304
730
494
348
129
962
613
14
556
398
380
732
120
737
95
942
534
413
928
179
354
976
406
6
292
843
47
567
53
556
684
981
911
796
916
394
335
774
914
756
929
575
864
544
35
904
549
662
165
551
829
571
721
954
875
228
24
15
864
961
677
183
762
123
435
205
680
870
191
499
826
604
936
625
600
533
242
972
737
660
222
228
751
709
398
152
619
456
203
134
103
119
550
922
437
148
627
321
394
235
610
804
417
629
875
144
281
794
27
376
945
39
581
539
569
286
596
325
707
799
606
919
5
361
670
82
834
462
703
171
976
992
175
414
414
889
997
536
136
104
32
929
495
453
241
126
532
345
173
250
943
847
166
496
846
265
328
77
17
506
875
529
120
967
467
690
495
239
943
598
459
695
419
5
725
954
7
923
725
494
490
213
329
875
911
882
291
898
710
20
85
573
587
329
321
198
140
678
963
105
476
973
780
835
169
629
362
653
566
6
243
994
500
942
391
138
559
595
155
117
255
25
598
185
290
763
220
62
636
262
567
578
535
7
425
916
577
845
190
717
65
729
961
170
725
28
783
375
491
314
731
180
222
335
147
807
760
953
281
377
386
195
800
692
466
543
917
7
800
842
895
713
242
565
607
798
555
52
10
445
566
4
686
304
596
673
654
579
323
562
835
559
454
321
893
242
940
315
275
465
783
603
540
240
463
684
252
896
882
396
160
286
166
637
895
625
827
257
149
942
730
767
217
863
708
730
483
997
449
725
816
937
203
453
404
936
985
326
625
128
950
275
429
690
118
998
705
173
722
565
613
152
425
979
755
6
53
394
319
240
198
517
331
558
173
3
233
67
651
821
131
380
723
108
102
673
948
576
85
250
973
782
808
626
308
280
485
643
341
952
970
673
361
485
520
726
246
595
370
382
788
809
216
514
560
22
597
668
103
470
805
398
417
927
371
112
580
793
39
382
149
690
155
521
600
555
293
275
454
851
760
783
622
211
414
814
470
296
749
894
403
166
303
122
1000
326
229
572
443
297
448
744
12
78
27
925
421
51
622
505
361
592
549
730
961
751
754
287
533
823
739
56
725
497
708
283
678
131
602
899
601
918
677
582
692
263
608
139
372
239
620
222
157
760
915
874
632
604
169
176
991
294
676
635
976
810
701
56
957
586
954
707
949
606
419
333
654
21
688
560
601
738
298
785
16
123
103
900
397
981
339
327
652
378
418
756
54
947
101
525
170
421
132
354
174
253
685
195
864
628
885
379
686
138
262
242
309
90
887
387
489
273
77
891
563
226
314
749
820
572
286
827
320
651
698
21
886
721
252
312
192
704
70
357
352
774
69
685
124
483
980
832
288
660
380
81
434
59
415
310
898
971
748
766
62
470
148
359
219
611
229
284
547
841
384
307
830
523
881
56
227
772
624
85
513
346
720
525
980
476
895
725
630
463
922
75
813
366
109
324
428
514
185
47
644
524
693
485
763
536
88
905
818
790
584
463
910
976
91
684
765
95
91
67
640
180
195
162
786
169
19
456
284
173
305
885
31
797
812
581
750
399
554
955
463
786
824
135
708
731
944
895
479
516
144
950
232
489
133
406
999
39
508
601
187
245
205
251
44
302
251
784
141
331
75
149
546
915
991
293
294
824
721
157
773
90
420
92
140
575
158
312
428
545
104
924
783
721
309
800
607
227
945
457
49
429
282
627
19
643
79
955
376
731
93
139
750
79
155
623
310
969
496
767
215
546
900
565
23
698
202
416
988
298
672
913
98
762
930
757
683
829
428
383
799
870
583
127
60
264
225
754
298
720
867
451
395
87
758
160
648
578
609
378
56
685
314
396
717
574
717
296
947
728
72
477
946
485
319
5
437
794
808
330
173
825
419
611
436
646
192
40
794
39
138
53
484
50
394
500
704
619
173
324
447
673
5
750
802
41
742
487
680
395
890
191
9
302
937
29
92
374
2
696
644
789
921
598
583
870
582
126
941
862
779
885
183
336
576
486
854
723
320
704
204
811
725
437
920
698
681
422
506
177
276
523
805
239
957
802
129
363
208
415
826
93
749
600
799
124
434
209
648
537
825
609
17
624
223
477
203
872
605
736
452
968
318
871
856
672
602
946
788
608
255
65
687
341
353
330
77
237
788
571
436
931
780
609
767
872
270
898
362
185
294
455
516
455
448
202
665
15
516
504
569
933
596
800
212
592
937
164
400
132
497
836
650
207
429
974
817
86
703
954
381
451
195
400
319
412
68
309
411
212
91
546
422
732
208
162
526
447
130
11
369
992
906
14
808
549
731
650
296
36
738
450
435
508
777
334
527
177
25
739
338
105
273
383
448
112
12
424
328
479
393
87
105
850
944
19
58
312
585
502
123
298
427
813
228
251
343
188
759
444
941
703
751
49
474
117
684
534
822
484
334
579
1
473
308
161
812
564
51
362
957
802
164
79
608
261
364
528
621
187
378
957
606
756
895
21
648
90
748
854
469
20
485
310
93
394
669
377
616
46
432
454
306
192
560
398
397
563
932
617
670
808
399
526
27
347
515
59
925
320
9
41
98
639
874
547
28
310
401
625
140
875
894
566
256
335
153
719
343
896
360
618
596
274
513
162
462
195
661
717
295
878
548
772
69
667
621
204
163
179
481
170
174
703
113
73
401
468
818
369
628
490
682
658
747
782
153
566
276
629
496
825
396
341
738
364
874
643
79
837
397
267
564
524
622
612
651
51
451
478
12
880
185
973
561
893
498
920
250
498
695
165
720
745
10
896
701
266
489
846
834
999
877
439
862
565
675
912
896
697
172
129
488
383
465
865
871
932
283
804
983
42
457
548
772
597
294
77
257
240
922
575
206
865
947
94
949
252
737
450
484
248
647
385
83
157
469
947
454
132
987
696
416
733
97
138
435
388
661
63
961
351
876
988
627
846
51
947
108
945
301
866
712
660
820
981
93
813
31
31
856
589
189
43
212
719
19
258
223
523
892
446
645
807
118
18
819
746
453
438
247
272
99
2
742
513
527
512
955
478
950
542
833
520
108
699
802
346
30
47
823
417
788
75
621
88
354
512
71
378
287
456
85
337
944
615
373
625
413
405
703
868
525
581
294
733
556
839
655
546
549
899
154
444
17
898
593
882
980
173
86
65
345
712
226
389
219
114
130
387
769
25
324
461
425
863
970
765
978
173
570
872
578
432
392
868
677
854
345
283
415
185
907
881
225
44
549
756
999
527
137
771
832
784
425
194
842
785
686
824
533
172
555
525
985
371
148
364
732
741
477
37
109
489
622
123
461
343
845
963
184
878
781
232
51
973
124
518
992
112
542
755
820
528
551
589
774
917
259
258
407
533
207
926
616
119
394
940
830
844
656
510
67
998
6
478
427
887
189
67
336
489
816
333
144
162
26
112
718
311
497
755
347
678
820
946
414
413
641
515
784
752
225
931
458
281
261
298
41
797
531
729
960
847
29
978
317
291
119
104
224
127
578
816
929
300
115
909
508
825
366
667
86
531
729
370
418
432
867
309
967
423
745
508
264
78
44
259
401
795
987
159
118
968
759
808
437
301
251
617
90
343
302
444
723
822
670
484
784
579
527
848
139
971
969
811
986
715
727
514
763
70
727
644
366
619
60
279
373
771
286
643
383
461
584
179
383
391
129
454
335
36
284
118
388
457
801
138
535
675
380
810
590
120
585
537
11
355
417
53
91
76
158
882
532
371
943
562
626
566
24
329
773
197
211
470
766
209
878
722
437
392
162
328
637
997
86
850
837
280
642
618
10
872
25
840
165
508
304
502
888
788
396
862
443
380
944
480
423
817
782
941
847
292
335
524
290
512
912
283
92
571
524
444
760
601
81
161
609
352
385
535
54
237
76
948
73
524
86
615
874
571
397
706
471
246
870
852
495
496
786
896
881
556
544
880
16
54
508
844
368
844
80
775
532
461
434
914
663
744
772
472
449
380
382
330
81
130
87
302
815
17
749
530
81
165
953
663
850
370
356
464
332
12
954
169
279
642
667
133
208
948
642
377
62
204
611
588
483
132
941
10
550
399
818
528
460
936
632
726
222
582
226
804
977
1
81
480
419
992
335
521
38
312
412
431
430
294
770
560
392
973
920
263
486
260
828
926
664
842
439
582
405
918
911
712
129
857
408
964
520
417
227
118
885
465
873
499
230
257
571
83
705
489
997
980
402
65
464
288
855
268
331
508
75
612
608
622
47
792
554
198
503
554
313
28
104
944
599
231
613
735
487
915
662
486
420
811
919
663
247
374
890
212
969
138
928
605
663
656
580
116
504
764
932
144
188
405
420
156
172
124
95
370
512
901
975
778
370
321
420
830
424
174
805
619
495
413
837
242
581
502
439
905
488
566
360
14
581
444
794
110
768
193
493
685
619
483
755
40
571
874
922
309
869
430
973
263
951
722
586
925
901
696
181
33
452
579
996
189
232
772
293
571
698
424
465
249
761
245
655
214
127
414
650
206
834
625
680
912
42
376
77
950
964
775
982
401
492
155
179
38
199
892
371
58
731
101
458
937
489
413
148
864
884
673
525
801
812
973
171
710
430
115
75
744
281
424
177
445
340
509
224
862
30
291
333
787
334
535
693
678
955
100
807
202
591
669
941
48
916
972
704
842
74
55
29
27
424
160
516
930
441
590
176
681
680
397
300
743
682
459
955
171
706
678
909
745
15
223
812
123
339
224
103
218
967
800
83
9
334
769
906
581
306
507
285
702
298
524
243
40
29
917
814
518
279
59
635
474
328
457
88
239
104
798
409
720
99
19
452
608
577
163
736
470
705
748
237
63
697
781
735
776
128
753
125
799
348
359
534
648
954
49
250
801
19
63
951
383
555
172
95
970
738
405
431
607
700
366
536
495
467
60
417
487
692
935
180
308
638
313
830
292
859
1
176
336
22
536
268
397
505
959
48
574
182
399
55
688
143
524
211
458
530
415
858
476
656
194
683
845
114
818
517
194
636
31
408
311
557
1
741
450
321
218
678
437
809
600
324
404
212
887
918
898
613
746
962
416
226
750
327
209
885
475
877
985
223
874
549
841
190
149
988
174
746
163
851
777
488
77
351
229
94
606
580
615
611
625
287
891
558
41
570
269
607
449
712
362
1
92
892
269
194
332
319
697
448
633
232
132
827
127
796
849
252
731
20
359
824
394
18
104
72
55
656
386
103
199
430
222
790
391
227
791
844
990
888
869
840
608
91
958
909
483
514
769
420
635
781
66
630
682
205
875
532
13
489
208
355
757
161
925
979
836
74
640
943
519
919
954
497
778
259
277
284
344
402
171
607
271
569
237
949
900
350
197
416
238
565
29
260
392
623
834
329
543
397
200
681
30
817
380
177
939
810
293
766
351
577
856
994
62
171
202
190
677
532
446
247
530
411
943
970
469
373
457
17
53
932
50
231
224
133
334
141
20
869
484
829
88
161
688
800
890
265
244
742
761
768
677
195
918
100
687
151
851
556
532
768
156
870
247
739
136
655
517
350
700
980
294
411
465
643
335
30
824
377
511
279
188
45
277
300
865
376
185
280
809
221
127
362
694
744
669
426
25
687
423
982
716
578
504
394
796
624
73
467
280
634
315
132
638
403
57
621
559
347
864
616
897
672
192
180
663
6
386
527
596
871
467
351
612
195
117
954
916
873
158
745
18
383
550
546
461
584
608
441
48
903
67
147
534
940
342
944
823
5
927
941
948
625
851
399
676
233
988
761
63
851
19
951
254
795
901
395
864
398
644
696
9
588
289
949
986
345
863
233
13
372
256
175
680
179
526
847
961
539
884
818
24
694
417
943
995
286
570
281
328
920
447
633
713
70
252
639
128
351
864
515
740
954
188
193
400
609
536
43
147
932
430
731
604
837
753
566
675
338
130
382
557
406
438
334
639
121
872
860
28
638
789
66
499
685
721
388
110
416
424
212
477
954
997
143
653
551
461
116
635
802
748
831
350
728
458
885
437
944
772
390
237
552
395
283
246
863
91
837
407
870
865
937
80
949
124
515
211
244
476
114
170
212
53
572
765
252
535
840
96
37
24
178
171
150
257
411
551
487
678
971
284
125
334
565
431
563
590
345
29
239
372
547
144
582
39
234
605
620
256
853
189
791
811
581
312
414
927
902
562
311
656
845
817
165
223
239
680
254
876
743
952
606
77
727
553
74
280
979
904
338
324
837
559
864
462
657
500
19
36
185
461
588
126
692
989
484
12
387
886
975
37
916
632
434
282
44
311
297
722
217
479
269
47
729
149
237
960
718
869
657
840
884
504
643
974
804
388
210
42
599
886
981
863
692
905
866
905
818
848
249
727
591
228
608
486
806
42
543
731
329
181
194
902
21
562
960
292
641
222
137
616
192
661
798
248
642
383
538
293
440
664
603
582
249
387
119
190
225
656
47
528
625
9
250
93
710
716
831
50
654
889
632
791
450
299
703
314
351
238
316
412
628
402
595
821
518
97
18
591
358
524
984
933
168
566
137
21
762
559
392
775
627
667
986
891
39
358
256
46
955
666
265
554
545
203
572
365
39
742
503
798
59
992
583
998
10
434
433
188
264
833
526
335
262
742
338
406
856
632
80
156
763
839
921
160
701
553
331
137
968
401
995
618
352
467
494
562
567
858
843
453
510
571
227
115
808
74
841
382
592
582
86
797
46
461
626
969
299
875
872
669
907
918
151
954
796
503
944
170
788
958
935
684
769
54
26
310
711
244
729
554
441
859
274
68
183
88
305
527
163
734
996
194
123
59
266
877
916
220
558
52
836
545
715
338
405
156
29
871
877
341
55
426
594
589
80
551
101
889
787
263
515
398
571
37
184
674
733
283
13
47
899
422
345
857
752
959
889
982
176
997
887
862
88
891
802
878
59
921
142
947
983
509
892
335
572
881
993
925
729
150
136
863
276
867
750
121
520
622
104
807
741
759
982
831
111
764
612
978
464
1
887
605
429
648
743
174
154
976
690
470
239
230
321
790
469
715
769
886
511
240
668
90
362
485
148
514
432
421
826
778
72
122
904
559
19
568
141
46
290
337
810
915
753
572
412
157
263
162
286
540
932
180
206
195
629
41
848
977
125
630
628
86
877
230
790
90
302
777
106
918
229
502
673
884
15
57
208
901
737
929
650
477
775
114
508
947
17
591
559
386
950
374
527
28
826
949
520
366
16
497
742
157
391
74
414
732
506
484
455
158
485
813
977
337
956
234
452
501
396
324
161
344
267
584
229
674
758
839
307
3
670
26
633
115
378
37
983
716
264
852
771
164
426
796
557
813
665
455
339
289
424
461
982
614
374
383
138
429
34
742
377
513
376
440
828
534
211
617
283
182
69
152
615
731
399
942
462
113
711
18
736
549
671
788
839
719
249
744
38
759
215
651
803
172
90
147
634
517
642
263
685
163
387
393
179
653
201
504
519
327
534
963
902
437
86
819
455
358
509
865
374
289
833
105
379
168
475
397
672
588
355
207
800
453
909
423
487
314
306
503
651
7
959
578
621
176
966
718
862
572
211
967
741
118
231
970
540
741
795
909
176
63
702
633
992
204
537
742
982
115
856
46
403
777
187
492
768
838
378
872
161
551
714
705
278
511
179
345
233
852
791
916
888
796
780
651
658
75
985
678
919
123
708
342
810
292
368
610
332
140
301
870
903
706
286
275
510
925
321
801
30
746
594
248
997
590
734
474
656
847
791
718
843
319
91
860
181
235
250
832
874
51
756
981
68
325
104
580
997
468
593
404
743
147
790
406
216
226
186
545
818
219
796
206
973
721
207
321
619
148
95
549
939
38
849
182
839
368
477
120
692
386
954
434
920
385
350
43
58
353
465
318
95
37
998
543
248
923
293
723
588
484
532
593
1
293
992
400
294
328
807
130
705
278
721
119
752
908
992
913
161
874
225
227
870
792
363
443
770
728
535
199
920
441
222
166
141
400
901
485
408
180
966
175
322
176
536
578
924
601
155
285
13
79
677
667
420
995
988
960
731
188
2
625
575
108
5
674
607
779
413
747
870
231
28
706
403
463
589
490
894
73
187
727
98
369
801
332
936
423
140
323
702
438
558
77
679
816
372
16
361
143
167
262
665
866
791
255
89
4
564
92
362
899
144
2
103
27
926
379
941
254
559
804
159
240
313
521
683
417
266
491
352
687
55
380
135
138
966
259
789
128
529
886
110
251
398
176
87
557
204
525
373
944
269
375
192
943
785
795
615
811
203
661
420
311
572
8
99
62
916
543
283
160
634
613
989
31
114
385
60
769
993
679
992
862
645
345
75
755
760
369
252
634
870
583
215
271
206
609
551
535
31
617
832
563
699
667
547
886
34
888
194
960
285
304
406
895
917
114
733
458
873
107
338
297
725
447
819
312
679
941
292
595
849
362
23
65
524
375
154
569
20
719
708
8
524
413
830
454
639
568
27
68
153
146
696
787
220
534
787
42
404
916
875
528
543
432
754
266
173
394
514
886
4
411
649
713
434
232
283
500
186
597
362
691
741
949
558
942
117
896
302
553
962
864
573
349
208
377
595
913
444
584
869
508
830
320
373
62
423
224
949
752
924
79
203
378
996
844
287
289
154
508
143
801
862
313
366
548
161
476
503
631
800
59
480
113
727
461
805
851
278
471
657
973
455
669
958
343
90
385
636
235
928
443
404
352
772
246
768
79
894
135
486
903
760
482
355
799
921
972
666
586
490
689
827
743
205
739
138
802
221
160
305
985
595
24
406
662
913
308
219
605
595
930
360
44
584
986
424
344
117
407
921
553
498
930
740
960
528
734
705
957
91
621
554
761
650
96
100
762
509
995
304
471
15
808
561
455
288
912
491
219
399
583
710
252
931
794
98
82
472
434
140
729
93
813
308
716
820
889
425
222
934
456
864
58
279
448
302
999
312
222
117
433
820
253
378
139
879
919
312
279
914
971
626
207
28
208
319
400
841
269
460
70
916
467
134
712
930
626
479
244
183
227
479
910
194
499
122
395
824
748
871
409
475
357
194
954
667
230
293
440
363
401
591
670
329
332
709
862
255
948
868
351
11
436
515
298
203
516
200
79
186
586
778
435
895
142
883
549
279
550
785
176
50
60
437
437
64
416
257
799
855
282
703
660
325
153
775
973
846
72
689
274
182
180
519
786
575
793
310
74
371
1
257
432
741
478
545
427
643
67
767
497
846
307
230
192
705
48
988
104
144
858
796
436
162
766
585
579
932
127
92
665
52
442
690
708
470
113
167
779
871
20
912
749
350
433
896
384
197
693
879
868
163
661
955
819
685
124
968
898
421
361
805
877
551
660
453
738
57
113
320
561
867
637
895
583
789
215
891
509
98
838
7
826
169
535
493
237
528
294
862
624
815
790
549
988
698
621
508
457
663
112
952
46
310
403
779
796
548
30
126
875
286
228
269
8
692
235
184
655
185
836
470
996
388
418
763
960
930
813
663
510
549
194
188
265
549
934
375
912
771
954
634
763
26
909
850
869
862
246
855
141
634
816
461
364
193
198
458
912
872
283
14
973
551
817
276
35
516
281
437
167
672
160
566
974
858
120
916
939
727
281
477
452
63
219
494
753
521
286
29
514
603
287
18
890
736
779
192
367
284
970
195
177
953
444
25
602
652
797
236
592
686
375
81
801
562
250
590
119
29
276
896
713
718
451
861
631
568
623
592
276
790
281
778
607
290
487
949
587
103
807
54
49
831
717
697
248
931
821
643
569
361
956
788
368
31
185
283
621
930
453
228
910
55
525
389
772
101
81
4
367
609
963
595
274
259
827
785
644
533
249
37
557
912
508
966
411
899
411
340
480
663
482
506
391
918
512
356
489
646
882
130
680
774
380
677
309
617
224
838
783
434
284
877
382
816
786
120
990
362
103
465
206
950
971
755
389
678
631
764
245
362
758
703
476
678
522
924
502
36
135
589
896
114
659
118
269
377
878
584
590
904
664
319
942
591
9
814
743
274
928
346
80
42
345
845
785
855
939
880
693
240
686
579
742
246
457
832
875
259
71
337
384
439
569
697
371
193
379
737
517
487
164
33
805
945
797
101
833
41
903
664
64
592
113
1
623
212
445
624
608
630
184
749
195
6
986
155
978
445
44
952
558
152
849
773
406
533
699
592
669
789
68
444
671
460
178
775
164
339
256
664
845
539
183
952
619
264
648
975
114
17
350
728
978
489
61
80
212
940
875
496
304
758
965
776
703
769
294
238
756
6
859
47
189
335
567
372
796
633
881
144
621
831
181
276
120
389
730
18
886
838
57
622
622
186
93
343
657
396
517
200
401
853
445
284
330
140
373
531
433
80
909
729
834
721
813
905
387
242
299
790
42
572
987
481
496
718
285
242
481
839
921
992
656
564
302
117
536
526
514
12
51
643
964
677
577
492
350
933
988
436
591
177
884
760
420
998
880
590
44
646
584
709
673
352
139
609
821
624
318
289
270
612
795
214
398
797
552
554
360
918
810
774
170
724
245
351
382
177
20
142
320
284
921
96
77
889
355
657
340
506
214
819
879
378
862
373
966
894
215
900
3
759
403
52
215
291
649
687
183
174
691
839
354
453
316
377
325
20
989
116
541
991
758
659
702
233
519
53
494
907
274
54
727
287
556
164
421
820
15
115
747
958
112
929
718
389
39
7
351
565
76
453
802
206
819
222
557
939
794
199
42
759
373
182
322
861
250
820
272
486
506
487
142
326
605
345
31
87
968
786
570
755
551
891
425
688
186
546
77
745
467
244
63
321
138
272
774
516
909
480
313
612
495
996
676
630
348
733
649
174
334
493
501
974
71
522
964
903
974
309
958
420
355
945
377
135
791
953
506
184
571
369
415
481
771
371
495
798
668
274
528
307
955
831
679
601
707
269
49
330
35
244
10
821
217
851
956
395
26
293
938
511
9
599
186
505
134
302
705
462
59
386
20
378
962
798
566
376
921
162
533
108
76
691
167
619
173
536
494
641
260
485
176
45
669
263
975
401
338
930
391
413
535
180
92
704
385
73
970
426
651
448
460
444
417
992
884
4
559
118
127
693
334
787
231
724
743
251
194
661
470
641
975
605
235
299
260
154
468
452
734
901
449
886
811
41
150
772
616
351
213
798
903
559
299
746
374
802
294
794
109
326
236
431
171
194
816
902
111
671
476
799
132
913
143
909
496
69
437
540
890
270
292
146
1000
984
625
476
517
690
111
672
984
418
209
438
899
233
453
944
70
557
2
427
418
640
95
854
671
893
330
717
422
867
293
740
434
527
426
909
665
639
988
949
796
247
883
713
872
846
624
166
690
432
634
944
440
71
535
142
875
840
474
564
391
621
553
456
3
449
348
316
116
960
673
642
121
922
729
186
619
778
618
583
598
917
863
636
861
393
836
902
901
558
400
482
942
611
878
845
81
47
942
73
120
969
127
402
671
206
576
844
184
650
323
360
693
174
4
194
541
399
96
831
72
201
463
47
217
412
795
970
144
198
610
769
588
843
639
362
293
728
229
679
511
540
790
529
453
250
676
612
870
548
378
742
542
89
668
793
949
643
888
428
474
491
557
472
449
373
75
85
998
944
349
514
692
237
283
88
341
939
740
658
580
556
202
589
64
306
866
295
131
200
625
250
79
775
113
102
754
235
202
331
769
982
736
487
219
934
782
602
780
158
717
228
745
288
534
127
890
852
290
640
674
294
769
1
323
231
402
784
243
643
609
594
614
651
841
668
640
311
47
973
25
219
640
178
306
106
86
87
339
672
794
181
784
389
100
884
205
390
166
691
110
894
111
105
882
614
539
351
844
750
421
968
396
113
389
497
630
863
392
265
358
87
797
632
280
802
681
627
647
970
242
767
735
554
348
699
236
16
370
815
699
809
807
324
687
125
993
935
155
191
514
449
902
50
337
669
887
566
674
316
338
463
458
496
438
810
626
322
416
230
943
53
410
570
923
789
836
74
421
118
75
849
122
477
128
410
913
446
455
723
458
983
212
376
787
903
577
128
638
127
793
216
854
471
632
752
455
290
754
857
935
546
871
847
194
868
348
674
886
968
894
666
731
113
731
97
275
64
333
459
540
364
104
477
795
590
534
578
149
922
71
591
408
231
779
375
616
556
186
39
76
326
399
590
64
854
425
324
294
444
734
906
596
894
358
822
420
714
998
495
968
269
880
433
345
473
1
164
720
633
49
8
836
682
774
230
102
312
35
85
492
77
547
222
171
693
55
290
475
591
109
223
1000
548
214
634
506
798
481
877
983
881
243
973
738
972
463
240
676
628
797
542
512
824
800
715
444
684
337
346
355
617
409
367
789
687
89
573
362
545
47
784
399
213
737
153
275
88
517
126
625
811
553
431
550
71
586
16
441
723
106
85
623
808
925
343
670
48
201
931
445
377
783
743
658
842
482
588
271
319
154
369
955
504
830
257
454
734
1
690
147
224
176
658
833
145
155
952
292
814
349
763
97
464
956
4
402
789
438
903
605
863
678
281
685
814
328
632
689
922
826
332
9
795
275
658
191
92
609
654
748
760
215
723
940
447
599
371
975
428
477
312
214
949
345
462
429
527
920
927
67
451
573
964
461
187
703
932
625
677
10
839
134
994
802
761
451
465
1000
154
398
785
778
264
633
157
978
39
745
395
823
473
482
765
54
33
746
961
258
973
205
301
816
612
806
962
397
410
338
231
782
983
849
151
956
930
505
980
374
711
461
358
68
783
557
568
655
388
971
280
795
101
974
872
731
513
341
874
928
291
265
620
904
220
274
381
790
113
687
288
344
744
727
797
72
925
494
414
859
397
173
907
369
145
437
66
198
472
357
501
264
814
4
391
727
240
695
806
116
677
523
705
150
125
19
184
94
958
379
195
337
255
315
538
272
559
325
67
848
71
62
333
509
381
806
900
63
816
218
149
512
684
169
201
670
41
324
764
77
374
919
890
592
399
76
969
911
905
919
930
651
38
131
949
293
634
325
761
967
204
720
699
69
912
741
824
481
635
260
996
965
258
289
160
588
743
184
406
190
608
985
446
574
10
378
267
605
448
344
20
614
317
541
617
110
26
548
71
28
620
621
34
457
810
769
961
782
556
555
438
629
468
106
208
243
872
899
73
499
966
866
729
335
519
418
901
504
674
249
566
172
876
146
932
58
604
441
784
470
838
611
358
23
775
671
344
801
348
87
939
462
402
703
512
876
784
169
34
770
861
815
860
659
610
557
91
320
438
480
53
390
49
723
990
532
239
322
549
8
216
400
122
436
647
459
919
470
295
619
805
349
174
74
857
313
461
827
642
649
612
420
21
712
698
933
787
683
504
664
848
40
467
243
262
914
134
141
278
3
173
75
205
273
909
651
687
970
93
537
621
782
608
72
122
528
257
806
534
451
645
643
703
157
830
950
519
9
787
360
347
532
47
960
195
973
531
511
574
586
270
558
101
193
930
131
633
259
843
226
675
573
647
598
544
585
179
810
330
711
957
274
42
849
466
394
642
427
950
312
482
43
948
965
592
795
145
843
256
406
160
527
588
555
401
300
161
584
40
490
495
301
58
563
89
790
44
90
506
428
485
667
924
971
90
822
456
451
486
970
244
719
664
578
17
67
716
353
40
162
256
901
962
813
547
692
178
824
566
675
498
974
236
98
532
132
169
647
570
247
417
297
234
755
921
770
692
436
994
567
813
703
638
159
168
219
925
101
926
965
434
48
914
775
964
348
948
282
745
741
833
599
829
758
555
989
977
493
627
380
277
380
818
898
643
540
717
496
148
839
167
393
702
657
307
38
269
484
15
564
472
714
547
954
660
448
801
151
289
813
83
242
923
963
366
967
112
182
205
985
868
22
269
94
877
533
229
572
143
185
529
423
885
470
888
219
228
259
204
548
864
895
249
239
81
542
916
24
715
435
490
698
453
378
212
347
996
109
387
604
265
856
444
561
418
487
771
334
416
455
720
736
830
696
399
867
136
770
373
46
234
92
59
432
830
533
974
19
850
970
421
764
561
720
656
658
630
137
300
753
364
619
273
777
980
430
157
232
973
710
344
31
191
311
579
509
753
150
688
362
71
44
980
323
64
660
554
421
801
649
600
156
536
433
127
610
4
788
517
852
934
751
894
482
240
456
719
690
840
527
55
355
56
388
832
879
858
470
153
896
757
432
396
719
886
412
221
941
748
218
832
493
829
993
819
624
726
248
690
705
603
527
670
971
258
462
814
71
32
425
92
328
774
596
387
872
443
17
553
529
913
300
413
44
306
826
234
262
265
642
738
77
346
938
341
647
809
302
30
926
289
931
34
408
205
244
324
611
57
205
969
883
942
354
289
307
929
409
978
560
315
588
688
253
464
618
215
113
748
961
427
94
164
124
644
997
49
318
372
678
678
518
413
708
321
30
749
796
481
327
999
421
222
298
640
272
55
304
176
234
205
981
309
661
111
347
349
144
771
614
216
638
988
350
176
412
873
436
975
476
60
765
645
414
177
745
372
314
139
492
5
343
5
322
811
416
879
675
276
473
490
461
951
126
816
867
706
521
404
17
958
214
790
379
275
