10000
152
110
200
668
755
422
989
293
550
201
49
4
177
599
334
103
443
260
13
977
733
943
63
294
536
519
868
236
500
633
509
973
677
261
584
553
577
720
391
712
503
89
359
941
121
992
169
218
591
656
841
340
349
665
513
192
697
888
56
906
7
936
62
904
494
468
657
166
677
660
286
404
902
407
42
533
736
120
226
240
612
138
1000
402
919
251
287
275
481
211
546
79
861
780
345
325
506
987
172
704
924
198
559
308
481
546
324
800
763
118
255
671
219
747
656
887
611
909
545
288
234
908
879
733
855
912
387
460
82
167
783
18
685
423
292
709
389
404
450
492
514
359
107
413
894
761
824
599
781
599
668
309
871
743
870
214
736
456
462
63
292
225
682
449
714
57
509
855
108
624
938
420
641
728
944
677
41
706
406
931
59
451
87
832
13
599
708
212
754
436
872
704
207
290
638
786
294
183
22
967
76
222
171
754
380
35
671
33
337
242
199
513
350
352
965
892
331
855
411
876
376
31
767
113
683
793
707
25
373
109
555
939
201
659
793
580
745
533
499
471
444
525
449
533
797
291
373
469
598
283
454
130
892
272
34
791
205
949
800
234
824
2
413
721
652
696
743
761
572
916
889
151
37
695
318
385
309
164
273
905
578
355
735
558
875
449
512
314
134
772
399
13
819
832
102
279
832
522
151
372
186
869
699
918
346
147
511
482
422
329
527
744
132
598
786
784
998
947
744
239
888
241
902
695
182
220
725
103
516
143
838
285
996
488
722
532
700
155
229
835
77
584
427
978
499
718
379
111
901
186
86
939
107
334
393
363
833
924
669
197
239
552
586
699
903
513
743
124
647
252
226
168
70
890
770
140
269
603
884
772
631
725
185
673
529
135
956
621
167
617
902
96
787
651
818
308
217
84
550
773
195
302
293
46
546
8
510
464
46
638
445
912
874
224
408
248
695
22
145
64
423
76
37
792
742
266
148
53
185
21
808
535
216
625
193
550
510
581
441
378
799
94
792
695
426
957
350
155
894
260
24
312
854
995
500
451
106
786
164
875
436
515
284
417
610
423
664
654
754
258
325
589
596
627
169
313
540
460
627
250
91
980
983
803
56
542
402
648
910
863
694
513
309
448
437
797
590
442
925
479
748
633
586
37
214
514
615
893
33
214
772
128
798
141
886
349
265
948
190
195
139
120
338
820
948
94
662
642
23
421
265
545
302
888
492
117
715
479
715
499
158
866
166
426
756
489
719
178
823
540
731
315
190
614
991
141
479
795
392
363
192
411
44
239
334
717
839
783
155
21
233
310
687
474
275
421
573
492
609
876
666
758
991
90
67
694
844
125
35
109
459
623
798
877
459
332
596
32
957
153
258
119
615
124
911
691
231
499
243
277
761
889
174
295
573
212
721
397
730
486
668
60
21
605
821
163
155
341
352
82
166
400
268
898
655
475
962
662
659
591
891
6
246
962
760
844
102
842
847
338
944
315
944
90
89
990
345
643
532
101
475
901
930
280
320
897
315
221
156
148
35
687
545
598
329
438
927
185
697
268
453
201
622
688
945
225
262
12
573
765
481
693
834
337
117
835
979
478
881
802
128
480
933
183
981
510
786
201
397
964
482
787
578
773
551
249
701
473
861
836
370
506
74
346
701
319
804
931
201
668
120
983
858
769
642
102
154
959
346
836
497
352
243
549
590
196
756
295
620
972
416
605
498
97
981
212
68
723
495
874
281
890
614
208
484
540
543
848
630
896
894
904
492
417
421
704
959
212
618
244
252
193
659
481
803
800
148
821
930
248
613
383
28
20
64
663
796
786
76
290
265
391
643
152
532
204
320
527
900
32
997
196
72
375
561
995
381
669
512
420
262
797
574
481
835
241
72
349
663
946
451
210
357
252
195
754
484
814
497
821
987
104
321
782
602
111
174
882
626
766
17
591
831
94
589
668
783
935
991
15
331
794
687
148
760
923
297
161
171
751
970
353
926
603
865
279
119
122
520
976
637
298
748
192
929
379
990
610
659
620
350
257
665
251
933
28
547
555
801
655
68
415
140
871
938
828
172
472
162
871
803
717
143
661
515
728
13
304
784
577
757
115
110
455
398
438
148
23
856
389
346
950
107
642
942
935
726
58
662
201
883
386
483
274
165
17
784
758
996
340
581
949
814
934
612
409
600
871
818
897
555
591
635
744
832
356
836
744
957
429
475
60
412
419
234
669
254
291
14
767
85
216
846
755
759
22
986
974
485
828
409
793
107
278
515
367
311
769
379
963
643
348
596
573
453
740
114
466
520
19
422
526
132
792
283
943
426
112
85
280
45
132
626
637
500
92
422
201
355
223
502
908
516
247
558
520
569
559
623
346
314
196
279
516
25
921
405
390
345
392
814
274
15
327
55
982
981
682
82
655
281
952
563
60
920
153
370
233
220
884
595
696
633
193
371
600
44
900
864
985
827
617
931
267
117
607
649
34
319
127
451
829
254
98
656
739
93
44
624
621
235
914
11
391
121
980
974
748
464
63
119
968
466
912
913
68
468
616
505
353
40
629
706
857
576
195
880
966
659
328
905
650
429
697
265
439
188
345
738
226
98
571
594
65
421
431
758
884
391
576
11
882
109
511
253
169
738
737
751
126
738
488
837
536
905
454
782
819
93
575
826
18
139
511
72
915
910
55
251
583
64
126
289
487
111
84
753
603
581
47
943
252
604
764
155
38
538
912
48
389
160
959
700
455
415
26
259
171
415
364
441
797
643
799
140
558
97
290
909
404
327
182
707
369
52
741
463
387
43
336
448
112
458
904
230
321
174
55
61
300
924
897
324
299
93
421
370
483
283
83
594
36
9
47
293
89
956
863
467
875
342
149
193
845
789
797
804
987
324
131
555
921
622
945
721
797
781
434
879
365
727
769
706
353
452
605
881
38
144
738
392
859
108
229
90
841
798
341
621
152
648
80
852
37
558
35
333
530
836
379
676
332
246
865
426
600
182
617
963
658
954
446
416
432
259
896
379
569
550
861
595
137
559
924
917
560
822
984
512
715
974
587
185
667
150
927
7
689
250
747
680
934
758
43
764
670
345
77
638
58
848
323
384
520
662
78
72
700
5
126
216
607
581
494
447
766
483
666
974
834
450
255
693
982
92
710
776
228
230
596
69
635
200
93
442
191
846
436
856
388
533
978
478
945
5
295
579
115
353
113
921
17
177
878
166
871
565
948
219
249
452
616
518
624
358
801
100
209
365
860
153
172
255
878
348
59
95
970
702
123
262
995
289
183
492
131
393
985
813
457
725
340
881
966
608
520
316
376
949
599
468
475
119
289
992
239
886
173
622
161
936
400
897
592
952
162
764
530
518
182
615
963
457
38
590
349
48
469
909
87
478
916
733
923
636
412
733
233
233
731
370
703
634
541
919
716
506
353
720
981
574
752
213
685
44
733
927
867
609
605
939
846
497
606
846
81
283
918
67
297
45
830
735
46
601
154
456
982
228
596
864
433
61
682
106
971
854
134
645
309
32
291
177
687
3
88
644
169
94
825
422
544
154
202
211
522
904
115
101
616
341
395
640
758
462
576
642
265
274
555
163
751
848
147
654
700
959
521
454
248
742
272
686
561
861
723
991
363
597
94
364
171
977
754
237
987
782
888
488
940
372
54
416
851
905
156
559
588
962
178
300
854
871
916
541
380
934
616
644
732
384
838
990
348
458
453
926
614
186
574
751
139
985
530
707
689
536
735
373
47
718
601
643
838
417
344
792
178
866
138
976
660
186
219
724
798
927
447
795
550
958
784
100
236
476
352
805
319
950
406
846
134
988
261
521
901
459
612
740
137
49
596
843
25
683
114
243
860
899
24
596
61
517
732
804
497
324
66
195
468
684
246
226
930
489
48
68
313
610
73
575
241
53
647
475
84
752
600
99
179
678
477
895
33
437
664
321
743
991
348
822
480
408
326
692
174
267
62
407
949
859
865
666
750
419
675
989
375
71
134
799
856
349
359
146
771
322
151
895
438
528
163
811
817
926
626
842
746
959
834
725
537
169
437
787
978
110
398
322
381
17
296
401
572
816
61
857
228
233
433
144
669
8
130
81
488
936
76
642
435
328
270
894
293
867
457
411
552
717
289
517
473
44
771
469
28
86
362
457
750
314
998
235
468
224
421
657
873
574
88
935
75
323
217
574
679
629
334
990
313
80
114
234
342
439
823
17
464
948
118
831
643
471
49
805
600
18
380
686
785
483
520
751
348
596
25
748
413
98
857
668
444
918
912
948
484
906
473
533
873
108
961
145
445
845
211
780
230
698
833
316
21
235
972
635
368
679
760
981
411
536
456
90
730
776
703
47
865
263
818
525
723
686
95
413
819
876
569
691
281
633
690
969
926
75
103
670
322
581
534
252
442
144
102
41
937
947
758
902
842
695
341
767
514
849
944
928
567
396
192
123
998
988
827
976
823
516
361
793
525
622
447
103
100
892
371
70
751
778
590
802
452
815
184
856
797
775
281
706
108
843
327
309
713
132
180
409
499
28
931
117
61
672
238
520
893
251
715
1
884
711
788
469
535
972
29
829
595
858
491
891
612
706
873
982
500
499
659
223
976
984
771
612
454
24
364
351
18
622
103
820
612
370
22
173
170
562
838
194
181
654
574
874
603
113
953
520
168
956
165
696
721
192
134
88
39
96
683
890
723
802
178
637
620
532
716
84
343
166
808
491
337
844
104
25
328
28
144
21
496
782
76
561
57
282
181
145
914
75
4
494
123
852
152
767
496
71
145
697
66
390
505
124
461
578
1000
461
131
84
180
535
604
963
454
454
523
638
949
676
236
60
509
235
35
629
307
73
986
903
711
808
977
74
629
974
556
545
68
274
134
144
494
252
74
163
909
75
351
884
113
472
762
656
393
116
333
199
756
98
341
829
504
827
881
144
848
725
462
423
198
72
708
244
261
479
382
668
641
140
605
437
541
133
469
800
890
911
448
542
631
362
180
616
217
905
5
480
153
700
982
497
726
785
372
398
485
764
847
870
36
310
859
835
483
215
129
871
648
752
320
64
323
378
357
911
79
545
812
104
115
533
228
982
86
706
869
794
730
430
412
105
465
640
495
38
898
425
254
667
9
555
565
413
816
235
115
757
787
937
153
717
72
280
471
617
450
936
159
502
38
658
982
686
851
431
977
140
672
507
438
576
209
222
936
695
264
276
386
403
875
497
996
801
877
474
305
658
690
396
495
17
32
758
456
206
346
264
759
613
796
146
226
659
476
785
709
300
105
920
413
158
757
904
825
256
879
606
559
103
281
973
42
238
221
505
362
437
754
389
242
346
437
979
590
433
616
736
620
227
922
139
415
163
350
51
286
851
331
447
856
545
574
22
422
290
205
946
615
807
329
745
534
153
163
849
368
492
582
294
25
183
810
966
778
839
595
714
783
219
686
526
513
837
119
86
567
747
182
46
222
206
784
791
340
808
134
85
699
650
244
520
762
203
792
595
821
743
675
193
34
625
744
535
750
11
766
615
507
669
608
948
231
668
771
19
895
351
66
235
695
632
681
322
398
683
223
284
21
347
23
475
222
521
707
88
111
846
462
696
463
605
263
30
503
67
565
395
780
801
960
805
68
369
460
587
847
396
590
929
385
336
321
521
466
528
538
108
645
188
650
993
408
917
931
327
578
303
492
124
353
39
227
72
408
95
583
76
530
901
240
786
990
488
169
677
453
339
976
794
366
833
377
40
620
706
579
570
720
972
618
583
376
788
290
586
977
450
71
432
499
848
112
489
38
929
995
661
871
378
223
848
540
842
475
476
273
187
697
890
251
661
518
600
182
348
160
508
922
539
374
787
874
689
857
373
656
397
992
823
95
7
945
708
397
264
337
414
820
559
379
214
800
815
476
403
940
925
925
948
899
613
563
703
771
31
801
609
948
671
209
695
776
865
430
50
532
827
43
115
363
3
490
205
989
285
205
378
966
12
555
991
236
590
335
182
221
690
44
55
475
788
282
116
441
444
446
670
864
237
472
574
29
501
105
102
731
947
364
490
840
508
853
416
456
501
734
477
763
943
800
476
332
795
998
223
328
775
755
567
739
555
739
119
13
847
778
738
284
566
862
82
119
898
180
142
419
631
673
934
688
588
342
329
112
376
478
162
264
289
608
30
594
438
278
856
90
809
319
552
880
604
305
592
159
770
704
682
478
482
746
276
258
802
849
367
305
313
879
865
884
620
671
98
348
612
788
914
840
275
272
952
948
749
574
734
812
955
995
186
966
535
712
929
61
901
41
147
297
956
647
520
631
248
30
158
512
897
426
883
566
974
235
106
602
50
266
279
805
109
806
60
475
645
322
37
262
425
573
37
843
486
688
993
755
254
697
237
938
909
344
974
312
226
607
873
796
198
925
605
606
771
795
255
538
657
34
721
752
497
983
281
47
61
343
614
277
762
962
623
162
178
879
631
560
892
508
446
997
316
932
75
729
313
173
114
997
43
59
552
150
910
444
643
370
867
994
169
683
286
998
188
10
462
594
949
112
158
252
832
484
688
189
248
32
598
77
597
203
253
225
577
942
590
72
499
186
942
231
430
740
145
29
279
696
998
138
662
292
446
173
94
348
390
131
442
277
661
817
703
654
903
974
692
738
951
679
474
661
164
480
759
201
760
821
725
987
866
727
1
182
828
590
911
154
531
708
770
476
382
346
576
385
532
409
540
652
552
543
142
148
170
74
140
457
464
690
937
272
858
356
477
683
100
889
839
181
191
699
459
81
106
855
625
661
796
275
575
464
890
859
508
322
958
339
545
344
719
300
876
846
407
934
98
267
119
770
29
727
370
25
168
89
746
825
313
280
336
621
463
323
662
493
771
314
990
863
664
290
113
727
83
636
177
47
665
391
580
832
71
917
217
237
903
708
90
391
146
748
545
909
376
326
545
321
621
465
483
723
704
857
726
312
142
66
360
613
321
380
346
194
933
589
791
692
365
769
88
966
89
468
610
28
892
904
146
308
944
631
718
788
18
995
179
369
776
29
976
819
437
153
397
880
135
681
751
244
464
52
904
171
802
395
186
257
109
983
496
402
816
146
367
91
386
921
935
909
778
944
1
1000
591
920
173
563
204
173
94
842
918
974
805
340
234
75
68
639
970
217
372
47
830
801
967
296
299
541
754
432
694
966
362
879
869
706
37
146
979
693
181
540
218
617
948
385
624
32
773
820
321
40
281
423
857
847
859
122
46
149
827
134
704
734
230
782
211
274
222
204
937
812
278
267
724
916
22
747
61
707
444
810
931
138
695
364
379
310
723
701
428
41
243
113
727
235
253
593
544
149
463
515
848
194
924
967
849
412
32
160
137
33
4
934
461
688
368
794
809
115
727
391
71
855
474
84
428
493
662
192
272
609
810
237
241
534
168
481
632
17
524
638
723
818
402
836
402
861
173
903
341
606
89
520
757
60
690
891
140
20
773
278
845
845
899
206
359
129
929
174
71
35
810
269
856
610
611
611
784
666
544
899
639
103
234
544
403
567
600
386
746
867
31
403
773
991
544
545
443
560
695
989
668
481
899
644
340
559
144
194
416
423
721
291
90
819
940
332
606
647
725
681
294
936
495
442
798
768
520
307
544
776
799
115
640
573
626
227
970
592
813
75
855
889
929
487
1
440
913
911
999
827
963
436
208
641
613
318
940
481
541
746
895
690
785
207
523
914
814
443
920
395
165
938
547
7
297
41
527
484
348
639
40
610
325
78
824
759
236
844
471
451
62
203
141
483
395
306
129
402
545
193
897
934
477
577
129
164
283
539
721
555
443
178
620
214
743
219
882
696
956
419
674
869
919
599
317
383
445
700
765
487
133
919
691
960
839
342
342
7
287
666
396
505
424
447
544
985
901
186
886
184
642
712
270
215
907
997
620
453
92
158
100
453
716
95
613
92
887
535
780
876
302
562
838
295
499
613
173
448
822
138
683
488
309
99
399
229
29
493
850
72
59
726
202
666
396
269
706
647
964
609
2
371
318
958
67
829
412
350
399
373
73
366
608
223
816
984
198
521
291
506
169
475
538
628
235
110
495
901
306
875
521
33
749
329
333
892
274
355
710
384
353
32
171
127
834
322
326
573
695
265
591
519
875
204
727
305
30
726
722
230
386
786
534
605
605
559
589
876
173
214
308
807
88
670
172
457
270
687
821
94
990
911
605
787
902
233
272
808
490
931
918
710
211
943
188
60
421
52
651
410
890
288
261
188
953
888
266
133
947
466
500
768
69
818
801
101
387
333
802
143
842
557
256
619
615
644
95
233
62
817
241
710
270
617
139
455
284
595
327
183
503
239
242
521
77
734
74
462
235
416
909
304
385
604
79
598
670
971
237
60
258
720
547
414
189
218
65
435
694
55
601
42
41
532
292
584
533
821
763
660
132
585
715
646
545
904
841
479
82
886
42
798
250
335
627
985
872
72
345
310
899
629
932
912
754
106
979
162
591
557
782
263
589
40
421
287
823
734
969
806
907
830
967
837
770
270
420
244
285
741
881
699
25
300
509
290
806
562
7
84
971
910
957
734
668
744
192
503
192
183
666
851
420
907
873
757
829
455
368
450
303
473
592
256
91
595
354
751
299
271
431
137
551
393
483
233
5
418
986
898
658
253
379
981
794
373
726
626
961
175
918
862
534
182
764
601
139
570
493
587
764
778
810
286
131
667
207
373
365
568
999
950
294
891
261
860
31
772
215
689
567
667
525
302
482
948
522
861
534
520
547
820
176
19
54
597
728
934
516
704
829
67
755
947
12
647
783
463
208
876
885
307
636
605
528
639
295
123
783
573
858
106
113
487
581
267
910
969
583
70
875
246
740
773
710
241
829
1000
398
496
85
270
258
195
720
588
445
198
448
275
132
749
197
459
865
364
697
858
56
90
844
567
4
439
531
58
516
922
866
118
358
92
54
596
66
109
9
156
843
750
439
462
21
787
646
584
438
900
488
77
41
498
800
317
675
600
290
397
79
886
599
292
126
316
602
172
677
209
494
670
345
97
726
958
260
476
772
454
723
674
496
154
687
319
236
232
123
473
804
676
534
328
880
273
460
910
285
266
712
891
465
193
747
21
146
451
306
957
141
130
52
180
120
133
705
255
221
946
672
669
763
525
371
302
517
423
966
707
952
939
909
725
566
803
697
683
117
740
919
892
537
179
435
484
205
295
670
733
60
501
256
877
53
208
214
888
297
363
738
334
451
946
932
160
194
79
848
385
380
239
415
679
993
605
416
685
292
303
276
203
952
571
693
422
239
97
350
101
77
742
278
962
94
715
202
685
274
838
366
968
164
658
577
469
696
357
814
90
40
951
992
600
820
497
295
853
83
909
889
300
413
370
479
611
684
449
264
438
458
29
934
533
327
833
772
443
358
844
206
864
632
1000
628
534
660
977
308
506
23
516
648
295
72
63
515
211
537
668
232
104
891
84
645
30
116
577
560
91
656
549
839
779
275
240
357
465
983
768
723
742
408
194
397
316
891
402
564
156
219
877
387
473
766
606
430
692
841
767
980
737
75
660
298
476
340
318
853
589
225
589
510
947
131
250
241
789
676
23
646
84
208
291
566
671
204
939
604
893
56
135
951
306
368
608
979
280
743
610
584
397
420
368
371
19
518
422
805
475
66
963
712
426
909
557
253
85
356
84
943
977
989
237
844
927
589
615
176
534
946
180
312
426
804
738
503
21
630
271
82
290
34
805
447
96
826
982
822
10
696
855
62
686
883
57
88
647
708
531
239
692
139
434
531
308
887
23
505
179
162
802
60
174
830
770
123
919
172
36
259
436
584
454
257
709
776
15
930
847
330
412
489
258
851
471
985
950
983
102
382
992
272
929
62
799
379
737
902
395
71
652
848
390
660
541
519
480
666
136
81
431
916
531
207
761
913
40
918
263
895
865
510
742
502
54
809
778
235
713
379
41
879
107
813
942
228
322
600
718
144
281
86
55
500
73
708
980
547
273
136
923
144
99
175
692
276
586
593
807
812
713
710
54
60
489
280
658
776
45
208
137
615
147
940
166
848
394
987
734
682
160
684
617
58
839
318
661
899
342
370
968
467
536
531
30
774
229
811
197
600
230
141
148
104
65
290
75
115
806
793
155
874
5
34
866
961
632
222
114
306
993
126
623
992
697
304
689
232
41
511
322
240
884
790
777
925
841
538
625
761
519
374
389
118
285
518
315
352
65
103
768
611
595
722
446
921
233
636
765
932
838
598
134
308
567
767
318
109
109
83
380
718
305
386
572
456
2
545
153
33
223
30
531
227
526
653
799
163
808
126
445
188
143
54
12
523
243
860
848
968
517
139
157
747
712
809
767
552
27
612
557
320
176
954
997
869
222
804
45
557
376
162
775
733
96
353
797
538
450
741
434
987
576
897
256
625
248
350
781
946
588
195
537
144
986
574
280
22
705
745
191
854
88
489
532
386
966
281
246
138
213
232
992
270
941
461
157
236
900
188
366
8
171
13
273
304
622
363
725
346
524
982
772
468
774
885
984
537
619
330
650
821
729
314
759
770
56
820
434
141
685
534
514
558
418
79
799
646
854
800
439
664
895
392
505
52
783
998
80
212
414
742
660
460
253
931
292
143
147
652
751
21
139
751
497
231
793
221
879
998
341
78
974
74
215
765
56
211
754
25
783
287
696
762
583
581
530
232
454
573
563
766
453
6
906
825
702
694
521
998
595
30
876
747
442
246
732
285
862
633
758
715
51
914
677
324
591
300
936
318
289
469
43
356
77
464
205
268
99
955
841
71
675
701
942
82
162
718
211
129
331
870
575
360
137
684
99
908
856
966
172
369
295
569
474
618
298
55
60
290
550
666
468
675
524
577
664
57
808
703
300
367
223
21
754
176
222
483
219
320
399
549
435
745
636
167
612
551
371
186
20
749
730
366
188
558
825
718
148
471
10
103
986
371
210
678
546
561
978
534
116
989
654
657
9
640
248
704
485
206
559
603
629
540
240
143
884
973
919
429
721
319
494
309
39
713
284
726
831
818
330
183
705
11
426
576
312
657
204
157
718
53
916
808
655
595
70
864
16
589
354
341
259
486
273
807
172
476
922
420
864
61
183
23
84
817
458
796
642
973
119
187
16
211
591
12
48
290
457
672
971
906
515
774
83
400
628
998
757
305
954
215
473
428
686
690
189
590
60
347
765
344
244
597
997
512
65
841
778
582
252
235
108
154
515
996
759
746
633
465
937
503
313
56
120
33
482
854
706
150
746
212
699
873
339
321
829
551
669
534
103
203
186
45
534
71
958
766
378
664
160
619
424
305
392
872
904
99
58
66
60
643
441
416
875
211
524
609
968
57
828
183
203
556
862
293
216
3
777
301
290
443
579
301
848
109
295
712
419
934
991
442
63
758
238
292
264
947
916
398
123
782
597
517
276
461
133
484
50
440
840
610
336
560
21
786
662
258
481
341
535
452
881
342
25
699
684
295
918
993
155
898
63
922
137
110
977
581
440
923
141
544
511
343
756
90
223
725
69
459
249
917
568
647
786
145
149
940
27
116
593
112
805
112
337
406
540
321
939
317
301
157
86
64
964
566
711
734
645
899
196
687
976
369
780
872
784
352
581
706
424
697
443
396
796
649
90
738
641
155
12
566
955
712
401
129
654
232
569
656
97
671
849
69
308
220
859
894
754
624
297
800
898
512
670
622
211
554
233
748
516
801
405
476
452
908
927
800
535
852
354
739
504
700
251
183
621
114
737
12
855
316
292
328
378
704
487
109
348
802
396
604
873
689
701
918
553
913
70
148
525
942
8
709
140
658
601
276
135
955
618
311
658
768
245
840
111
818
527
388
882
467
87
316
403
21
68
464
101
11
830
463
376
313
480
883
506
991
312
917
198
150
4
570
946
184
653
536
643
334
79
103
27
268
447
502
63
204
231
957
81
732
955
477
730
231
41
919
851
961
790
683
733
455
832
980
594
465
902
836
760
422
817
791
400
618
226
514
10
979
811
641
440
234
962
772
627
501
685
445
738
264
720
424
941
470
573
250
267
337
695
635
49
212
923
198
723
570
13
910
803
477
807
106
316
198
351
357
546
724
540
118
158
910
335
503
927
78
613
137
942
618
941
310
245
842
883
469
683
46
11
183
761
509
232
749
366
62
486
677
188
275
357
622
906
381
291
801
665
711
818
349
933
162
41
630
473
83
62
526
707
959
771
342
762
363
249
796
311
785
487
538
363
724
563
742
143
42
566
57
869
949
748
337
343
207
26
363
365
373
46
142
600
963
444
405
301
91
33
498
753
512
702
729
83
968
513
721
619
186
530
308
232
225
777
981
388
282
184
583
845
889
531
694
526
772
409
605
852
623
233
341
655
699
677
261
680
726
133
374
178
450
366
212
439
560
47
193
340
289
196
419
849
826
112
684
300
460
983
456
838
938
219
705
815
66
862
674
937
447
584
99
333
63
576
706
985
630
721
65
526
586
154
100
971
861
513
266
13
867
17
103
39
588
971
165
297
44
102
523
467
544
930
392
33
249
239
981
304
215
839
250
526
533
567
372
709
278
569
580
871
562
774
810
721
869
551
150
286
776
972
102
458
102
925
836
675
185
870
707
595
200
947
973
437
809
762
124
950
987
466
977
192
222
178
10
879
323
394
377
441
431
753
262
481
279
871
922
294
96
74
279
431
849
780
566
609
449
417
498
182
629
482
150
177
674
621
195
706
508
151
518
614
203
273
864
196
315
785
132
938
463
333
366
377
104
946
813
834
258
193
886
477
441
54
872
661
91
432
397
1
160
807
328
464
415
624
408
607
276
599
449
52
96
959
556
116
368
752
357
101
688
321
762
695
596
360
666
236
785
801
355
895
669
192
45
617
592
436
899
155
177
768
414
732
744
339
929
427
802
89
683
240
564
396
836
776
298
657
945
472
275
688
382
146
854
955
363
932
177
289
143
753
257
119
713
520
634
303
610
68
868
234
798
80
70
686
454
911
183
393
470
63
746
734
425
322
773
710
537
926
885
224
221
657
728
519
468
483
760
414
254
119
384
564
889
576
701
179
778
270
475
758
463
694
300
600
303
799
848
858
29
16
996
931
321
233
677
61
548
367
837
29
402
948
253
568
854
382
859
692
894
496
255
652
584
176
724
38
110
164
409
358
497
32
345
390
387
386
731
273
633
139
689
237
602
495
548
454
212
54
274
908
921
317
90
268
709
957
451
292
567
987
296
246
394
202
500
480
9
571
719
462
730
362
291
470
71
624
985
773
85
17
329
482
133
71
42
319
300
847
612
51
277
864
860
343
785
683
278
747
29
202
286
975
96
623
458
414
847
98
953
41
615
964
576
643
687
156
721
743
694
965
570
711
306
470
19
279
447
506
968
691
587
519
713
931
410
595
800
751
529
279
458
57
513
904
205
476
403
897
534
592
643
102
130
919
692
460
850
796
196
251
813
447
305
494
379
813
547
806
1
624
321
580
901
750
633
619
929
205
778
978
433
772
389
808
713
456
5
958
479
250
910
64
522
181
634
245
346
49
947
366
113
901
917
799
599
370
953
982
369
24
774
781
443
11
273
813
169
374
448
183
762
464
410
163
268
234
788
965
832
73
458
652
515
956
334
918
380
169
742
232
376
498
734
972
355
47
746
906
153
117
330
380
482
103
173
552
993
49
788
696
253
845
250
823
244
914
357
189
629
385
522
510
644
993
228
217
201
461
794
871
436
392
760
394
564
58
741
322
780
761
568
337
522
968
923
578
372
359
833
617
685
307
745
100
273
864
833
744
908
986
627
863
22
447
680
692
630
871
546
153
865
257
141
10
517
177
993
501
305
476
529
689
865
535
317
771
406
289
265
318
365
398
470
658
384
909
622
84
396
697
742
355
820
369
208
179
896
411
852
721
589
48
569
889
819
521
730
557
354
277
801
136
472
895
823
948
453
519
347
911
908
725
13
305
584
566
837
338
137
224
293
658
756
478
893
535
445
888
159
299
106
314
587
696
269
470
150
227
493
935
657
259
615
239
554
297
835
592
298
38
196
276
261
861
274
70
810
143
89
295
925
114
266
450
98
314
729
551
586
807
735
658
522
361
728
729
492
258
522
497
588
134
444
903
386
944
120
214
959
665
798
481
593
252
687
826
888
57
360
223
68
840
861
168
791
599
202
567
372
893
593
651
436
522
746
338
557
352
740
659
994
471
363
949
175
595
100
278
87
350
139
79
625
422
453
145
436
285
170
165
739
376
732
94
345
699
668
672
277
591
525
65
67
73
67
880
425
723
282
654
876
899
196
547
974
575
140
454
499
527
885
972
18
957
331
3
963
574
272
296
739
111
996
736
334
217
854
202
845
409
327
839
836
11
870
217
39
39
825
494
683
720
484
699
701
582
861
635
690
933
253
714
832
587
254
239
826
166
531
524
261
509
129
180
18
326
327
688
368
164
448
238
36
226
346
421
422
788
275
502
179
565
812
213
961
865
55
809
739
637
541
926
551
982
973
65
457
537
272
106
93
925
575
26
582
866
388
424
257
411
584
480
884
281
210
533
579
68
785
364
973
852
504
464
823
308
629
214
577
271
268
809
986
735
469
370
302
411
745
9
239
586
827
991
772
812
143
171
132
847
627
761
276
126
66
913
255
625
999
120
385
179
865
512
705
982
722
358
453
627
266
623
470
869
170
733
509
790
560
974
243
82
933
864
191
613
831
552
237
457
871
87
785
127
978
545
677
618
873
988
2
509
978
365
48
916
437
165
212
849
689
954
159
319
33
612
437
404
204
889
53
779
512
158
783
844
897
287
470
739
444
730
445
106
670
21
345
48
378
7
228
849
335
403
34
836
333
784
908
634
243
895
102
720
310
686
351
892
222
216
749
832
581
595
193
606
546
942
991
31
874
284
674
441
93
533
878
653
514
763
760
456
426
37
619
671
28
658
37
739
484
860
309
646
353
294
808
295
148
950
445
882
47
250
714
998
226
181
433
145
473
179
672
64
137
793
92
593
371
427
362
124
770
820
517
692
266
422
714
105
712
460
395
756
105
353
903
18
926
989
665
70
712
272
939
400
672
11
826
769
130
327
709
759
677
112
530
87
103
347
210
710
702
487
843
316
140
75
922
118
534
641
193
993
753
992
722
200
387
185
917
85
290
761
229
101
519
888
438
853
795
211
346
468
273
377
157
141
862
677
571
249
787
33
861
235
458
400
517
137
516
505
77
49
658
117
31
504
304
770
427
524
167
970
669
726
55
274
359
286
949
602
8
29
414
797
465
665
228
733
579
371
485
436
653
170
621
966
815
320
699
581
104
538
269
142
770
321
180
460
439
139
533
797
97
474
814
954
49
195
267
31
164
859
559
438
686
54
181
327
823
133
754
557
628
719
694
725
369
731
315
483
395
279
387
530
807
993
348
166
351
494
274
28
981
952
839
759
187
460
647
828
806
529
479
839
391
503
713
651
376
236
692
56
742
570
608
122
139
661
554
467
551
388
327
622
44
465
460
48
610
636
929
300
907
126
791
204
228
578
410
11
240
106
442
780
221
771
382
468
807
59
180
628
678
636
823
763
899
845
687
925
608
823
201
815
862
830
551
200
82
767
745
408
858
235
160
309
451
766
461
828
368
557
323
283
915
850
379
108
476
640
405
744
673
705
552
536
685
124
396
119
334
669
601
561
674
597
517
33
419
947
8
77
335
290
351
372
105
660
978
448
319
453
334
849
439
360
434
113
189
483
706
928
820
808
54
423
691
934
874
776
754
723
131
789
792
626
990
780
198
612
789
66
159
459
900
929
377
917
720
710
833
945
70
409
310
370
746
830
929
399
229
273
840
843
296
407
377
224
969
280
535
120
953
121
209
942
601
992
540
107
320
925
402
654
713
860
551
351
983
150
785
831
604
852
934
209
653
620
798
47
766
10
840
866
921
653
285
406
688
567
15
470
816
502
307
743
83
674
145
668
869
89
259
11
15
18
595
321
669
930
633
939
83
415
446
60
621
523
648
522
550
924
423
925
927
239
595
553
469
240
766
202
383
150
401
164
804
961
330
559
872
780
974
662
733
955
761
172
933
112
423
50
667
631
215
541
585
658
417
593
159
793
341
965
249
397
787
524
955
533
260
448
680
361
57
959
604
177
544
645
346
858
267
943
153
882
13
464
51
49
670
768
226
62
70
951
166
682
210
626
738
817
235
451
344
129
91
386
174
115
161
584
808
450
835
1000
225
875
266
457
373
724
121
502
397
747
356
189
212
655
440
19
602
190
476
777
590
342
755
858
856
282
541
799
314
760
549
271
684
561
393
845
567
709
15
156
74
365
884
290
556
814
140
467
908
583
744
168
618
721
590
338
924
32
518
482
973
867
188
575
46
441
261
454
259
368
292
849
425
715
285
479
58
885
332
659
946
849
153
9
660
64
165
583
202
363
153
583
44
466
238
359
955
38
420
722
483
989
150
983
664
454
432
371
726
471
851
50
890
226
85
837
546
376
792
462
308
85
296
799
227
887
961
753
514
788
146
280
742
471
781
179
1000
162
691
33
326
174
78
25
941
125
40
793
668
870
703
293
752
292
268
507
542
434
247
98
113
472
676
805
546
937
505
607
51
311
293
635
617
784
247
328
227
717
855
120
634
826
772
4
563
103
342
402
514
587
34
426
922
924
683
848
5
446
132
796
984
781
744
794
517
349
376
176
185
849
892
834
349
19
52
300
180
350
83
47
958
497
71
298
600
719
239
346
46
710
618
376
37
951
213
222
485
274
463
116
785
873
274
459
780
276
316
964
92
258
24
154
268
736
119
898
68
644
447
417
462
358
589
772
600
724
608
996
870
993
582
552
495
370
998
778
319
949
883
514
287
160
50
134
829
56
70
695
954
102
391
397
51
495
375
280
368
807
49
976
606
732
351
139
544
28
460
404
328
631
639
433
318
622
594
337
930
243
696
501
547
147
498
2
964
172
174
7
475
964
334
8
1000
71
983
514
456
994
284
659
135
521
748
93
320
66
12
200
783
772
891
58
633
55
51
487
687
835
705
490
649
200
305
284
665
737
559
847
486
61
854
300
54
552
767
102
125
35
92
670
448
285
103
818
564
585
833
638
14
145
318
186
48
972
42
109
528
614
180
568
936
654
705
595
419
746
357
370
357
573
727
497
109
996
914
329
151
362
124
352
393
928
429
573
542
752
140
699
631
43
537
978
969
912
182
11
695
614
648
947
585
379
338
275
935
675
521
923
374
771
467
131
453
216
557
132
783
113
929
693
421
770
751
667
219
365
668
239
318
136
469
238
1
884
10
635
939
291
642
371
829
289
603
745
360
22
345
529
546
789
573
327
880
439
751
130
909
817
96
96
730
501
511
172
903
890
526
983
559
384
363
98
106
967
900
547
628
306
684
988
541
605
887
169
743
79
748
673
907
636
966
239
256
149
525
110
34
175
616
731
646
267
973
378
222
28
580
191
498
855
674
237
547
720
662
705
449
512
95
753
648
712
295
844
704
136
271
38
285
967
721
631
50
847
267
298
120
658
221
641
256
985
628
475
503
54
200
91
387
769
319
910
830
531
944
839
972
760
543
969
368
824
254
830
224
894
503
293
641
949
631
701
891
32
721
87
898
374
900
561
93
649
446
440
363
449
115
61
34
104
72
104
403
305
407
950
113
163
233
530
294
797
27
837
483
539
191
555
946
724
425
138
882
976
459
117
231
854
973
810
300
135
590
371
596
841
858
612
854
882
184
659
301
131
86
148
956
772
786
640
862
428
617
332
695
992
952
498
285
567
103
272
387
769
353
347
822
807
303
144
787
178
875
417
608
836
640
749
184
813
246
979
879
595
699
753
158
949
933
308
488
779
362
579
106
45
983
277
215
297
369
246
479
956
832
1000
776
267
638
21
623
724
270
538
927
36
522
227
71
605
379
496
735
502
773
53
294
939
784
508
912
299
229
914
850
572
478
840
903
106
410
641
439
139
298
622
945
471
850
840
71
951
758
843
808
635
32
42
475
889
412
568
808
794
469
339
434
332
553
627
579
42
627
583
461
720
395
886
677
169
880
258
375
361
969
502
874
872
120
333
291
115
468
500
363
931
623
271
594
515
759
833
323
640
293
774
478
658
978
261
936
377
689
26
764
174
655
114
359
330
789
173
931
790
904
457
676
354
520
761
695
396
684
78
469
349
946
636
518
758
429
220
973
697
230
749
268
800
497
670
509
627
5
983
561
794
570
150
140
917
1
881
588
622
546
929
156
832
82
972
782
667
149
263
491
324
925
987
153
123
745
984
150
745
652
513
743
911
237
465
435
316
735
161
551
566
614
14
484
425
214
367
285
724
72
831
869
926
593
108
872
498
810
601
160
776
73
127
992
925
777
787
823
66
906
643
899
735
141
816
358
751
983
33
286
500
448
320
759
582
977
601
768
459
70
882
923
459
809
867
666
346
400
744
788
524
958
201
249
190
331
764
154
209
989
400
15
281
401
260
973
279
103
89
172
309
548
793
202
445
694
403
35
765
595
237
226
968
474
368
58
132
431
476
408
421
521
206
768
942
901
259
359
356
411
606
904
859
804
210
604
317
987
300
791
764
750
823
619
27
350
379
143
434
942
326
395
977
746
671
154
131
487
931
883
868
603
834
369
960
892
110
120
675
370
52
713
851
274
849
116
606
599
326
21
465
972
843
501
439
812
65
53
897
908
401
234
42
19
815
499
21
390
165
269
773
308
475
266
544
368
51
398
877
259
95
899
184
534
911
167
824
108
214
992
780
240
109
303
473
662
684
920
276
296
444
58
133
560
344
675
684
851
698
651
373
992
101
761
152
970
112
626
406
153
141
456
152
672
999
176
878
372
594
306
18
944
140
44
575
57
858
267
779
910
600
589
321
476
806
203
395
918
99
423
636
801
522
562
404
436
343
400
635
783
52
559
766
405
163
373
83
368
537
530
584
836
596
410
200
569
319
686
97
838
123
360
68
977
655
464
16
761
69
126
124
206
220
889
475
92
225
552
186
611
987
400
355
89
365
58
294
409
710
266
964
447
819
750
918
313
106
382
785
587
975
464
690
632
11
492
558
422
520
857
690
974
383
689
532
681
161
206
309
87
984
28
943
150
1
962
487
79
773
484
273
63
503
576
560
950
738
427
898
393
221
160
278
487
125
510
917
981
506
867
281
23
818
25
237
461
427
92
555
81
110
944
533
242
965
796
83
488
651
265
951
248
53
608
393
448
443
282
1000
572
377
442
709
284
906
450
145
650
690
897
410
795
484
666
552
31
40
197
571
209
54
351
443
259
703
100
925
335
494
960
607
56
427
804
270
545
703
685
238
665
574
439
420
919
976
865
748
167
50
158
611
677
592
907
883
96
219
682
255
130
989
44
23
128
304
173
481
782
522
414
1
737
606
87
60
431
985
863
985
487
953
83
866
813
325
493
810
448
86
276
831
271
738
205
494
475
48
863
297
623
45
519
782
757
428
455
488
29
428
13
736
607
669
750
992
831
619
652
716
920
877
462
129
963
412
877
339
673
979
363
106
840
777
787
480
162
304
315
521
845
984
119
178
803
413
232
848
487
462
524
237
329
706
389
55
329
999
747
368
733
297
821
171
51
279
496
51
194
585
9
776
331
949
760
400
266
464
669
174
263
770
249
786
279
990
506
693
759
65
933
521
913
43
25
634
500
159
616
864
495
544
403
990
66
912
226
471
785
80
525
391
687
484
285
426
488
185
899
222
1000
952
18
943
717
760
86
696
837
226
972
58
328
236
121
994
947
677
521
416
286
825
496
336
976
215
286
250
622
743
397
673
465
286
598
284
866
583
758
212
965
31
992
518
321
450
286
559
710
488
763
675
193
833
862
36
282
602
624
52
943
644
368
777
2
936
960
682
129
652
341
973
820
437
654
586
88
839
36
524
129
326
408
210
300
162
404
231
386
457
792
541
838
458
145
908
52
719
251
589
137
914
926
105
600
720
941
283
334
903
966
465
843
798
985
958
99
473
418
476
490
304
154
947
475
199
430
549
460
751
176
510
119
270
97
764
880
751
741
882
580
107
775
815
686
294
128
561
345
187
83
28
577
74
951
382
596
986
684
621
193
123
374
824
916
916
494
228
109
924
178
393
705
56
713
960
176
554
188
380
520
729
100
311
451
663
354
653
384
410
372
398
776
541
509
949
549
699
659
271
248
192
584
894
389
565
410
658
623
817
72
671
884
77
588
619
444
177
86
182
104
443
933
603
34
650
496
453
147
650
863
17
397
562
892
920
743
368
955
155
460
634
912
398
198
312
351
415
223
914
46
50
322
72
515
267
45
571
623
868
609
942
816
839
184
77
172
205
403
105
717
428
587
97
831
647
438
719
249
515
947
641
898
663
510
302
837
805
273
294
750
590
932
791
646
132
776
220
74
377
226
391
51
323
826
330
383
552
427
850
205
205
526
637
558
645
588
900
898
640
78
526
21
762
634
50
847
348
920
239
610
5
388
693
468
102
881
937
726
674
470
878
411
951
500
165
569
192
602
931
806
275
268
978
775
576
602
906
470
60
854
918
620
707
523
596
391
730
193
431
160
687
979
796
828
162
225
18
935
777
887
63
342
815
389
885
102
472
800
555
98
364
120
869
150
397
793
16
676
282
726
452
168
192
771
576
38
451
314
436
385
938
589
43
906
203
816
985
71
949
324
319
577
769
633
413
676
888
105
418
300
99
296
954
281
689
760
392
827
625
856
742
880
456
882
419
732
737
765
738
397
539
870
726
71
194
97
760
615
815
483
821
997
861
684
83
147
281
738
762
236
874
15
838
256
219
487
975
241
216
642
929
475
30
69
44
569
40
786
27
824
316
893
494
129
399
645
158
510
902
535
161
521
542
631
233
925
260
909
523
399
453
829
7
576
143
773
994
184
254
798
89
34
305
637
436
209
763
593
317
520
596
353
390
657
639
167
269
686
218
802
147
523
703
584
964
642
168
920
37
685
137
869
552
271
375
340
782
427
555
826
934
601
110
554
308
145
818
699
716
636
469
804
430
818
447
18
723
630
168
120
872
980
423
527
136
556
3
517
209
601
375
870
347
819
552
503
626
121
970
837
271
456
342
477
204
774
351
950
497
897
660
945
944
428
622
71
66
444
412
555
265
520
903
413
851
631
693
593
391
214
792
175
262
326
607
670
901
485
937
949
201
824
635
263
476
684
303
659
829
295
346
969
940
507
13
347
834
672
360
768
205
526
206
532
817
749
928
399
64
12
200
735
53
841
26
576
757
851
698
287
577
198
122
404
94
838
718
449
158
195
443
991
96
429
898
524
883
428
974
828
347
747
802
703
497
832
592
596
808
459
590
882
42
45
23
646
898
148
917
445
966
24
148
659
631
407
165
120
819
717
180
677
453
347
632
811
481
213
122
785
96
980
530
121
948
165
235
190
440
666
936
309
680
92
92
841
53
237
924
698
387
716
372
567
674
458
84
542
565
411
391
675
254
313
342
963
108
265
24
634
583
658
87
828
349
666
228
211
255
278
311
962
217
38
728
112
972
399
993
938
345
746
804
334
202
567
163
355
230
765
400
16
154
629
333
725
358
488
767
753
504
223
703
125
978
178
191
567
577
171
426
272
211
447
48
146
23
113
480
278
54
677
371
919
522
730
897
622
300
261
816
70
332
23
817
41
23
402
739
507
635
130
902
998
141
977
712
938
688
637
247
959
458
313
526
626
230
171
356
461
258
398
740
826
212
554
672
301
536
671
39
545
252
8
65
773
776
915
534
954
983
996
295
54
159
425
905
893
143
538
492
385
115
373
667
336
309
185
511
442
974
923
633
894
307
515
970
20
195
780
695
543
225
872
762
90
171
484
325
638
440
730
999
548
797
720
408
787
104
144
785
865
288
415
323
986
13
984
500
790
512
999
553
64
894
565
189
84
411
595
999
613
454
284
392
15
503
503
249
715
232
579
938
757
23
470
754
893
380
507
938
114
959
247
662
735
815
611
752
201
815
131
474
243
362
705
555
503
185
884
713
34
926
196
180
746
218
502
150
254
722
371
279
431
110
174
778
125
1
33
148
894
253
64
483
717
931
220
281
565
469
697
235
9
302
699
253
179
13
39
182
735
271
718
357
803
286
643
439
530
561
361
633
828
219
36
30
32
710
152
331
594
531
710
681
219
94
958
909
143
963
1000
184
98
554
267
332
917
56
758
673
835
837
696
452
425
966
595
498
667
417
223
316
920
374
349
157
317
72
624
541
573
244
131
988
346
109
214
513
700
817
952
915
519
574
758
66
628
926
484
27
202
607
564
770
919
227
393
762
778
26
916
317
469
951
235
236
867
332
679
633
576
348
22
769
961
876
594
280
715
687
371
884
678
254
292
668
336
163
683
838
487
241
815
481
838
798
284
808
90
461
854
175
246
661
172
785
315
281
125
390
724
824
869
523
853
168
687
38
696
88
761
269
297
602
180
758
262
632
350
102
886
133
720
289
30
834
829
750
589
771
106
532
308
717
211
913
441
941
818
453
74
61
122
446
757
121
784
914
532
110
959
825
255
299
292
45
195
111
205
644
907
905
395
463
78
42
296
417
423
736
469
642
51
985
