777
10000
1299 1438
859 1032
899 1127
101 518
1093 1202
422 801
720 971
881 1384
1351 1426
1378 1388
590 1031
390 1045
369 1410
987 988
642 1020
248 426
318 734
1346 1430
1353 1359
553 683
314 1292
1433 1435
1109 1418
1279 1371
204 940
1436 1439
381 946
441 1246
791 1057
835 1307
289 773
996 1162
1370 1440
16 446
949 1212
656 1124
346 1412
217 789
900 946
43 918
675 1332
555 947
839 1229
40 1132
878 1430
829 1303
372 533
803 1293
1064 1406
766 767
314 1001
196 527
870 957
1060 1315
879 1068
553 1217
592 961
1151 1271
518 1346
617 1331
1363 1392
969 1074
879 1194
675 1121
927 1176
482 532
1163 1303
783 975
2 53
269 1077
265 1375
171 403
35 138
82 1090
1265 1340
1129 1184
1426 1432
219 719
308 802
159 1332
612 1095
1357 1368
210 834
1160 1428
1292 1352
831 849
71 787
970 999
22 1163
424 1253
708 911
985 997
505 1059
270 460
669 1060
417 866
1107 1341
250 931
979 1251
861 1337
1416 1425
137 1062
246 659
504 963
1274 1331
442 730
549 1198
266 866
1095 1274
654 818
655 1295
230 868
813 848
478 1211
1144 1350
584 1197
893 1363
784 840
184 1251
1415 1419
1263 1323
986 1032
1004 1175
1343 1435
1109 1332
287 1288
1036 1225
1239 1377
512 650
1011 1331
1230 1427
672 904
118 254
388 663
281 384
1363 1421
388 1386
419 558
1318 1337
91 197
1179 1226
220 1395
803 836
1130 1370
1325 1384
739 832
546 1093
627 1256
296 343
626 657
1117 1232
1054 1409
1264 1272
610 1042
1222 1256
561 626
660 1243
72 720
746 1117
290 1240
304 1003
909 1121
330 1230
407 1287
273 1101
626 969
213 1241
425 1126
356 360
156 954
1258 1384
1402 1422
681 695
898 1221
754 899
686 842
454 711
1033 1258
1014 1303
147 185
789 1330
1361 1390
865 1181
937 1002
221 1135
583 799
1295 1337
1028 1091
1073 1206
1271 1340
851 881
170 702
467 1352
445 1308
120 273
108 391
83 480
605 1128
890 1134
960 1278
250 422
510 568
403 1427
605 1058
359 481
1026 1164
214 720
135 1005
81 516
868 1166
1010 1157
1410 1426
87 538
435 796
310 687
1220 1432
976 1134
214 1398
249 687
651 1406
679 1293
879 1072
834 917
219 262
952 1135
395 694
1105 1301
970 1337
470 681
936 1147
141 719
409 775
1168 1345
1285 1417
890 1237
368 867
1000 1266
248 487
357 538
1168 1314
632 1107
82 1035
1141 1154
315 864
63 1163
338 1150
475 552
1234 1327
1406 1408
1058 1356
510 948
353 1335
140 1296
374 614
846 1337
427 475
1259 1266
54 306
628 1433
1199 1220
773 1412
590 1067
913 1282
158 1091
266 484
1098 1307
136 1388
1367 1432
998 1061
657 1241
1183 1185
1146 1366
99 707
1422 1440
1103 1363
572 1342
1076 1122
743 795
151 1092
949 1249
1169 1252
269 859
765 1291
881 1250
1263 1401
451 454
373 1055
819 1401
390 882
19 1012
1325 1372
58 947
1222 1288
961 1437
1230 1270
144 471
1218 1290
1021 1190
1046 1284
811 1399
1266 1385
929 1124
680 1407
270 419
1324 1327
1216 1362
784 1382
1238 1249
103 443
1194 1436
1283 1399
1116 1406
1407 1440
906 1152
1316 1351
634 645
814 1358
1420 1424
1038 1434
481 1320
1080 1403
53 824
468 1171
1037 1347
633 1202
102 1301
285 771
521 1014
1290 1392
713 961
1209 1376
205 769
873 890
1140 1245
437 442
849 1044
1191 1300
770 1009
1058 1203
1408 1428
413 691
1090 1344
338 800
1233 1273
891 896
237 1322
687 1022
1253 1344
352 1069
1033 1421
1130 1217
1112 1348
1332 1379
1208 1404
956 1150
435 587
858 1067
848 1204
59 62
1150 1301
179 585
640 986
34 382
1424 1438
160 901
520 1276
500 684
483 1044
294 557
725 957
494 1398
505 954
813 1060
765 1104
538 674
1384 1426
183 335
387 745
1401 1439
27 441
1152 1306
1008 1055
276 926
312 614
553 749
115 470
1214 1257
152 399
1219 1335
656 1203
965 1021
1437 1438
882 1046
1190 1230
186 869
210 923
661 786
798 1110
483 968
419 1262
1082 1141
661 1120
502 1331
1045 1046
955 1079
940 978
637 1255
1241 1272
1101 1341
1356 1397
1073 1309
1074 1420
755 864
743 967
1231 1367
970 1005
966 1286
288 631
1353 1373
1234 1242
1145 1233
448 689
1265 1383
1095 1171
330 648
1241 1349
182 807
266 440
415 822
566 1140
930 1418
295 435
748 774
757 1371
1370 1404
914 1347
866 984
275 889
365 1409
1361 1429
1203 1439
144 1100
28 1390
1341 1382
74 1394
1360 1408
604 828
1207 1380
874 921
1282 1428
980 1076
409 1148
1074 1273
778 1386
594 809
418 995
182 344
722 910
554 560
443 496
1134 1275
1431 1439
500 1220
528 1364
1144 1295
1317 1326
957 1404
1373 1429
626 948
454 651
228 602
724 1366
1339 1439
211 717
948 1296
1056 1274
172 582
1392 1420
988 1068
747 831
215 265
1401 1413
994 1260
1322 1369
1097 1435
773 892
1135 1347
1190 1214
232 833
543 1377
479 1236
1271 1330
319 951
1130 1148
1122 1362
905 1098
1280 1331
389 770
405 990
1266 1285
753 1338
85 595
278 748
1086 1115
1037 1324
916 1213
589 1032
260 838
89 208
1178 1343
886 1043
456 846
1009 1227
642 838
535 1354
663 693
723 1316
84 955
496 548
789 1316
596 618
986 1343
975 1272
25 566
193 725
1285 1358
951 1125
741 777
1424 1439
1128 1129
692 1372
369 528
848 1064
627 1017
812 1336
961 1161
706 1178
521 686
1158 1183
415 1286
221 1109
350 618
372 1065
513 602
454 530
522 574
321 1153
218 391
1247 1353
681 1315
690 924
685 1005
726 1153
304 563
621 1161
30 696
771 1225
574 1234
9 255
1305 1306
21 1344
616 1059
756 1313
320 562
839 1312
916 1159
940 1189
479 700
161 736
820 1002
483 910
40 1245
1240 1323
1190 1360
498 1117
887 1348
812 937
1047 1356
1171 1200
881 1120
980 1153
1368 1371
1250 1402
1379 1400
638 1049
29 813
9 1011
712 1161
1173 1264
1006 1388
944 1020
919 1225
132 1346
703 750
1264 1369
1141 1198
231 874
1258 1434
1157 1326
997 1038
1043 1097
351 664
495 957
1070 1325
263 960
16 422
120 440
140 617
31 768
782 1146
800 874
936 1118
1067 1396
180 1034
540 884
135 767
768 1281
1067 1157
77 391
15 1278
1007 1410
610 1169
891 983
755 873
445 1004
995 1235
801 1142
526 927
1361 1375
215 1075
1271 1274
1201 1297
1294 1319
950 1063
185 1232
535 1415
1228 1274
138 1040
1049 1108
1113 1407
865 1238
254 591
760 810
1190 1268
294 1361
342 1194
173 1146
599 848
527 1250
1274 1297
217 1300
901 1261
847 1005
759 1435
1345 1414
37 939
725 896
314 857
664 687
544 1274
125 1008
180 368
721 1380
1390 1422
459 480
699 971
1265 1312
1381 1431
812 1379
1020 1222
1171 1332
1070 1342
538 753
28 99
129 696
384 687
960 1203
184 995
561 681
1179 1408
884 948
1201 1234
474 1413
687 1440
358 776
947 1342
1386 1405
1436 1437
317 1367
191 1078
53 436
693 1201
781 1259
1417 1436
1387 1424
1059 1378
819 1308
1231 1401
93 256
464 1415
796 1335
867 1148
1354 1408
380 416
973 1354
1305 1412
487 546
423 594
111 821
347 422
1284 1381
995 1428
583 1284
1194 1278
1017 1257
1238 1307
439 557
379 626
533 1295
1137 1287
1130 1231
995 1259
854 1324
625 900
44 364
864 1273
256 588
542 776
1056 1369
60 1016
833 864
77 492
875 913
1364 1417
611 1099
871 1427
319 1178
131 626
948 1085
1049 1111
401 572
1167 1375
1312 1333
469 996
57 459
1263 1334
1134 1316
51 180
521 868
1229 1388
1315 1430
304 742
85 243
1342 1352
825 1369
512 909
1092 1118
395 1194
911 1353
1037 1286
893 1095
226 486
873 1141
770 1255
915 1358
1011 1064
1362 1384
429 1219
490 986
539 1311
665 815
1303 1377
1219 1419
260 589
1121 1310
294 660
460 1020
271 576
477 708
813 1376
271 1155
306 979
127 500
776 1286
438 1273
114 691
967 1118
103 139
534 1088
156 978
776 1225
534 1377
797 1208
976 1136
82 1031
1228 1326
323 719
1181 1281
345 868
29 1196
459 826
953 1171
813 1201
1022 1047
149 407
1273 1354
1415 1422
1190 1269
467 1264
1287 1317
415 934
528 1379
448 617
1046 1390
1311 1339
1223 1437
512 1266
1182 1404
613 1385
682 829
435 1034
1361 1431
385 1330
882 1101
302 814
999 1282
771 1013
135 618
1113 1243
1381 1439
717 768
1402 1410
429 745
1135 1363
478 1066
95 1310
959 1097
1318 1332
1138 1293
76 1131
1024 1036
41 963
737 1327
406 915
1377 1430
1175 1176
7 29
988 1400
226 864
1267 1407
216 1178
391 546
1029 1156
1109 1134
139 721
1412 1435
242 843
1118 1328
298 1367
16 115
519 725
869 1219
590 785
129 1044
209 1427
1319 1430
736 1098
513 1057
651 855
1427 1431
581 1317
349 709
337 988
686 1353
781 1026
572 920
120 839
34 1094
841 1148
470 1237
1398 1417
869 1058
573 1010
273 347
443 921
331 1056
934 1157
299 407
313 1261
895 1197
420 1433
570 1173
323 1162
469 768
836 1041
869 1083
2 178
435 1022
86 140
1138 1140
730 862
1436 1440
7 828
525 596
1415 1432
1167 1281
149 1004
609 1304
907 1037
864 1137
761 1000
1285 1386
649 773
1110 1336
1085 1305
536 1363
162 421
1309 1360
18 880
1080 1230
473 1435
1025 1058
1277 1310
491 1436
734 1342
651 1104
994 1210
128 348
1043 1077
1395 1440
192 224
958 1005
307 1262
1178 1265
110 1055
1277 1359
1188 1332
257 376
724 1431
238 566
273 936
1199 1253
1117 1240
886 1155
392 486
114 573
561 1019
1079 1282
777 862
47 644
621 667
655 724
507 1079
1428 1437
510 599
1334 1351
1257 1440
1384 1435
609 946
1242 1414
430 516
774 1122
508 1232
27 110
801 1047
1274 1327
1017 1211
1419 1424
1010 1175
1088 1437
291 1187
530 1160
384 659
348 812
297 1276
393 1255
1426 1439
1103 1147
287 1406
766 1171
1111 1184
205 445
457 700
1071 1365
618 1033
635 1279
1132 1236
296 981
1112 1435
1265 1305
62 1068
1428 1434
312 501
443 875
152 417
441 767
759 1193
430 775
1066 1395
486 1094
173 198
362 1064
163 1124
645 875
298 1298
1403 1417
989 1052
533 984
240 1069
885 1407
1228 1352
807 1193
1436 1439
1348 1439
44 655
539 763
717 1205
1304 1422
286 1056
835 1103
754 1161
160 547
1038 1335
805 987
648 927
751 836
725 1066
203 1011
216 1094
1286 1296
1234 1383
1263 1284
763 962
398 713
1076 1284
943 1264
85 457
475 1099
423 1275
1182 1260
462 466
620 1299
315 1333
400 1137
215 1408
768 1050
276 1278
562 608
316 1368
125 785
1213 1243
601 910
1269 1319
842 1008
406 722
1381 1439
1336 1356
1270 1298
1155 1212
921 1231
54 758
813 1339
620 928
199 401
1211 1298
1035 1308
424 553
1369 1393
21 1077
1352 1379
119 959
1382 1396
339 783
191 310
816 1211
706 1022
449 899
1294 1429
33 1433
1420 1437
302 1003
684 1219
1067 1198
1393 1433
506 594
80 529
500 733
30 376
1045 1316
245 820
1298 1421
536 1095
283 641
573 1099
220 1089
1227 1440
875 1107
187 832
227 733
123 205
475 1093
1383 1403
438 561
462 1330
750 1218
505 845
201 718
186 449
294 844
1044 1090
128 1041
1201 1248
293 598
395 915
623 914
823 1217
1113 1356
1388 1406
571 654
1285 1427
656 1303
239 1033
1190 1229
1317 1319
275 899
130 683
751 1202
968 1128
803 1175
1067 1386
1373 1382
928 1065
742 1079
700 1283
1402 1407
57 942
1200 1430
1032 1235
221 538
358 1272
68 844
447 648
41 421
271 1179
1073 1383
977 1065
726 815
1165 1365
973 1394
1135 1240
1308 1373
92 814
337 1091
928 1129
1434 1438
167 656
359 1036
749 1395
412 1250
459 568
996 1293
1265 1397
933 1058
909 1219
381 495
1204 1395
932 1070
156 976
1137 1199
492 1436
547 834
783 1283
104 1190
1143 1227
1285 1347
815 1126
619 1388
528 1012
1290 1416
979 1117
946 1215
200 1048
819 1244
487 1423
803 1068
699 1003
723 1051
820 1166
292 1210
973 1187
163 709
157 570
1254 1375
1200 1247
588 897
1213 1366
851 1127
875 944
1007 1067
768 1251
1283 1321
601 1421
765 1055
1104 1297
538 558
1229 1380
586 1296
497 675
476 1261
1202 1405
831 1269
653 745
760 987
996 1305
869 1234
824 1075
1175 1240
833 1331
173 672
821 995
106 388
514 631
1225 1426
541 1010
210 1224
1315 1325
412 784
336 1415
584 1277
531 1181
1065 1338
8 318
925 1100
389 1144
1102 1294
852 1021
278 678
885 1434
28 517
600 822
510 970
145 294
524 1200
1268 1282
889 1391
938 1394
494 1176
913 970
1139 1383
314 1420
139 931
2 457
599 1372
560 602
1198 1248
3 664
1087 1108
567 1404
632 1403
1254 1375
176 1120
320 1033
974 1167
339 582
410 615
1050 1235
987 1384
502 843
243 346
1228 1438
679 1128
538 1281
723 1136
673 917
1194 1308
1309 1389
1006 1392
550 998
686 1167
934 1294
1307 1399
1212 1423
140 905
498 1282
1061 1387
672 708
314 1250
1283 1340
834 1265
871 1041
42 976
118 1143
750 1135
376 1011
403 1203
1283 1392
1070 1117
1385 1411
584 996
355 417
1259 1266
1065 1197
816 919
499 528
1133 1241
534 1212
186 732
1134 1307
417 1250
338 906
221 224
372 1155
1291 1397
976 1211
160 873
1165 1256
604 1266
386 805
571 1337
403 488
1128 1178
413 426
662 877
688 1004
965 1335
878 1252
577 1048
328 947
881 1246
713 1397
22 325
946 1058
831 1016
1225 1393
987 1157
974 1298
154 252
1386 1419
643 1340
399 1077
284 911
442 1088
463 1278
1052 1411
958 1427
1305 1414
1226 1263
1196 1308
365 807
976 1378
384 1355
171 229
369 1259
754 1137
1280 1343
586 725
1177 1332
416 1414
1373 1426
87 482
1180 1270
1064 1361
571 826
1299 1336
413 576
644 687
1401 1422
181 836
160 1227
517 1075
1214 1406
260 1019
233 1080
1101 1138
1136 1169
1031 1126
1152 1177
886 1007
485 1038
108 169
823 993
1024 1256
656 983
772 1020
924 1160
1029 1125
1284 1320
856 1117
829 1427
960 1314
715 797
94 415
1397 1425
1381 1403
958 1356
655 670
665 1366
464 1125
92 600
536 1009
866 887
970 1435
528 1272
276 695
85 1432
1293 1369
740 1176
1435 1439
576 1030
1255 1435
1056 1208
923 949
363 912
1163 1191
1327 1420
1427 1431
905 1217
1269 1345
382 991
1265 1423
63 1440
221 766
141 1035
859 1421
426 823
1001 1107
139 341
729 1217
93 115
1353 1438
1040 1307
833 850
44 1401
602 1002
457 637
474 662
260 1283
469 802
1234 1282
178 497
864 1232
16 47
1239 1276
1207 1275
164 1178
218 1239
788 1402
876 1403
594 1011
396 860
681 1302
515 869
73 1090
571 876
1032 1236
1258 1341
1077 1162
793 967
686 777
234 737
889 892
506 1320
699 1346
720 933
1372 1383
1115 1378
205 1281
163 345
503 1129
515 1209
895 909
945 1378
669 1233
89 1108
1093 1241
1102 1231
820 954
1257 1276
1073 1084
403 1349
157 1256
646 748
106 278
20 533
344 797
453 779
436 461
421 1389
239 483
923 1308
480 583
1034 1186
958 1267
1170 1188
393 455
674 917
1127 1140
535 614
293 405
1315 1383
716 823
1230 1280
420 1266
1417 1418
1354 1410
1218 1399
887 1409
769 911
416 1390
1196 1218
344 1036
322 888
1413 1438
1104 1330
622 692
885 1366
1400 1433
485 1210
661 858
779 845
851 1318
1089 1304
381 416
246 606
612 644
1220 1417
1318 1372
458 492
73 733
246 1272
640 791
403 1018
487 1196
154 1404
1336 1430
1424 1430
192 742
824 985
179 1243
1329 1364
1087 1238
601 1410
889 952
746 1316
58 641
578 1105
514 568
570 729
185 1393
1260 1339
737 1117
921 948
1027 1227
556 821
585 1057
644 691
1194 1250
564 948
1153 1285
425 1383
1291 1347
1269 1292
981 1160
277 1015
641 1164
254 816
1037 1063
255 789
745 848
231 1136
1173 1343
579 664
537 993
199 1011
853 1118
556 1118
1062 1197
182 532
272 1413
1139 1403
138 636
248 851
859 1148
353 761
638 1367
249 763
1204 1330
462 776
303 1174
1425 1440
127 697
519 864
832 1306
308 1026
492 1192
872 1135
1298 1430
142 878
863 910
173 209
487 1409
1203 1282
163 215
343 821
61 1190
662 672
1385 1397
262 1197
349 775
802 855
1281 1387
1005 1086
632 1340
624 1395
183 734
1254 1438
149 586
395 650
322 496
540 1383
1423 1440
740 1414
79 342
1395 1401
1077 1372
773 1215
457 1267
611 949
1123 1391
1280 1299
713 1353
29 854
1013 1269
356 617
1369 1389
711 1126
34 958
56 175
266 1231
106 608
1298 1345
952 1025
862 1258
223 1011
622 1328
1110 1416
300 943
1287 1388
1083 1384
1413 1435
990 1049
492 866
1233 1333
1009 1369
172 340
310 469
1225 1391
178 966
551 856
736 1169
1319 1390
463 662
87 991
1346 1369
492 965
36 170
109 788
430 815
685 709
1040 1046
796 1029
643 944
554 1046
133 797
191 1345
15 1224
608 744
470 842
1035 1366
685 867
403 471
1043 1359
185 549
673 800
906 1113
96 1278
644 1011
148 644
1091 1231
653 1013
251 648
67 835
736 910
909 910
727 866
1269 1425
364 754
305 1420
562 780
968 1068
410 438
1268 1384
289 1232
1097 1255
913 1115
475 845
320 818
777 1030
1279 1284
450 542
977 1231
728 1009
437 778
53 571
602 1177
1175 1280
763 770
1070 1098
1236 1395
1409 1437
397 879
860 1009
1379 1411
1361 1375
377 516
64 412
906 1263
595 679
848 1240
450 903
519 996
1321 1421
1094 1382
758 1396
874 931
46 426
231 1295
716 1404
671 985
324 597
1379 1422
1338 1402
181 1141
654 1004
184 1151
1098 1113
663 761
1067 1223
1032 1038
59 993
1008 1196
1322 1353
419 564
738 1327
812 862
1127 1158
202 911
604 1370
189 1140
193 1173
525 1316
741 1300
611 1434
381 1052
1269 1299
64 558
53 78
267 1049
660 723
664 745
591 1147
32 698
1017 1243
789 1350
83 476
1236 1246
652 1268
1432 1439
618 1237
974 1211
1158 1304
873 899
887 1170
160 1279
1354 1393
695 1022
1234 1363
53 712
698 1287
1081 1333
399 422
676 712
678 828
690 922
1365 1429
770 863
252 674
444 1285
576 948
698 1176
419 1239
222 702
604 704
781 1437
665 1348
944 1000
931 1401
1077 1379
17 854
1036 1119
260 1412
1095 1113
1195 1211
133 738
1130 1351
194 1076
865 920
1353 1423
1402 1429
245 473
238 1047
1390 1408
152 722
551 560
461 1045
928 1381
382 719
364 901
482 1297
1281 1303
586 886
1010 1328
1265 1321
536 537
639 1141
1107 1397
162 300
189 1015
43 1166
516 1179
463 763
505 1094
893 1154
439 740
923 1017
223 923
648 1195
312 999
1384 1404
908 1334
1355 1417
867 1180
52 123
966 1421
930 1341
1323 1363
588 1264
910 1162
1164 1255
1231 1365
763 1206
222 1353
1128 1361
1197 1392
536 1283
293 943
1081 1436
1055 1198
736 1084
1071 1148
702 1395
53 1300
1404 1436
363 415
71 709
60 539
682 754
83 792
9 1292
1373 1426
752 821
1020 1140
716 1230
252 1091
887 1392
264 1019
1056 1424
1003 1313
1256 1352
382 1129
174 1264
1162 1219
72 1400
44 146
921 1334
397 422
1219 1236
1350 1352
580 1264
965 1064
300 1062
197 1058
1273 1438
693 862
1235 1325
696 1384
375 1143
1146 1390
685 928
1233 1359
828 1193
113 1006
1263 1268
1401 1423
872 1346
1309 1357
628 1345
1431 1438
287 903
1061 1366
1333 1384
145 1276
967 1193
382 1246
1233 1375
310 413
224 475
976 1373
277 1220
983 1336
67 1175
233 1430
1322 1427
868 1112
224 444
1113 1267
992 1364
1100 1336
595 1248
1330 1407
1311 1357
793 881
124 1172
366 620
663 1342
195 591
495 652
117 220
538 944
701 737
1295 1320
1262 1304
224 1093
218 545
1177 1232
926 1288
19 971
428 641
830 984
719 800
78 769
629 1196
1134 1250
814 1095
1144 1396
308 1030
1273 1322
1169 1204
604 1268
770 1109
420 933
1213 1217
1031 1046
1169 1232
1393 1402
580 1415
1370 1434
1187 1372
1332 1373
1365 1399
589 1296
1117 1162
894 1349
1307 1345
780 1415
867 1198
1347 1369
949 1054
329 1348
747 1218
239 640
1059 1110
575 674
148 638
261 1058
42 1155
1343 1410
581 1054
930 1295
846 946
397 1227
465 1207
329 807
837 1051
673 912
1118 1226
769 1006
181 1057
1387 1439
1337 1379
1326 1423
108 1363
1195 1433
590 998
1275 1417
1097 1127
126 708
1363 1383
1189 1278
1237 1400
511 582
629 1439
634 1418
277 1102
531 1039
259 568
1244 1423
119 526
1311 1409
593 1229
717 1288
1200 1235
236 870
124 325
312 811
970 1188
1347 1350
740 892
966 992
465 1269
357 1400
462 646
671 1105
939 1037
235 1378
1268 1348
848 983
353 1009
552 1255
1170 1315
522 1207
1115 1348
232 632
352 440
888 1087
546 805
337 522
1335 1405
861 1296
529 912
688 1307
115 900
610 1158
944 1187
1063 1197
9 190
1290 1434
1191 1238
1333 1360
904 974
792 972
709 1413
1294 1413
146 625
664 665
461 1401
217 1062
1404 1427
1202 1324
937 1291
563 1439
939 1266
172 645
523 882
622 737
211 619
180 479
1039 1221
256 523
1355 1368
1039 1052
623 1227
555 688
807 1072
168 483
806 872
391 999
1107 1372
1384 1394
903 1418
197 1314
1242 1271
1339 1360
245 773
517 1137
206 508
232 784
271 453
426 585
82 772
574 1246
482 565
1021 1276
1119 1213
623 1016
1070 1099
1301 1428
597 916
942 1440
1345 1438
1438 1440
1128 1272
823 1424
869 954
457 1086
339 1207
386 1072
1132 1325
992 1023
922 1372
313 668
173 570
1307 1438
309 784
882 1398
126 837
632 981
541 1240
122 1333
1230 1367
770 1000
1362 1419
62 236
1334 1347
1278 1430
957 1359
47 137
452 989
569 1338
1318 1344
1047 1408
926 1279
558 745
1030 1291
343 418
1175 1392
550 845
313 1074
1055 1416
151 642
305 1324
230 822
590 898
1360 1422
1264 1292
519 744
49 399
1108 1164
657 925
393 1331
807 1262
247 731
997 1064
60 281
507 1081
150 797
1302 1365
953 1246
1249 1431
1185 1402
1049 1053
748 1185
916 1219
553 1125
811 1078
58 317
320 321
1092 1407
206 557
421 780
684 1140
985 989
110 234
246 1149
742 1366
1332 1369
22 430
679 961
19 1260
336 1209
1413 1429
475 972
8 787
1395 1437
616 1396
1200 1307
518 523
647 994
1237 1270
1313 1370
320 398
237 432
1302 1334
1253 1316
698 1430
810 1423
244 296
80 802
1424 1433
755 862
638 975
1292 1415
952 1199
1262 1409
301 451
511 671
85 1016
124 807
661 771
713 1108
839 937
158 1199
425 725
765 1429
902 1228
23 638
369 977
1005 1188
93 248
222 952
230 1427
774 1355
1048 1149
405 917
810 1111
393 1166
231 1353
624 659
1061 1258
1138 1301
1003 1298
167 701
1175 1405
1265 1322
379 1263
182 830
88 1036
1163 1170
115 1386
1268 1276
797 1035
196 614
896 1083
1250 1417
962 992
928 1145
1323 1437
1110 1199
975 1265
961 1101
1261 1407
781 1177
618 1060
589 973
1328 1344
990 1138
1372 1396
1009 1282
797 1283
414 1119
1372 1413
1411 1419
979 1107
1078 1340
863 940
709 982
1292 1293
194 1348
123 237
256 1134
942 1419
1064 1201
827 1141
851 934
817 826
173 308
1013 1124
29 594
495 1354
285 1096
1162 1337
684 1028
1399 1438
586 618
247 803
1311 1369
263 1429
1090 1379
535 976
1380 1399
138 709
1194 1292
928 1026
556 799
1287 1407
1382 1422
201 707
666 1233
1312 1336
1119 1149
1281 1397
688 1334
469 1292
1179 1298
124 1016
138 1214
103 1366
325 1326
1210 1221
1408 1429
344 1202
82 200
273 898
753 1372
1340 1409
1382 1395
105 1253
61 233
1391 1403
842 1346
795 1309
528 968
1057 1362
1165 1328
244 646
1428 1433
710 1030
270 1383
456 777
256 788
7 238
92 520
1405 1424
501 1190
1276 1338
1297 1347
36 764
42 415
560 886
740 1012
244 758
1173 1356
1315 1363
1073 1273
668 1087
1434 1436
1226 1395
1105 1328
511 1369
576 1189
956 1377
649 1145
931 1020
813 1208
205 967
463 1419
316 416
464 1375
599 1134
1222 1266
1160 1416
1090 1268
791 1166
589 677
12 1164
726 1435
54 1145
996 1340
1037 1306
1330 1410
991 1367
720 1331
1006 1382
279 1342
115 1422
1001 1094
1307 1341
843 1216
1110 1380
40 356
276 937
868 929
648 742
1336 1345
703 998
126 1336
1173 1359
770 1231
519 1156
1357 1358
654 909
573 987
231 1029
1422 1438
1128 1297
1300 1421
907 1011
596 1042
501 973
288 763
417 1120
168 919
1032 1035
637 1438
563 778
358 632
36 1025
256 535
36 854
352 1295
711 856
356 462
1047 1254
1199 1358
1317 1347
1167 1417
735 1053
737 912
498 1343
241 1438
1047 1083
1343 1345
428 924
1364 1406
137 962
1100 1246
862 1258
698 825
815 924
1125 1165
1030 1423
1374 1385
1414 1424
802 1177
855 1399
426 686
304 500
882 1066
1267 1327
1154 1381
634 656
270 944
329 606
740 1421
1037 1239
560 1278
736 1160
1285 1363
1409 1435
751 852
355 816
706 1406
853 1242
1071 1130
304 352
1207 1222
1063 1155
528 566
1335 1414
865 1202
874 1395
24 1176
860 894
320 1239
610 868
1436 1437
102 553
1028 1145
463 691
623 690
1089 1156
740 1033
367 658
1367 1421
790 1084
761 1250
281 1318
464 1331
1123 1425
498 529
190 1094
1414 1438
769 814
1152 1259
1214 1222
1270 1295
54 519
1303 1346
1320 1435
308 1302
401 1011
1376 1419
193 1026
460 904
169 326
1205 1302
239 1344
385 1411
516 741
489 1057
591 622
725 1135
166 1155
1395 1407
361 1404
699 1180
868 1112
35 1319
1107 1229
347 678
486 932
1150 1335
1164 1382
867 1074
974 1141
445 806
547 863
243 1057
907 931
29 33
1272 1323
1039 1144
918 1420
802 1278
475 1283
832 1071
1138 1222
642 834
949 1081
1279 1429
464 869
326 724
1235 1359
553 1337
518 813
590 1409
139 450
321 1232
314 966
614 1145
1164 1245
753 907
1006 1266
1199 1319
57 1173
922 1233
1350 1408
608 917
45 903
1365 1430
934 1367
122 1396
491 880
182 644
331 621
30 1399
1046 1065
99 1167
338 1249
435 1073
28 933
77 1281
1256 1388
805 1282
18 393
743 1021
550 729
1217 1371
516 878
684 1196
1253 1371
1323 1394
448 529
201 795
1010 1250
816 1180
694 1285
1333 1403
398 1038
318 548
229 990
407 842
1046 1330
818 1016
1222 1395
558 850
515 554
729 1062
968 1134
166 434
1212 1253
990 1044
988 1228
265 940
751 1367
1163 1255
1130 1179
1125 1142
498 1113
1212 1363
736 1028
696 1103
1001 1253
774 1297
914 1166
638 1148
104 156
1242 1429
738 980
1347 1380
247 671
1323 1431
1403 1424
389 740
587 1172
303 679
508 1398
1272 1330
1111 1334
33 317
1169 1292
307 913
461 747
1165 1176
252 745
252 916
866 990
1046 1295
183 449
1091 1104
1378 1398
1143 1363
516 1236
1007 1295
624 1383
139 420
1354 1379
142 1008
1261 1419
712 1083
758 914
1328 1392
821 1119
688 712
900 1377
966 1108
67 92
424 541
5 1178
749 1345
1122 1175
107 924
931 1309
1036 1354
876 1151
1179 1216
974 1015
485 1259
504 1007
419 1410
270 852
356 800
509 691
48 1155
1166 1216
1212 1406
678 1366
102 470
734 1077
525 741
339 439
223 925
269 1082
930 1124
858 1109
112 1184
305 1027
718 1086
789 1044
92 307
183 396
735 959
145 837
1213 1302
871 1296
741 1351
38 116
305 935
739 1084
1241 1282
827 1198
728 1305
740 1151
118 530
810 926
565 1206
327 1071
1283 1284
1129 1276
901 991
1349 1428
1118 1323
1296 1318
969 1390
590 1375
1376 1403
1314 1323
596 1422
882 1318
1276 1410
1266 1420
1120 1359
802 1084
573 659
847 1335
1313 1346
1088 1308
1024 1403
410 681
79 1311
208 367
1096 1236
1130 1159
894 1317
283 406
952 1304
837 1159
310 525
351 1276
588 1126
613 1096
802 834
885 1059
155 845
732 996
1321 1333
823 1372
933 1422
345 1018
578 1167
989 1138
972 1195
84 476
672 1342
1409 1435
49 758
1039 1250
445 710
649 1301
1432 1433
593 1402
990 1126
581 1093
820 1247
953 1089
771 1245
1238 1254
435 1022
763 1249
1261 1319
1249 1437
224 971
304 883
1320 1416
622 818
312 822
1101 1345
255 649
296 1299
416 1149
588 757
1128 1256
689 1287
1142 1306
655 741
1129 1326
1219 1300
571 1152
1171 1278
231 1154
8 484
858 1024
182 1137
138 175
1358 1379
758 1392
305 396
900 1351
1058 1087
895 1204
188 1198
217 236
462 813
1087 1377
1435 1437
624 1379
651 869
403 1128
1003 1022
882 1092
1179 1361
1222 1263
845 1291
10 835
365 795
563 986
340 573
880 1231
600 820
965 1088
183 1288
348 1035
874 1200
449 1256
1324 1389
1086 1297
1138 1420
799 1364
1291 1432
1366 1424
942 1102
738 895
430 524
1387 1399
48 1429
1421 1437
119 1394
155 498
1423 1434
1438 1439
274 1129
855 1219
1002 1157
294 842
288 1016
229 283
1355 1407
193 309
832 1115
1045 1216
1131 1439
296 503
711 1226
603 995
116 1225
954 1328
1206 1382
1013 1186
853 1242
1091 1246
36 562
256 398
1424 1438
1332 1429
376 544
945 1380
1125 1370
1069 1198
102 1204
7 1264
48 281
785 1338
806 1027
1189 1210
1160 1179
158 535
904 1357
132 257
198 696
769 1165
309 713
1031 1037
294 1269
596 1199
696 1377
281 1231
405 1134
289 611
457 1202
897 973
426 1231
1276 1381
6 67
1287 1395
185 958
482 515
854 1053
1085 1159
177 297
618 866
1268 1370
264 1080
1058 1276
844 1266
528 1036
66 316
738 1371
1307 1340
169 1440
964 1412
995 1395
726 798
1045 1200
1036 1065
1346 1422
143 1264
730 924
67 1297
1418 1426
1437 1440
911 1193
1125 1148
515 914
1430 1437
564 1386
879 1025
618 690
87 801
1372 1421
1293 1346
231 916
221 840
272 306
677 1042
636 701
232 982
53 1180
516 780
455 620
934 1218
1342 1355
35 606
165 1026
1132 1326
991 1309
414 832
1151 1224
362 1227
279 657
216 1306
1031 1294
96 887
207 615
1329 1389
28 96
60 1268
1320 1325
788 846
1230 1279
785 939
49 1064
22 213
1259 1358
798 1262
831 1068
1179 1413
1320 1384
498 1288
1411 1440
463 1148
560 1114
1022 1170
665 1162
1261 1396
1070 1366
980 1302
793 832
781 1105
1133 1285
467 1316
1024 1101
1120 1408
674 908
965 1322
883 1361
1006 1247
168 668
395 407
1197 1214
1432 1436
946 1018
484 684
132 381
1010 1112
1148 1212
1326 1345
972 1290
816 1030
898 1178
362 541
1141 1154
344 479
636 1356
1267 1422
351 1367
1185 1197
479 531
1122 1374
134 966
198 900
1142 1342
358 787
1432 1438
849 853
1295 1342
1190 1326
1163 1253
921 994
1069 1233
838 1391
945 1056
541 1057
560 1305
369 897
383 1425
813 955
526 1276
809 1169
1407 1425
866 1373
159 733
57 610
128 1027
679 744
224 245
599 703
308 513
780 1085
169 1168
47 141
627 1256
786 843
527 1007
6 765
189 461
317 1165
594 1223
1168 1277
1358 1427
860 946
909 1368
300 857
976 1158
1032 1099
782 872
655 1257
921 1388
766 871
17 1124
328 639
235 1361
833 1414
221 639
80 257
220 1231
1240 1288
372 719
381 757
1380 1415
522 1268
186 873
216 258
253 1297
331 1052
377 588
590 1353
1396 1433
679 1069
854 917
870 1158
1237 1336
548 661
239 358
1438 1439
732 863
679 1422
546 742
1418 1438
1070 1429
926 1306
215 1202
524 1346
924 1059
293 1146
414 882
990 1368
575 870
121 524
74 324
673 821
1370 1392
925 1012
532 732
704 1354
43 855
110 1000
1057 1207
258 437
958 1307
1350 1383
551 657
410 981
169 874
169 330
224 331
1305 1348
752 1197
112 739
201 1425
992 1073
933 938
20 1129
1323 1360
832 1321
490 1328
159 1375
171 221
709 747
134 1358
652 711
1033 1044
1143 1377
458 551
1161 1370
1363 1423
487 1163
717 1296
892 1284
1268 1403
1311 1325
1355 1391
1262 1333
25 1073
363 1241
1389 1409
905 1290
137 961
1367 1393
490 1009
1343 1385
1153 1430
408 1150
80 1078
1042 1296
1178 1215
44 1323
333 337
982 1337
257 1080
1249 1301
1342 1401
998 1432
488 1237
1039 1165
200 375
124 519
1037 1282
217 1370
824 1163
1173 1241
1326 1438
125 889
593 1170
1241 1335
1210 1424
1033 1074
685 1439
1187 1291
693 971
159 1052
552 802
1244 1275
194 1394
92 1199
1347 1424
137 367
967 1034
747 1263
1113 1279
69 1300
425 426
1096 1187
1391 1437
785 1202
44 727
1100 1126
266 1115
918 1087
202 793
1323 1416
309 498
858 1432
1297 1407
44 352
116 776
1356 1385
499 878
645 1301
200 305
1432 1439
245 910
1210 1310
918 1302
198 616
555 565
536 996
581 1277
669 1118
599 1220
1350 1373
255 370
168 1101
1173 1286
436 1014
265 875
743 1119
1095 1269
975 1215
328 1285
937 1401
1088 1304
880 1233
746 1392
419 1416
727 1338
625 651
1349 1406
1137 1417
528 986
952 1067
535 619
1353 1412
1119 1300
358 658
1192 1412
699 881
423 622
19 981
1001 1222
567 987
330 1187
857 1142
245 1054
830 1293
864 1128
501 1149
478 1245
1185 1425
58 642
661 1259
180 282
987 1435
1261 1316
260 1171
373 568
138 1433
1224 1427
628 790
1404 1436
1067 1111
478 1283
1416 1439
1008 1252
150 563
69 796
1403 1411
191 320
877 1166
594 1266
629 717
1135 1317
270 307
1316 1332
529 1082
1223 1419
1065 1119
201 1252
1212 1436
171 423
1099 1118
42 205
1225 1299
989 1376
457 571
31 1008
302 740
1228 1334
600 1402
139 527
1055 1222
570 689
151 1404
842 1050
393 1068
1282 1378
1369 1409
969 1340
1156 1308
30 1185
205 531
484 1193
1394 1432
1355 1428
1041 1151
584 1353
610 1049
257 609
618 749
809 1311
863 1381
924 1168
861 1306
992 1236
740 1258
954 1167
1264 1414
176 1246
1198 1371
795 1048
991 1034
837 1217
35 435
264 1291
830 1372
625 1033
298 701
627 1331
6 571
1322 1372
1426 1438
265 316
51 108
526 763
1124 1410
975 1161
525 1085
1347 1365
752 1335
1334 1357
263 783
771 784
451 1160
8 377
888 1357
1052 1289
718 1041
365 1243
806 1389
964 1283
1197 1210
868 1356
999 1213
1210 1292
1120 1280
1019 1099
201 407
501 726
1132 1149
1151 1190
175 1169
1404 1436
1185 1384
609 1228
390 1209
849 1425
1078 1121
177 1135
186 474
565 1337
797 1039
1073 1124
1088 1390
841 887
299 1234
879 1428
1247 1317
1359 1366
1194 1432
1332 1351
651 692
681 1037
311 591
756 1284
859 993
1439 1440
99 688
1 38
644 815
395 1170
1292 1437
818 1362
488 650
151 1432
858 1096
485 1286
595 1037
919 982
154 849
145 1195
788 1060
380 423
996 998
1271 1283
508 594
561 1435
279 1214
1225 1438
1410 1433
1236 1276
678 1326
1223 1268
397 1173
1417 1437
51 692
389 776
621 958
1041 1151
900 1217
524 642
1425 1433
523 1398
1045 1353
496 501
837 848
231 1283
1217 1434
632 1218
678 870
1432 1439
893 1065
825 1105
641 1382
740 1173
597 1185
788 984
937 1300
1248 1283
1274 1296
484 986
742 1352
966 1349
462 1160
498 950
349 506
932 1290
484 1028
49 1217
688 1237
767 1037
86 128
361 423
708 1131
372 959
693 871
573 1391
131 1428
329 518
1151 1428
500 732
658 984
392 819
141 1387
153 237
1174 1211
1329 1367
264 624
386 970
1312 1382
994 1245
215 580
1222 1345
649 808
1434 1440
1205 1243
1408 1418
1150 1340
669 752
236 1105
537 834
352 1163
1346 1364
647 671
935 1193
404 1253
469 516
638 696
291 768
1212 1431
533 1040
1087 1308
583 1184
1168 1300
954 1228
1373 1416
349 1016
1369 1391
643 905
1118 1248
170 1227
406 771
213 1319
966 1293
151 470
1274 1403
1049 1396
1365 1381
87 569
1145 1204
1077 1289
692 989
1139 1202
8 845
826 1272
966 1210
470 772
1416 1431
268 1121
805 924
715 842
365 1330
328 688
75 607
603 809
530 1265
758 1013
720 917
192 1076
1138 1186
796 996
1320 1389
1375 1410
133 895
1044 1409
601 655
1108 1290
241 565
573 745
1076 1249
392 1398
64 515
2 745
958 1331
813 1393
1199 1218
138 404
663 1333
374 742
765 924
141 320
461 1071
1365 1391
1137 1321
570 682
1186 1363
127 379
448 565
309 524
452 1182
177 1066
41 550
333 1331
8 1302
89 382
268 413
498 1255
10 530
1186 1201
627 1233
485 791
180 291
1156 1285
1119 1333
301 1090
373 910
576 1166
290 374
66 355
764 900
782 930
1034 1169
1054 1095
983 1072
941 1369
786 1087
496 1417
30 949
341 1437
729 844
708 1431
277 937
1261 1302
44 1149
1028 1199
11 987
646 1136
1356 1395
472 1046
83 1149
1373 1436
820 1004
460 1041
1290 1402
682 1196
990 1332
876 1286
1326 1428
872 1263
22 360
647 1010
1029 1178
117 617
647 1270
277 302
869 1149
137 1309
689 1428
529 778
1285 1312
1405 1408
1435 1440
1175 1195
832 1283
721 1078
512 1135
105 829
629 1327
1406 1433
517 535
1076 1363
449 1257
896 966
219 1246
418 749
1147 1417
1281 1360
503 1165
422 972
770 861
713 1343
1145 1269
683 1321
1012 1068
263 858
331 762
1175 1440
885 1394
1250 1259
1262 1299
706 730
673 1050
312 848
820 1278
31 1351
214 1064
920 1080
1068 1145
123 681
77 1231
1097 1373
180 1197
930 1374
427 1131
1054 1439
905 1098
113 1062
1073 1294
39 664
993 1304
1196 1222
918 972
145 509
1242 1248
402 903
675 1369
813 1134
1012 1434
1012 1236
729 1335
859 924
129 793
1276 1359
1145 1186
666 669
1383 1404
799 1399
948 1356
1036 1117
529 536
705 1150
991 1006
774 1169
264 1245
370 999
687 1218
214 922
99 1285
318 891
1397 1416
289 723
1093 1437
547 569
449 1165
1293 1351
21 617
607 1117
785 810
661 1369
441 1192
525 1174
1335 1439
1399 1438
621 1224
957 1188
212 827
1145 1250
662 1196
962 1345
1305 1371
1368 1391
1039 1346
814 889
977 1197
544 964
914 1433
157 705
918 1018
1426 1427
126 992
745 1157
896 952
1319 1337
826 1004
1323 1366
998 1426
30 560
103 111
1293 1349
201 337
812 1164
571 839
1087 1422
439 1172
171 928
646 986
175 1096
941 1260
44 1087
111 647
903 921
1425 1431
1144 1302
746 1021
1256 1342
1160 1256
682 1139
1337 1367
696 831
598 1433
1205 1264
1353 1387
352 1288
1229 1395
818 1370
823 937
897 1411
411 1078
754 1363
617 1142
499 952
883 1419
322 1320
619 1267
17 558
163 166
156 613
1261 1356
1338 1384
859 1410
1237 1241
945 1017
329 643
783 1359
807 1181
4 1104
753 1100
59 85
643 1200
1288 1301
446 790
980 1320
40 1075
1067 1148
1305 1395
929 1410
178 1244
713 1271
1236 1374
1108 1289
855 1133
726 1123
55 1246
278 696
612 1284
1281 1394
1396 1440
456 664
1116 1332
116 922
436 788
1438 1439
1394 1440
484 1342
1091 1305
1012 1413
446 1316
1326 1384
1360 1394
715 1410
440 1165
1344 1412
85 166
1408 1414
1008 1395
228 474
1283 1317
407 899
804 1249
994 1245
785 879
579 1309
462 647
904 1432
82 625
1103 1253
1313 1329
784 1272
1175 1399
39 793
299 783
892 1435
723 1267
876 1184
482 805
228 1205
734 784
714 922
366 1027
1412 1440
391 783
458 937
892 1114
451 752
5 1008
719 1317
1044 1141
817 1084
257 793
813 1210
487 585
393 479
1217 1363
496 581
952 984
257 1114
570 720
1190 1232
333 1226
1239 1399
853 869
1357 1411
906 1352
654 1015
1341 1344
517 963
260 1148
630 816
820 1128
1350 1432
236 675
79 494
972 1402
211 1024
30 1261
357 769
585 1213
1321 1329
861 1221
3 706
169 1130
130 937
1167 1438
889 1275
257 981
506 1247
261 1304
1064 1342
459 1254
308 923
1081 1389
859 955
1164 1261
24 107
551 1219
1190 1400
773 1370
127 1244
98 520
1246 1364
1068 1347
942 1057
320 840
413 1135
1251 1421
367 884
1326 1422
26 667
823 936
1010 1024
540 1189
328 1399
998 1128
1354 1378
636 1094
1275 1434
380 1108
1022 1083
511 1288
1296 1326
863 1188
1326 1399
856 1123
1209 1340
1022 1315
160 293
1311 1375
884 1095
550 1026
1194 1218
525 977
462 1109
1073 1372
763 1435
926 1248
327 1397
768 961
1394 1397
233 735
502 1414
327 1108
15 578
663 1264
678 1309
298 976
1111 1158
52 785
246 534
1086 1362
520 1202
256 806
1326 1330
849 852
1415 1438
1433 1436
944 1292
1257 1356
870 1120
895 1335
605 914
421 482
271 547
160 919
650 1275
468 698
1160 1248
267 961
232 239
378 1019
239 726
1059 1165
993 1205
1236 1322
1022 1028
1056 1398
1176 1280
898 1288
414 838
1051 1140
1237 1424
1421 1429
568 971
662 978
741 1318
316 355
541 1357
1247 1435
836 1216
1265 1437
1021 1313
56 687
1046 1172
919 1065
565 1330
20 1049
1111 1138
637 1425
1067 1283
1127 1277
1187 1298
1304 1440
298 463
1343 1355
1207 1300
572 1351
1313 1372
504 1307
130 1095
227 620
243 1389
727 974
290 1149
140 1343
1416 1429
330 1070
64 788
40 707
122 1167
1025 1339
887 1397
929 1282
694 1153
956 1286
1136 1267
426 1072
306 1357
1436 1440
1314 1389
438 1176
471 559
815 1098
1002 1274
851 1352
960 1219
388 1381
1213 1431
688 712
221 1149
670 1357
1211 1338
1084 1372
556 735
1419 1440
880 1328
1401 1435
718 928
807 967
935 1187
459 682
1010 1077
203 616
872 1410
515 919
595 645
1151 1298
545 635
993 1430
1142 1224
143 1207
1243 1268
135 198
115 796
1112 1272
1424 1427
14 1381
170 1220
1414 1431
1066 1128
1074 1281
506 1149
1162 1315
476 876
152 558
548 1381
201 1310
1054 1280
711 1311
428 1322
473 1290
924 932
543 707
1325 1335
895 926
240 566
430 816
927 1341
1055 1079
7 1356
1284 1308
797 1240
142 936
1272 1388
206 243
1364 1426
203 340
329 470
1207 1297
1288 1333
338 1298
578 855
469 1033
1015 1146
621 1095
150 455
356 590
1110 1379
296 701
743 915
1391 1402
1294 1369
1378 1425
949 1329
542 1249
1329 1379
155 1341
1334 1395
904 1352
734 1121
1233 1436
1210 1352
298 618
421 1139
97 1052
1292 1301
1044 1140
747 1374
370 863
520 1080
513 1271
806 1345
332 548
566 591
1022 1394
30 1427
886 1076
507 857
591 917
689 768
1062 1293
880 1336
597 1166
1207 1394
21 1255
68 1210
760 794
1169 1295
226 1353
939 1315
1165 1372
1367 1382
1094 1127
489 977
822 1338
870 1028
906 1150
604 691
969 1169
1073 1163
780 1017
625 677
353 407
335 353
591 971
1413 1435
1131 1333
1404 1426
92 533
405 1037
1002 1023
1098 1211
853 1125
1175 1325
33 1063
81 437
99 1386
185 462
871 1405
252 1127
1414 1417
970 975
1072 1113
242 897
1206 1393
124 689
1202 1399
999 1309
740 861
968 1212
394 1361
1004 1250
1272 1394
1233 1283
1119 1121
1387 1438
1136 1211
785 1146
1174 1302
609 820
769 1183
450 960
919 1396
1053 1251
1158 1219
1260 1349
1351 1404
1041 1274
760 1000
1273 1431
596 1386
340 853
329 528
168 1420
1117 1174
886 1230
112 985
209 330
213 942
584 812
1275 1289
616 690
14 573
1048 1374
465 785
1022 1047
625 872
707 1340
494 1239
821 1071
775 779
1009 1133
161 989
891 1329
1073 1169
731 960
274 555
136 591
1233 1241
1255 1435
772 1294
441 492
1191 1323
493 714
495 702
534 1302
1151 1238
1101 1394
370 743
490 1049
92 371
1175 1315
285 830
1245 1389
30 418
1410 1422
181 436
1044 1151
689 1369
487 1348
1092 1262
437 1270
494 1096
672 1167
152 509
372 824
253 1170
691 1234
1239 1430
1144 1370
643 761
1076 1240
293 650
705 1319
136 789
300 1250
830 1389
313 866
843 1327
285 401
231 993
732 758
884 1280
680 1028
1171 1221
432 822
1230 1399
697 773
39 1305
439 918
524 568
654 1196
393 686
594 848
406 1209
551 1432
819 1023
459 1354
223 754
1300 1363
78 174
414 1030
577 752
261 280
1155 1270
254 1300
1163 1171
736 1333
275 437
1315 1415
1030 1385
455 862
523 625
627 934
647 1192
875 927
1248 1319
390 1323
1272 1432
705 731
495 1256
489 1136
13 1390
922 1310
215 355
910 1350
124 269
1263 1266
941 999
860 1319
506 930
431 648
739 962
1118 1300
685 1402
378 1223
644 746
552 1078
383 1175
718 1165
201 1000
737 799
201 363
979 1335
678 986
98 152
685 1316
83 1137
1271 1424
1040 1089
1386 1424
9 447
815 1228
4 425
1383 1391
831 1287
1329 1338
802 1001
1430 1432
69 1344
149 1018
16 866
144 1385
904 1190
1356 1395
512 1332
941 1178
190 469
216 479
1373 1394
26 323
1256 1399
734 1369
560 1359
322 472
738 1066
1078 1155
594 745
651 700
1031 1276
962 1395
726 867
1173 1353
1043 1237
1356 1360
35 1320
906 1185
326 1234
1201 1391
459 957
197 651
1271 1414
806 1154
634 1111
175 1211
694 1086
897 907
808 952
904 1435
692 1156
1222 1268
701 1357
1246 1410
150 450
805 1047
351 798
887 1290
1209 1269
983 1214
652 1070
1142 1360
516 1048
890 978
637 1437
787 842
949 1026
1054 1104
861 1171
281 1436
958 1119
799 1072
352 704
383 1073
781 1126
726 1426
1237 1346
1295 1440
792 809
416 693
415 1292
1115 1351
834 906
1099 1373
1320 1354
631 1211
498 1116
1072 1430
1385 1390
195 429
236 710
179 1113
374 478
541 1305
1223 1227
202 1291
341 393
845 1111
1152 1328
379 1264
836 1106
365 1098
878 1229
224 1042
998 1173
1402 1408
134 1094
1182 1289
1021 1366
269 437
607 874
59 949
969 1039
1118 1191
330 1198
643 1154
415 955
874 1214
474 1044
958 1249
390 1006
453 619
619 1161
1086 1302
598 1379
902 1280
137 233
1322 1381
808 1074
659 1261
695 1184
662 849
553 1180
341 648
1110 1325
446 889
324 1103
361 858
661 1418
546 1104
1102 1310
126 674
85 1330
1100 1247
999 1091
1149 1359
1359 1387
469 1434
1253 1287
1178 1420
1382 1424
130 355
962 1261
279 1071
565 1097
1385 1428
779 812
185 1124
89 1306
20 807
1365 1411
596 620
870 1333
1118 1361
637 709
190 771
1136 1320
1011 1268
1012 1438
126 1212
1273 1353
200 1133
797 1438
286 1314
1285 1415
670 1323
4 401
61 1032
1207 1314
334 1346
972 1252
639 1310
1416 1424
1290 1291
278 732
321 405
105 1127
270 1329
1320 1374
289 310
1026 1350
644 1165
1167 1263
779 869
1123 1190
887 1363
482 1419
272 857
992 1170
1052 1416
1311 1384
416 535
374 719
662 1308
268 1011
1405 1420
427 1330
482 1347
385 661
604 1039
316 971
1006 1340
1241 1330
75 1291
734 788
818 1392
666 1352
527 643
227 1163
1061 1253
720 823
83 1181
363 732
436 1012
662 1231
65 315
781 1385
1235 1274
721 1018
397 512
496 758
602 702
703 1015
364 537
1426 1432
383 1424
438 899
1222 1285
637 1075
494 754
1141 1236
324 396
217 874
1049 1344
910 1014
462 1257
964 1214
74 559
1410 1428
500 702
781 920
440 1311
542 1200
604 1176
530 759
79 629
295 1143
630 1186
840 1370
480 518
1110 1267
890 1154
360 1060
68 99
567 1176
1360 1398
885 1409
467 818
1352 1428
795 888
990 1431
38 962
444 901
1302 1327
1218 1293
587 1227
15 507
857 1381
1053 1320
226 900
930 1204
1121 1411
56 915
868 946
489 613
208 546
1384 1409
1110 1113
318 1179
604 1371
914 1282
43 1246
1008 1265
1204 1370
1123 1337
1144 1313
220 297
1138 1310
339 938
1285 1437
1376 1403
826 1261
687 1252
496 525
1151 1164
301 1389
875 992
163 350
1246 1399
974 1182
1320 1372
528 704
153 896
308 899
703 1289
191 674
364 1401
153 1439
1138 1393
1375 1418
1056 1429
205 576
1004 1343
606 1215
327 989
921 1372
355 1115
829 1271
1076 1300
574 1379
641 661
1174 1181
1051 1145
780 1173
450 575
1288 1377
956 1300
889 1325
38 724
638 647
183 1396
213 248
901 1266
101 1097
974 1051
174 542
392 655
68 201
398 665
668 882
449 940
1205 1329
752 858
738 1206
925 1437
360 1031
276 733
114 1439
997 1178
385 1333
1327 1416
25 1107
260 1151
20 713
316 319
738 867
199 769
430 1344
547 1315
1187 1290
175 1278
1237 1395
1268 1322
560 1375
1073 1218
274 281
197 659
1039 1298
854 1122
1024 1111
984 1111
1068 1136
809 1092
47 1005
595 632
384 432
1319 1378
1399 1427
514 1238
974 1312
263 912
250 897
774 1197
1052 1269
875 1426
676 1172
1122 1158
773 900
887 1036
1272 1347
933 1178
988 1068
422 904
1135 1288
725 931
842 1281
154 282
651 1211
778 1397
764 1379
873 1133
1085 1387
597 1077
915 935
841 1217
469 1302
1247 1265
246 479
923 1283
553 1209
12 65
1116 1375
378 681
827 884
540 1351
628 1380
1043 1275
304 1343
420 768
236 903
655 1339
850 1414
576 838
926 1000
540 1044
296 452
1433 1439
849 1121
1069 1073
514 999
381 1355
823 897
16 357
1215 1340
545 1304
635 1215
588 840
1330 1439
412 883
252 598
476 1341
360 592
328 1116
958 1313
1401 1437
89 278
174 670
227 934
1314 1323
20 330
1112 1366
462 887
582 868
808 1001
1256 1413
182 458
1412 1437
661 1371
545 1431
222 454
585 1049
418 1209
510 1251
1211 1394
288 1031
370 1024
213 1334
548 963
67 684
1055 1327
800 1277
916 1308
69 624
966 1334
550 674
257 519
728 1120
965 1164
1047 1368
99 419
75 497
691 1401
673 723
1169 1411
288 510
649 1373
1406 1415
702 955
140 301
1383 1391
689 744
1370 1374
897 1245
1318 1325
107 346
454 953
1383 1434
935 1213
1139 1169
853 1417
1181 1360
178 1170
119 1005
453 528
890 1333
1205 1425
54 1075
1269 1424
504 752
1052 1321
66 890
430 641
646 894
780 1054
123 1256
1224 1257
79 618
996 1327
756 1192
750 841
165 1010
105 1349
636 1358
810 1032
1153 1207
1098 1437
451 1169
135 1322
119 457
1436 1440
60 1046
1243 1340
1416 1423
628 863
930 1001
1184 1284
1009 1320
1308 1309
691 1091
791 1335
806 1354
403 560
199 1436
931 1211
1370 1387
895 912
1380 1417
1103 1359
103 173
1382 1409
217 502
485 940
655 1367
4 209
988 1253
187 699
663 708
1238 1269
122 874
956 1115
1093 1233
547 852
25 74
234 318
1065 1108
1211 1426
1255 1418
1032 1118
478 1091
612 654
1107 1214
776 893
289 678
1241 1296
607 1333
10 706
725 857
256 1193
230 430
801 940
106 1132
1397 1425
1285 1365
312 1161
731 1128
793 1142
733 1183
719 898
1185 1302
1000 1028
884 1283
587 1294
1407 1412
792 1411
557 1055
909 1049
753 965
739 1345
368 919
1323 1381
237 925
327 1359
692 1203
1314 1405
783 1114
864 868
1034 1388
1424 1434
127 1348
1028 1084
734 1389
813 973
652 1312
368 853
521 620
1269 1318
134 757
1022 1105
1130 1154
1342 1381
1167 1220
322 338
122 1133
1214 1276
1025 1034
950 1290
1192 1292
572 1297
619 1141
1056 1237
1225 1358
196 278
684 967
1133 1215
1090 1359
475 1346
758 1303
728 823
734 1323
236 1194
1432 1439
1239 1419
1093 1199
999 1321
915 1183
782 1416
546 1437
1229 1266
614 922
279 938
336 598
962 1052
660 1227
749 917
978 1013
670 1408
1267 1273
247 557
208 582
288 746
1363 1374
780 1201
350 913
1270 1306
939 1231
1063 1101
582 1411
1049 1408
600 822
755 1104
100 666
709 1076
457 710
1157 1187
625 1127
428 773
194 398
1045 1410
1041 1296
490 1358
504 1254
1392 1408
1247 1432
1421 1427
1337 1383
965 1225
60 761
43 1314
567 1239
649 843
813 1220
347 1139
594 666
585 1308
1220 1319
1084 1338
638 900
516 590
33 262
692 1112
325 647
893 1382
1221 1351
1095 1372
1369 1385
577 900
279 398
770 1291
31 236
849 999
856 968
271 395
509 1247
976 1440
323 946
1298 1319
124 819
641 868
328 1071
471 965
254 1163
1166 1250
1133 1159
637 1154
1322 1397
528 941
681 1396
1179 1314
95 1036
917 1290
381 670
90 1008
1021 1438
800 1090
654 685
1095 1147
503 634
907 909
383 543
1047 1336
804 1208
1334 1433
1001 1179
950 1397
1230 1330
867 1308
1313 1371
1395 1439
110 1358
498 881
492 588
524 650
34 420
1159 1397
522 1331
371 833
181 1397
1342 1371
852 966
333 860
828 980
1029 1368
1296 1398
473 486
465 748
662 1347
1197 1374
393 717
791 1341
1158 1286
882 1167
1116 1319
170 1326
258 290
905 1044
917 1089
714 1047
1076 1387
361 1154
1154 1259
308 1236
1400 1417
829 1173
590 1401
857 1110
727 1056
333 550
236 1106
801 1005
927 1066
592 804
923 1136
212 864
656 841
120 1193
36 921
882 998
1329 1399
911 1353
1439 1440
935 1422
1249 1258
1135 1424
1239 1243
565 747
1228 1272
773 1010
500 1130
1029 1435
214 432
1006 1033
1065 1171
555 712
1126 1429
215 1067
603 1361
1313 1316
837 944
966 976
223 505
894 983
1183 1405
496 1117
1272 1371
136 939
666 918
1331 1353
14 521
1253 1356
1136 1322
113 607
282 435
680 1214
484 1359
1356 1412
328 896
998 1390
400 458
258 787
264 552
525 888
215 1372
561 843
78 692
1372 1399
658 1052
215 594
162 166
346 620
283 453
1073 1411
1032 1417
1298 1324
501 595
1359 1378
1254 1344
448 860
1421 1430
179 1296
1394 1424
747 862
156 1082
315 407
4 273
299 1433
387 594
351 999
1375 1376
1092 1359
672 832
895 1380
1233 1369
290 385
944 1214
304 1286
547 1128
775 885
463 1253
1318 1431
151 324
804 1379
806 1266
1147 1214
723 1024
1002 1056
1285 1433
228 826
1274 1424
840 981
46 801
1312 1389
1141 1155
1220 1234
1427 1433
1016 1280
216 763
574 648
163 233
1158 1183
102 835
1003 1066
1390 1416
1382 1432
555 1418
560 1249
442 1253
1371 1407
1195 1341
273 1039
879 1372
1389 1396
47 263
1008 1104
168 1112
923 1420
1268 1425
552 587
246 677
1303 1388
121 632
444 1201
201 472
957 1084
849 1026
233 697
602 1335
976 1008
968 1271
556 1109
1225 1251
616 1092
1290 1389
1392 1411
888 1194
134 306
140 280
801 889
1422 1430
584 954
1338 1364
599 1327
1076 1346
1439 1440
772 852
397 1348
368 436
1416 1428
760 920
894 1274
1375 1391
330 977
957 1224
233 603
802 1130
866 991
332 873
1331 1430
1239 1413
971 1298
1380 1438
371 996
866 1147
327 483
625 865
66 951
733 1350
556 1162
833 855
1352 1427
1384 1435
35 1047
471 490
29 958
503 1311
754 1256
915 1019
42 1141
237 666
94 280
892 998
1022 1263
1382 1388
842 1124
205 1070
1293 1425
1246 1330
819 1016
1197 1285
481 1106
1239 1290
339 1388
789 876
1410 1411
431 464
888 1420
1238 1317
1332 1391
472 586
37 1147
296 1183
1190 1252
25 106
5 1006
345 1113
443 868
863 931
859 969
826 1239
97 1310
401 784
1314 1398
639 857
650 1200
325 1060
288 659
33 1376
1228 1278
1387 1431
1033 1422
241 1397
416 604
343 394
542 1392
66 1300
478 1350
1199 1382
290 741
271 1387
8 567
614 804
702 848
927 1059
380 700
763 1034
738 1169
133 1162
1252 1375
141 249
747 1305
571 917
1197 1359
296 813
1304 1415
387 992
983 1129
1433 1438
1261 1322
116 233
1227 1332
603 1170
539 1261
141 667
945 1146
782 953
821 866
919 1090
1061 1277
957 1050
1160 1277
1148 1275
337 453
789 1164
484 797
749 1179
143 211
177 863
245 1274
631 980
107 773
1388 1400
129 927
1024 1265
126 1306
548 1159
1069 1174
1052 1258
1179 1425
635 827
926 1155
452 963
1343 1354
1142 1431
623 1097
462 885
1116 1143
618 931
538 845
273 859
627 845
244 968
654 843
1410 1418
240 1001
967 1027
1183 1273
1393 1397
1014 1106
1380 1439
1131 1267
1250 1302
437 1147
52 413
735 764
532 710
1021 1278
649 1243
1270 1405
596 1343
1282 1379
752 1431
983 1368
707 965
632 958
16 638
161 710
684 983
317 1114
1259 1318
44 911
763 1099
1093 1154
559 564
344 964
609 1400
202 1127
740 1075
974 1240
443 1403
1156 1323
906 1222
1188 1211
1190 1421
818 1071
1047 1266
68 111
127 1199
1018 1267
365 1390
939 961
702 1165
99 350
371 1177
1058 1417
176 1253
1220 1407
298 355
65 1219
288 1080
80 171
1216 1429
1235 1265
642 1235
164 1107
674 682
228 380
106 560
1420 1428
733 1063
466 999
943 1157
500 762
78 719
416 436
106 595
842 1070
261 636
730 1272
600 1372
803 1131
1099 1333
1083 1439
1217 1388
1224 1288
1 846
595 1327
162 1270
848 918
1238 1386
472 751
631 785
565 1103
569 899
101 681
664 1239
394 479
76 1261
210 1063
164 666
762 1146
230 337
1122 1262
515 906
1023 1288
1138 1345
497 695
918 1389
281 1093
1325 1402
14 913
1271 1358
1304 1347
610 648
568 1431
1161 1393
585 762
239 780
721 1187
752 1158
1367 1416
265 450
1267 1279
970 1132
354 430
1380 1393
1106 1362
606 1368
1413 1414
417 586
1216 1426
1107 1343
298 1132
130 761
628 770
972 1080
1209 1377
518 747
545 637
155 282
1013 1017
91 783
1199 1365
569 1018
431 530
599 1386
478 982
3 287
489 980
508 1225
960 1307
676 1274
927 1202
1062 1184
1285 1372
1337 1358
354 796
354 1411
1036 1159
107 869
1004 1332
1046 1165
647 1331
1069 1380
933 1112
32 400
483 590
488 1174
608 938
430 941
425 470
741 959
1239 1257
968 1381
379 975
1294 1366
560 1011
1023 1293
1245 1392
1089 1368
787 911
600 1203
983 1166
981 1175
37 126
39 1080
620 1079
276 1349
698 733
105 1036
705 798
898 940
455 1420
1255 1349
352 371
812 985
177 857
505 994
490 787
282 1170
653 1080
169 530
779 801
271 932
912 1414
876 981
1156 1224
695 945
206 314
1360 1362
241 474
795 1169
987 1157
1321 1428
1203 1238
196 315
1436 1439
188 822
530 1070
956 1014
822 1266
157 652
37 1386
233 346
96 752
477 647
447 1425
289 1171
722 1416
1096 1250
791 1293
305 1270
513 1331
600 836
316 926
1324 1381
395 724
257 1145
1325 1374
442 1321
433 807
427 1314
1017 1224
970 1196
425 1233
188 1176
311 897
736 840
87 727
497 507
679 949
355 383
985 1433
1371 1440
501 726
487 1359
100 709
927 1062
362 771
194 254
30 1200
1131 1150
1302 1333
125 203
379 725
1336 1408
9 506
652 1163
189 980
1118 1224
487 1316
1011 1113
1312 1353
991 1323
976 1116
1338 1406
119 1176
529 587
94 1222
1020 1277
85 226
737 822
684 1400
1236 1344
493 909
97 225
396 1406
800 1201
483 1259
747 1159
820 1172
805 864
1182 1315
452 1343
466 796
1109 1110
150 455
439 1276
304 551
480 1111
219 1094
128 1321
629 954
656 837
984 1054
300 687
1157 1393
199 758
44 1118
238 1075
84 836
157 942
27 1288
417 1203
1 581
778 801
466 1383
1315 1435
770 1308
78 1224
338 1429
461 1388
561 1323
1067 1314
639 1009
497 569
47 755
920 1134
865 1263
529 901
216 312
279 1248
1379 1436
287 1216
1057 1321
347 396
912 1151
761 1246
1294 1353
920 1368
175 766
45 340
222 750
105 1440
598 1128
550 868
1211 1220
725 876
132 1101
865 893
534 1342
1037 1323
1107 1226
152 401
801 1353
113 325
531 690
433 1423
722 1160
245 346
1304 1418
534 1284
743 1282
1362 1421
660 1280
1287 1385
62 261
1124 1368
660 1162
802 995
9 1008
14 1014
1094 1229
12 300
967 1360
817 1039
1148 1365
966 1070
494 940
1153 1177
312 505
1272 1363
521 734
577 1091
768 1245
594 1031
108 773
107 1054
1025 1084
323 771
184 318
376 774
778 1260
694 957
472 915
572 596
502 906
1258 1355
742 798
1192 1364
44 814
240 1386
892 1406
1304 1335
695 1404
1356 1410
352 1402
456 504
1166 1427
350 702
824 1350
162 1173
866 1189
556 888
1267 1382
41 439
1268 1304
521 750
1364 1369
428 1303
1396 1402
452 896
926 1381
486 809
1074 1268
206 352
839 1244
160 1227
442 882
921 928
324 1269
51 455
406 558
371 1162
1333 1362
67 339
1346 1390
869 873
170 410
809 1085
645 1147
1328 1383
243 1322
1124 1364
1286 1378
1357 1408
236 535
1089 1218
1162 1400
1218 1260
1359 1430
592 1359
1272 1433
1224 1291
362 1258
301 1388
788 1163
578 993
1303 1432
774 910
222 1408
1383 1417
204 388
406 888
1323 1361
87 304
1141 1258
502 623
1222 1311
919 947
1051 1309
1060 1384
802 917
577 852
1165 1188
757 1323
325 1357
73 546
792 811
441 908
782 1030
872 1209
290 373
539 627
1162 1400
1306 1316
1054 1289
1182 1221
564 1308
1097 1148
1305 1347
1388 1420
1316 1409
76 439
10 827
1333 1385
1302 1397
218 1092
726 900
784 1400
899 976
447 1059
584 1335
332 625
485 1352
583 1368
584 1053
113 469
333 438
96 882
181 1215
59 1130
899 1186
407 521
71 1424
102 208
1044 1148
1010 1078
45 1052
1059 1219
508 918
656 1043
899 1106
393 862
485 497
671 939
1371 1410
782 794
909 1110
718 1358
895 1269
21 485
941 1263
410 717
1052 1130
381 515
1293 1387
711 1247
1111 1302
1387 1438
1320 1393
314 1059
482 903
936 960
694 810
164 1338
1436 1439
104 526
458 950
330 486
840 1106
476 696
632 1070
854 940
992 1122
144 1180
732 1194
1239 1326
51 420
1412 1430
1079 1087
1381 1430
754 896
571 1264
1089 1181
645 794
730 839
24 249
392 1190
898 1243
199 729
487 1073
843 1047
996 1410
1137 1408
941 1263
725 1210
413 934
1198 1212
1194 1380
260 703
362 598
754 1143
174 1252
687 1244
142 327
508 535
321 785
101 372
497 901
466 1308
11 870
841 1050
644 1358
1109 1133
860 1317
405 1388
158 1265
1182 1228
1430 1434
1222 1280
1143 1280
1169 1321
475 717
1140 1330
1355 1432
1088 1207
296 1263
1103 1354
1357 1406
1119 1291
422 1103
868 1307
1361 1436
1382 1414
643 1241
263 618
395 1061
343 812
1315 1400
414 474
626 1008
569 829
828 1059
4 78
729 1273
836 1425
189 417
669 1082
548 610
167 701
1128 1367
337 1380
66 1023
271 1266
1419 1423
466 643
801 1077
1127 1315
318 580
747 1317
77 763
1312 1351
829 1279
172 581
411 883
420 625
812 1285
321 897
1091 1414
1235 1401
392 1140
261 605
340 1077
289 591
1269 1319
466 480
941 1226
1032 1298
1203 1254
1081 1160
1039 1201
1323 1362
1358 1379
641 794
365 926
1142 1171
787 1078
909 1262
661 1273
634 1028
632 742
651 1364
1354 1365
915 1122
266 1162
853 1142
92 793
68 1267
1356 1383
981 1149
706 818
527 785
1343 1406
571 1021
118 125
1233 1302
284 1028
915 1003
400 724
744 779
885 1074
1288 1386
1188 1297
312 936
1278 1362
1277 1315
356 830
132 1096
774 1388
8 1435
473 1172
68 559
219 285
264 942
1391 1427
552 1045
119 176
1030 1424
533 725
766 860
107 503
1150 1408
835 1115
1403 1404
733 807
34 740
933 1379
567 764
500 886
1033 1205
272 748
1298 1392
307 1092
1215 1289
927 1245
69 1281
829 847
399 1130
856 908
1042 1098
254 1129
47 614
1181 1286
415 818
1165 1182
981 1021
630 665
81 499
292 1148
55 766
450 1097
244 1106
955 1161
1313 1398
850 1154
453 552
274 519
387 794
1008 1077
1049 1190
21 384
1232 1368
195 885
498 761
1191 1302
245 1011
1015 1257
320 1119
957 1431
1437 1438
1336 1376
542 764
482 1435
223 914
783 1084
1115 1249
494 647
1339 1391
75 658
567 1379
898 1271
352 913
137 1396
1314 1367
751 1103
324 769
931 1099
714 851
402 467
1078 1379
1166 1287
574 1433
420 1254
864 1125
1253 1431
533 856
863 873
1393 1424
178 600
1094 1383
641 853
584 1260
1313 1335
988 991
828 1207
172 1353
1046 1133
1011 1411
1292 1416
701 1331
278 1020
894 1046
604 983
171 1205
1363 1400
1287 1292
131 634
849 1258
1069 1113
1105 1426
1436 1438
1146 1255
937 1417
158 318
981 1370
1129 1240
753 945
809 1007
658 1021
159 197
1109 1264
640 998
319 1215
1270 1427
963 1250
964 1321
486 1220
306 617
117 697
1249 1260
495 1420
948 1415
825 1240
903 1365
676 1276
725 1321
1125 1254
272 964
783 1060
1199 1320
440 1276
1269 1366
1257 1297
641 1261
1163 1175
64 1115
683 827
16 1261
788 993
836 1135
94 557
185 1222
1340 1395
551 1332
1420 1440
410 565
570 725
122 1032
713 804
238 791
1427 1430
120 916
854 1322
114 639
1071 1370
155 1258
635 1133
1115 1295
376 1075
1016 1108
841 1322
1413 1435
406 732
1425 1429
540 718
1277 1341
801 1159
341 1230
1112 1212
784 1328
1314 1343
958 999
709 929
1329 1403
1022 1296
920 1315
425 602
705 1035
963 1168
829 1247
407 466
464 1333
1281 1333
795 887
436 627
253 867
1167 1261
1262 1425
1334 1381
1435 1439
1322 1420
882 1029
1246 1350
1433 1434
206 851
87 429
1420 1429
393 492
207 834
401 802
133 209
1359 1383
1082 1128
730 1407
1313 1347
1364 1393
20 1056
719 730
1274 1308
283 766
162 1320
1283 1396
1073 1304
493 1360
285 535
795 1035
293 894
118 604
183 261
854 993
550 1120
993 1127
593 964
1131 1242
34 307
318 849
536 1369
788 1322
275 1115
680 909
1232 1403
957 1152
663 1039
302 873
933 1083
662 695
690 978
1017 1423
762 1368
178 1135
234 483
459 853
388 583
455 1291
852 947
1025 1105
71 362
168 588
665 1139
686 1049
6 747
1267 1368
500 1302
1267 1311
377 931
1076 1377
1264 1429
5 435
932 1002
1143 1418
1015 1411
1256 1315
1219 1258
1313 1414
376 698
150 1379
127 932
1029 1311
73 870
618 658
723 1431
1279 1315
712 932
1090 1114
1009 1421
203 644
85 615
1247 1406
26 1217
1198 1429
917 1036
551 724
1128 1214
695 722
1235 1366
751 1310
50 868
1387 1434
714 1194
687 814
214 529
576 1157
1180 1286
144 491
705 769
471 693
1032 1054
333 1173
10 433
144 786
694 828
1217 1415
1238 1251
896 994
1122 1272
1160 1423
1047 1244
160 1401
896 1364
482 850
1391 1436
153 1302
614 1007
49 309
1175 1327
1353 1436
1136 1425
1198 1323
262 1162
934 1336
1301 1387
741 1307
10 628
1170 1232
845 1352
1421 1422
371 511
565 1260
958 1171
1361 1404
162 682
168 223
878 1261
82 1195
897 1335
1058 1093
1174 1283
126 1289
296 866
12 127
576 1283
13 33
1087 1223
1281 1296
704 1072
14 1290
115 892
344 1114
303 1392
319 1409
644 1260
761 946
1073 1327
1375 1391
571 717
1359 1391
236 755
161 1379
345 897
315 567
789 1070
1198 1400
1253 1291
812 1316
48 978
1378 1417
1136 1171
845 986
1216 1434
736 1303
489 978
1154 1424
634 1402
95 1107
546 768
133 912
1241 1288
17 517
140 532
760 1069
216 1032
38 730
413 609
1128 1388
1319 1337
1130 1258
612 1099
1123 1226
1104 1380
1226 1259
246 569
263 1356
218 491
1180 1317
594 1072
407 938
319 546
1428 1430
1065 1229
362 1035
1389 1395
1280 1283
1404 1438
443 1197
135 1316
446 626
1094 1251
1363 1426
1237 1251
931 1306
518 1403
467 1127
855 1066
721 727
1052 1207
1122 1316
648 875
783 1101
1142 1388
1421 1432
1366 1386
867 1097
633 1086
205 1400
1254 1303
220 1336
265 684
982 1220
1394 1418
379 1008
112 962
1339 1395
657 1055
131 1092
146 835
160 910
1218 1311
79 891
1187 1289
1233 1392
207 213
657 1028
687 710
624 788
1308 1379
1152 1264
136 853
1051 1080
734 875
1403 1411
773 1234
1034 1309
1296 1402
145 796
24 1330
1149 1206
1417 1422
797 1219
329 1267
980 1082
173 218
1070 1293
1087 1194
811 1130
783 1031
365 1326
323 492
72 772
1380 1426
756 943
358 408
467 1071
1124 1387
851 1093
366 750
1041 1288
722 1178
1005 1204
1018 1313
1333 1386
1397 1439
417 1150
126 214
401 1172
1420 1430
239 913
139 215
580 688
985 1378
921 1041
1166 1242
820 965
1398 1414
699 1374
1152 1217
768 1089
61 139
198 633
748 847
1320 1379
268 1251
909 1422
557 653
231 1048
673 1123
885 1033
812 1088
1038 1239
704 991
70 1227
418 988
455 1144
1288 1371
889 1163
756 1245
1158 1311
429 1193
30 239
1259 1305
1262 1325
1156 1346
805 811
1401 1425
457 587
214 1135
1054 1101
1370 1380
21 1012
394 447
110 1297
766 1429
737 1121
1309 1326
487 893
1151 1422
879 1022
468 1104
577 1204
1116 1213
1398 1409
614 1329
757 1419
1282 1326
581 1259
1290 1387
25 166
861 1226
1396 1403
1415 1421
460 732
118 753
1142 1308
316 803
1386 1432
650 999
690 1192
1138 1195
805 1149
1110 1156
756 1225
883 1324
150 1297
676 1049
1359 1438
1169 1329
721 985
450 967
73 1029
575 721
1437 1439
427 532
1434 1439
1285 1411
637 642
300 1160
1172 1288
1192 1377
1375 1415
300 1348
1374 1428
617 720
812 1417
168 1404
1060 1373
555 1374
375 867
81 577
841 1216
382 1220
1166 1204
33 1116
1350 1393
1160 1344
1300 1348
744 1428
256 1165
555 947
843 1247
750 1325
1117 1391
526 1177
757 1209
316 493
213 245
1395 1424
196 883
912 1302
1220 1231
1281 1319
343 413
1356 1409
708 1369
1294 1360
824 1202
8 1003
758 1073
879 990
948 1025
1001 1302
420 940
786 1376
743 1307
1356 1395
636 764
755 1110
1216 1359
880 1090
804 1019
1280 1370
315 1345
895 1307
348 529
620 977
1348 1403
772 1107
844 1186
12 532
1170 1213
773 1362
931 1179
501 1065
1286 1299
909 1054
1152 1277
651 1086
710 799
268 774
1330 1373
483 1328
611 1137
1133 1284
1316 1432
1063 1218
1101 1368
246 1096
1241 1431
418 1009
1260 1369
589 899
606 1108
260 1206
1438 1440
988 1338
219 883
1033 1440
1028 1231
227 728
1237 1427
810 1074
108 973
1004 1334
34 939
1181 1319
255 675
967 1281
869 980
1413 1438
164 1051
13 1285
331 1427
1325 1390
505 886
16 808
550 624
1040 1053
1257 1398
928 1104
561 644
873 1348
789 953
1406 1425
1373 1421
451 664
1151 1241
608 972
966 1199
687 1342
703 1353
1057 1226
1286 1356
1012 1207
1253 1342
1258 1301
1307 1361
237 715
213 429
171 298
368 1089
1395 1408
323 1275
973 1009
927 1341
3 1140
1372 1412
149 450
301 441
1432 1437
825 1312
625 1267
861 1129
684 689
970 1345
402 1169
522 1240
322 780
215 1151
1311 1396
1354 1358
1225 1258
396 1040
997 1312
1019 1226
1004 1033
1136 1190
1293 1361
153 811
1372 1395
934 1193
1150 1220
1028 1437
198 428
1293 1336
553 753
172 1310
112 593
892 1177
186 483
789 1287
1144 1420
777 1175
312 1333
845 1282
956 1297
715 1333
317 937
295 368
743 825
439 542
659 1219
518 539
14 1312
308 321
650 965
14 665
1044 1237
894 1226
969 1397
1056 1216
1323 1327
1287 1410
602 1271
546 575
320 979
1053 1134
1435 1439
882 1398
670 1427
726 1076
1104 1376
382 1378
243 495
882 1271
182 1267
995 1137
858 1183
1247 1338
1096 1413
1030 1154
287 1060
760 815
211 1434
277 624
822 1351
1388 1395
1117 1427
670 1154
979 1016
1235 1436
901 1358
968 1035
762 938
164 1208
716 1340
366 1125
1203 1425
46 973
1004 1065
22 387
927 1106
1396 1410
447 1031
991 1416
490 846
450 525
582 970
212 1314
287 1149
358 1240
1309 1369
937 939
1312 1414
302 342
118 685
937 1356
270 1425
526 920
1334 1439
1048 1172
392 1024
232 561
765 816
426 954
893 1016
377 1112
1432 1436
1019 1187
472 915
1215 1386
117 1078
350 598
1379 1440
459 1056
876 1324
78 1340
303 794
402 524
340 863
451 1233
984 1402
1190 1430
163 430
490 949
833 1089
824 981
1405 1433
578 1186
604 911
852 1435
102 1390
881 1394
323 965
189 913
873 1308
1277 1345
921 929
1211 1356
934 1275
1211 1245
1389 1424
1290 1381
1273 1375
636 1069
204 1196
751 777
327 666
533 710
1277 1299
1433 1435
681 1033
202 1399
1096 1205
567 643
335 1048
441 961
108 754
837 1284
261 1128
530 703
1224 1422
822 890
384 606
1350 1415
1262 1339
1140 1367
544 679
642 1279
237 479
1235 1429
668 1349
1267 1348
977 1422
213 1358
448 899
340 413
256 759
455 731
257 531
152 886
598 745
1340 1410
1283 1394
1111 1166
1213 1221
760 1101
165 357
96 1184
1080 1278
1062 1329
834 1277
396 448
225 437
1404 1434
127 1055
1241 1355
866 1117
1147 1286
444 1190
86 585
716 1274
1301 1434
1223 1247
497 1428
1383 1426
73 727
753 808
299 716
1226 1296
1436 1438
955 1013
45 1387
973 1002
414 651
471 1261
807 994
411 989
789 1348
43 1060
8 379
944 1205
589 813
976 1036
238 619
713 1213
1157 1334
563 1174
1263 1379
1113 1368
872 960
1226 1230
919 992
429 960
1032 1049
450 607
796 1162
565 754
398 1038
814 1011
1218 1397
763 965
743 1086
768 1056
242 1004
1020 1359
107 1232
1413 1437
1134 1290
1346 1362
384 961
161 1365
1058 1209
498 836
757 1375
223 480
467 1037
689 923
167 1036
794 961
874 1413
1376 1412
540 700
696 703
340 1084
1429 1440
107 750
113 627
1025 1119
319 508
797 1090
1277 1338
222 726
943 1419
571 826
186 1209
1362 1382
586 1268
1276 1351
883 926
702 971
706 835
61 172
1098 1194
113 1316
1432 1438
344 496
1086 1274
253 421
276 322
1122 1142
51 97
526 891
66 994
602 762
375 605
886 1314
582 1152
1133 1285
1295 1437
862 866
668 1234
1276 1409
858 931
123 1112
765 1220
413 439
9 460
1243 1429
642 649
1278 1307
294 467
647 1255
782 916
1174 1215
1121 1165
735 1321
544 1288
239 1108
790 954
50 1147
46 1347
1318 1414
352 1105
1031 1385
615 631
472 1034
407 1374
899 1374
386 889
1435 1440
266 1298
569 1038
834 1080
362 1010
1134 1197
394 539
1101 1422
96 1303
655 977
754 1201
238 576
1085 1187
909 1290
907 1165
418 529
47 198
1145 1265
915 1427
379 1216
102 1225
1180 1336
11 124
1398 1417
705 1372
778 1175
6 24
582 1285
401 436
728 972
1365 1416
617 697
311 509
1029 1165
422 1121
956 1332
298 902
68 959
582 615
895 1312
628 948
363 1429
90 1215
702 1353
906 1085
526 1250
418 808
367 707
228 382
415 1120
1174 1301
567 937
747 1063
653 679
729 869
207 1238
461 1269
1300 1370
933 1099
1056 1299
1068 1437
1115 1143
1364 1399
1402 1410
1141 1337
517 1015
1438 1439
375 719
549 593
672 979
647 1116
1209 1401
24 763
1121 1406
1154 1341
400 916
94 1215
996 1234
866 1389
887 979
965 1298
777 1287
507 853
1418 1421
36 626
1169 1387
168 1096
589 1369
812 1166
1152 1417
464 856
422 542
704 1388
1430 1435
1151 1296
1403 1433
980 1117
502 984
1133 1253
696 942
1403 1432
737 1280
564 1365
957 1098
73 919
36 431
157 615
954 1116
103 196
55 684
490 497
1093 1299
199 394
973 977
357 792
273 443
1321 1376
633 1276
746 888
1350 1436
670 723
1331 1435
509 879
70 230
102 355
1398 1439
1325 1429
245 494
992 1341
776 1288
620 903
481 696
879 966
246 986
1353 1411
534 1180
762 1215
329 1219
197 912
983 1374
943 1100
202 480
448 1313
457 953
173 557
812 1049
5 255
1350 1396
71 416
163 704
336 410
416 1095
1124 1190
1167 1178
815 910
1113 1365
1149 1160
1257 1263
1119 1274
328 722
222 1074
1330 1424
1172 1385
895 1026
193 476
267 830
858 1330
846 850
1258 1358
544 1430
885 950
917 1088
224 607
1168 1289
602 1033
76 125
935 1376
653 1024
702 1035
79 1303
49 1372
223 674
180 1371
761 1209
1373 1387
13 390
294 917
427 1265
803 1120
716 1186
1095 1416
686 1067
470 605
749 853
415 942
1197 1394
693 727
1363 1365
284 572
642 1439
781 1438
634 798
521 709
615 863
1422 1423
827 1346
420 894
677 958
356 956
605 1225
429 593
1325 1406
1021 1078
346 996
1437 1439
620 1280
1404 1416
492 756
380 1213
750 1118
235 1053
620 1027
548 877
983 1198
394 1319
902 1077
483 911
139 575
1382 1400
27 906
822 995
1432 1434
228 760
405 1081
776 1330
390 1077
948 1218
112 623
414 525
1154 1364
503 1036
1047 1389
738 860
1434 1440
116 1131
1426 1433
41 613
683 1258
673 699
260 1219
419 932
555 1317
389 644
223 306
430 629
657 871
120 1215
17 197
258 1204
154 363
78 1367
1195 1363
867 1198
269 577
455 1052
1077 1215
938 1201
546 752
1313 1375
48 619
95 1367
1037 1134
985 1072
654 1145
1207 1300
636 1225
1014 1377
821 962
1181 1189
1129 1179
1428 1435
681 895
1369 1385
329 668
621 1420
952 1100
898 1226
9 219
1323 1340
1197 1422
604 1064
115 204
271 1167
518 878
1219 1262
1100 1116
191 1229
598 1048
1382 1397
214 1397
422 447
1399 1405
1259 1385
548 664
808 1061
961 1076
1308 1407
1245 1357
1149 1375
913 1404
191 594
962 1284
34 53
817 966
1259 1297
1017 1211
836 1004
1255 1294
374 432
339 1259
1385 1404
1069 1436
1006 1126
338 444
574 1197
495 556
889 917
469 1425
826 1228
149 1219
654 977
1338 1419
1061 1388
578 762
860 1404
1223 1338
985 1349
863 1143
1380 1416
1393 1402
671 1350
512 969
751 1363
237 1259
1125 1349
1006 1092
1168 1375
262 323
88 1042
517 698
927 1186
244 267
545 848
415 1438
518 747
850 1256
108 1191
138 232
897 1272
382 397
1374 1401
169 468
465 1126
546 825
1361 1380
286 595
1347 1398
1385 1386
902 1137
1312 1364
687 775
689 1270
1188 1302
842 943
1076 1153
1410 1421
266 872
544 1429
743 750
377 764
404 937
1098 1253
1240 1247
1294 1376
1350 1371
1381 1389
1005 1083
1284 1429
522 919
1382 1413
1212 1270
991 1243
1096 1387
965 1007
1153 1203
1346 1416
155 206
947 1202
196 254
152 967
1246 1353
766 806
878 986
997 1021
1432 1440
1001 1426
349 1199
239 983
915 1040
1271 1395
201 313
1261 1311
415 720
1312 1425
1414 1417
1187 1439
670 943
116 1137
676 741
430 1350
1033 1282
205 1030
1176 1384
269 452
1283 1306
575 1343
596 1430
863 915
559 1437
24 1036
1015 1291
429 633
1096 1261
500 1420
289 359
421 1110
590 618
160 1422
1174 1188
561 859
631 680
1208 1409
651 772
434 1011
351 415
1407 1426
1138 1155
1386 1438
58 761
1234 1303
667 1089
179 648
827 1169
1347 1385
346 1371
504 1266
728 734
1438 1440
1069 1276
435 565
724 896
379 1034
696 1041
37 851
258 567
843 1099
41 1011
1145 1377
769 811
582 779
1371 1381
950 958
655 821
295 1002
501 1142
748 1146
849 872
1045 1388
187 1255
680 754
799 1296
1109 1413
317 443
877 1296
928 1093
737 1028
140 995
497 785
1201 1255
449 925
96 1221
263 565
603 1046
1041 1358
1275 1335
661 1423
1086 1133
849 1369
841 1051
579 601
506 1367
727 1140
684 1284
315 420
696 1385
968 1132
1314 1418
711 757
20 625
994 1244
458 942
324 1094
104 454
1378 1392
1125 1160
1051 1142
1374 1386
481 1155
507 752
317 643
980 1112
721 1066
363 1137
689 1052
34 68
183 1364
1231 1332
905 1116
974 1070
150 971
1194 1336
36 741
1282 1438
109 123
475 818
58 1431
593 676
109 850
648 1118
60 143
1270 1418
889 1421
448 1005
801 1220
1427 1437
1212 1297
608 1321
1077 1176
189 194
1039 1064
676 1146
616 1335
1314 1391
1093 1389
632 1392
935 1190
15 1295
1059 1299
666 754
436 1279
201 683
642 885
487 739
506 1034
416 961
698 1250
163 1079
755 996
160 562
567 1273
152 1022
1146 1190
607 1101
18 1424
52 239
677 1083
1308 1352
25 834
430 808
852 1204
1086 1190
602 638
1202 1255
610 1032
1161 1294
518 940
658 887
571 699
108 280
1116 1310
1265 1360
552 697
529 1040
694 1205
1273 1414
272 1321
718 1042
384 1183
1147 1271
173 633
202 291
785 853
268 904
828 854
1314 1435
1433 1439
639 735
473 1194
242 614
1064 1214
21 581
992 1082
1224 1369
68 488
222 1179
298 528
1220 1430
584 839
220 609
40 1288
1042 1234
881 1006
896 984
1273 1439
269 1412
1297 1407
593 728
3 1176
540 1153
769 883
1053 1290
241 603
137 1401
460 878
120 685
1150 1280
1397 1412
579 974
404 552
1306 1334
1293 1362
910 1277
318 665
212 260
1340 1385
869 987
162 838
336 1246
117 1422
929 1366
399 885
859 884
198 1326
934 1058
445 1317
95 1007
9 174
47 93
746 1380
143 518
990 1211
722 1121
919 1024
1061 1327
294 1019
136 217
213 1237
608 769
117 524
649 1014
30 79
492 591
949 1274
934 1437
130 814
350 575
48 1275
1262 1264
350 491
1 614
490 705
945 963
895 1130
231 1283
751 1403
203 466
288 1119
846 1306
697 1169
911 1026
193 1121
1191 1225
1338 1439
480 1387
1068 1380
488 1283
861 1266
828 1070
1052 1133
429 771
941 1024
1393 1434
1297 1366
1071 1074
1318 1334
67 266
105 337
738 1302
470 1225
136 343
119 157
1125 1367
538 923
719 1184
718 1347
950 1349
209 1368
1183 1231
910 1061
62 736
1374 1375
145 185
788 1433
1188 1255
1356 1424
369 520
107 335
386 648
59 880
435 756
1082 1250
87 541
1081 1125
1365 1411
186 410
602 607
1412 1423
353 1242
375 752
1256 1344
1019 1041
164 628
771 988
53 216
1108 1397
1264 1373
1146 1281
678 1267
772 1035
1266 1349
1421 1433
412 1216
717 932
1338 1397
1055 1246
1127 1252
721 787
587 623
339 672
245 1416
516 952
592 1366
1430 1436
1145 1156
150 213
913 1349
38 401
358 1401
42 139
1284 1293
978 1031
1366 1411
1329 1414
94 769
890 914
148 561
113 734
654 883
663 1181
940 1161
17 1155
243 939
57 592
96 872
1087 1210
422 1075
1386 1420
725 856
182 518
1226 1334
393 661
299 417
137 395
543 729
521 906
148 313
381 1068
297 691
424 582
700 1280
833 1139
1013 1226
125 1185
962 998
803 987
834 1408
245 894
276 766
273 321
237 1016
428 1422
168 1095
519 599
494 1038
968 1122
1215 1389
805 1147
1305 1435
332 1202
1427 1428
1034 1387
82 1348
606 1418
1086 1395
1325 1432
697 1228
1137 1181
177 604
893 1174
306 1361
981 1235
1034 1041
124 326
1211 1354
1157 1420
70 621
952 1422
650 1096
842 1374
1004 1437
851 1346
329 1423
994 1111
716 797
1189 1204
610 910
1140 1390
1255 1426
1358 1408
528 620
995 1274
189 1323
678 1404
201 1334
968 1401
900 1307
992 1348
1238 1332
412 572
1012 1280
978 1136
889 1364
1023 1155
454 833
183 1143
814 1359
1247 1262
1267 1293
1138 1151
413 592
1297 1356
773 1416
1272 1378
407 1334
404 687
1102 1215
493 633
766 910
580 1186
77 299
615 811
884 1132
1128 1130
1352 1401
1096 1402
1229 1384
448 957
1400 1402
1336 1436
1275 1318
100 891
99 193
1207 1264
1282 1309
42 1369
132 712
911 1382
337 740
406 1169
1386 1389
1100 1310
942 1273
1087 1111
906 1269
939 1017
561 1004
250 974
1045 1253
1327 1425
1242 1263
762 1406
974 1433
1086 1148
773 1190
813 1197
1092 1201
1227 1284
872 1233
860 1218
1417 1433
1305 1414
1147 1358
1121 1263
527 749
535 763
32 213
946 1057
878 1425
1177 1256
1264 1295
871 1327
674 1211
1364 1432
358 794
1421 1435
1328 1438
833 1351
610 809
187 1430
879 1238
1273 1406
38 963
729 1112
598 927
266 628
1330 1430
731 1194
1006 1288
251 1102
1035 1292
1402 1426
1014 1077
557 580
163 699
412 576
91 1363
1298 1418
249 1174
1186 1383
1239 1271
1325 1416
1318 1361
57 640
491 992
634 659
1164 1399
804 1034
14 363
453 625
641 723
558 959
994 1039
184 850
457 1029
368 627
404 1037
119 456
1029 1197
826 854
119 779
249 811
958 1122
549 1270
115 360
1192 1372
1218 1323
1188 1424
596 1329
626 1123
1408 1429
11 111
447 494
306 1214
9 1090
119 1029
8 918
1048 1249
1415 1425
872 1156
320 588
830 1027
752 1055
1113 1393
1210 1424
1177 1333
485 722
322 433
461 692
20 1078
201 917
850 1289
1283 1329
626 1300
1034 1388
633 829
1053 1139
497 941
465 542
673 815
189 910
480 659
1123 1276
1131 1205
460 1401
1402 1412
226 403
1199 1230
1013 1224
836 1099
655 731
794 820
534 825
207 993
1252 1429
991 1090
542 847
630 1236
1122 1161
299 1000
196 374
288 616
54 1403
92 733
455 1327
753 974
95 634
549 1356
909 1008
420 726
980 1043
693 792
96 1061
788 1023
235 994
275 324
820 1056
1129 1257
1324 1435
551 1105
124 1239
513 1050
788 912
1425 1440
1265 1406
547 1130
651 1067
348 966
158 1148
69 571
425 742
18 941
409 738
1276 1437
30 570
466 1085
878 1223
641 1286
1412 1421
5 1089
603 752
629 1415
844 1155
114 191
356 1208
89 679
316 1362
480 1079
474 1435
937 1334
424 672
603 1403
1153 1390
901 952
447 968
1231 1344
408 456
665 979
21 668
1191 1235
635 1081
25 490
1248 1374
579 1437
479 985
177 1427
1196 1335
1047 1079
892 917
712 1080
776 876
1364 1368
113 1316
810 1367
1127 1333
168 783
1267 1412
729 786
1223 1395
144 716
549 742
546 945
1371 1435
1280 1301
1290 1309
1192 1294
992 1400
853 1318
42 419
677 930
1081 1255
1073 1133
1043 1159
931 1393
425 740
1418 1425
1036 1226
1013 1358
704 1191
445 611
603 817
1095 1151
185 971
618 670
957 1046
1069 1088
1030 1222
72 196
24 488
150 739
858 965
234 294
251 550
1289 1306
1018 1307
405 634
670 692
741 767
30 233
31 982
55 104
395 1181
686 1055
461 734
947 1284
1279 1282
1363 1418
1333 1378
1405 1428
1256 1339
737 912
655 1343
74 781
565 951
1096 1304
427 790
408 1310
820 1302
1250 1332
612 784
1153 1229
1183 1306
532 1418
595 868
410 642
938 1398
640 1101
1272 1355
33 815
248 1427
448 788
420 832
645 725
58 330
440 791
1220 1257
1177 1316
1250 1436
482 788
1053 1377
793 822
1006 1146
987 1335
1232 1239
313 1388
369 1132
312 767
1071 1183
930 1202
309 1281
151 636
754 795
224 578
49 1032
485 700
1352 1380
134 1242
111 134
503 979
338 1380
909 1399
216 823
120 335
93 1086
338 1339
909 1305
269 1081
608 822
1222 1412
277 1428
1141 1376
793 1246
705 954
896 1026
243 320
999 1049
1085 1203
20 825
1275 1350
316 711
369 817
1106 1236
1324 1414
235 963
1139 1343
1153 1288
1177 1202
1263 1425
63 1022
1059 1423
327 1111
910 1058
665 741
1342 1410
900 1353
235 1255
142 1409
1070 1287
434 494
394 843
1269 1301
163 494
523 1364
861 1026
357 390
358 665
1235 1282
1261 1307
702 1322
1000 1404
945 1440
977 1034
89 634
1226 1317
1326 1394
1108 1284
794 1413
1300 1331
540 1172
438 1115
579 1039
200 946
1042 1106
361 674
753 1127
535 1405
27 811
1421 1426
1057 1192
1046 1129
609 626
384 1277
1019 1082
533 782
1319 1371
657 846
1416 1434
943 1126
428 1102
417 506
1276 1431
1416 1439
927 1340
981 1315
285 434
969 1000
1425 1440
748 1332
1392 1418
111 479
59 1073
77 1286
610 1321
1416 1421
1242 1325
321 880
814 1172
1222 1367
676 1227
163 486
1010 1392
614 1412
1427 1436
1027 1245
1366 1368
315 598
889 1098
447 1159
890 1167
795 1192
1430 1435
1117 1174
540 741
172 224
947 1073
167 823
576 622
1283 1328
494 1266
1080 1354
485 773
1334 1336
1423 1436
1191 1289
723 1222
1253 1358
495 1166
214 872
1044 1385
121 188
1331 1412
723 972
1233 1270
765 1076
569 956
20 1205
985 1379
959 1423
722 1370
499 745
930 1348
1378 1413
1102 1283
1423 1436
851 1101
305 1298
1202 1350
1231 1413
689 1383
671 1241
584 827
429 765
506 1248
165 1366
1234 1405
930 1409
622 1326
1362 1392
1201 1391
316 927
143 704
217 1153
1156 1162
519 1025
1195 1264
1257 1436
249 329
133 1083
373 661
1143 1228
1286 1380
538 980
1223 1410
592 1138
640 1231
1068 1295
91 1021
85 668
285 993
1347 1367
1132 1395
680 1392
179 1299
871 961
659 761
1205 1252
115 660
1341 1380
1262 1338
66 884
66 1069
433 467
1010 1033
1178 1241
1079 1361
901 1104
232 943
1174 1381
1161 1296
587 962
318 904
698 791
659 867
939 1022
94 238
745 1220
755 958
1088 1371
448 811
1182 1302
1041 1180
485 507
1248 1299
1177 1240
821 904
619 1099
1366 1391
297 448
657 883
1161 1299
149 268
961 1250
1206 1281
1420 1421
1154 1358
275 1181
68 535
380 1129
730 856
320 1358
720 1043
381 492
428 653
1201 1365
1370 1401
503 936
1230 1241
75 1230
1224 1297
279 1197
1006 1338
36 575
1361 1395
585 841
1391 1414
773 954
981 1346
394 819
1104 1287
667 757
940 1005
867 1332
962 1199
165 752
779 876
286 1014
1224 1327
1068 1279
161 415
1236 1310
741 1240
894 1125
613 941
745 1345
375 769
925 996
557 697
24 330
27 789
403 1328
1231 1365
366 801
66 689
1379 1409
345 1129
777 815
1345 1426
150 1131
1209 1414
1066 1101
659 969
359 609
694 1402
61 305
776 1056
993 1129
1186 1305
1162 1290
780 1004
1284 1332
948 1099
514 1243
598 1258
766 1157
45 1131
23 1123
799 1323
6 1161
305 627
477 1016
1057 1300
905 1267
1161 1283
827 928
1138 1156
513 579
558 1008
923 1415
462 1271
424 665
76 925
539 1005
872 1413
396 910
897 1175
614 1280
958 1266
899 1100
941 1047
102 928
278 912
250 859
1261 1426
244 353
800 838
302 1270
826 1007
950 1241
1356 1434
392 870
866 1182
322 1138
585 650
557 1164
181 1110
1062 1079
384 1251
766 1186
1035 1319
385 1258
648 883
975 1200
739 1421
766 1288
1056 1177
1010 1074
1015 1037
1273 1366
897 1047
278 1205
1089 1195
490 966
116 864
1060 1300
713 1058
1299 1425
8 566
536 1285
1415 1422
780 1248
388 456
926 1381
976 1331
392 981
1006 1354
135 352
1191 1345
115 335
1124 1413
686 1018
788 1091
1092 1383
29 491
493 548
724 993
898 1313
698 855
435 1229
1363 1388
227 245
4 114
90 286
893 1246
939 1109
1232 1391
490 1327
764 1388
343 1198
297 1321
423 552
444 609
1072 1169
987 998
101 624
1245 1305
1343 1433
1141 1273
234 1407
1341 1425
325 895
1233 1327
177 621
869 1329
519 1396
163 956
1013 1122
1196 1418
1074 1340
193 629
144 478
696 1079
1335 1352
1087 1270
1418 1432
1093 1321
166 439
776 1421
232 247
833 1075
624 633
158 192
80 474
951 1297
191 901
909 1007
370 1326
1421 1423
887 1018
1407 1423
370 1143
312 662
206 386
1157 1222
1424 1433
181 551
960 1316
457 978
1195 1418
1348 1375
536 538
376 1002
242 388
540 1299
154 1272
1176 1435
363 1398
779 1162
150 889
230 1057
1277 1406
348 1336
661 1208
50 1226
8 605
1432 1433
379 574
909 911
1085 1230
738 957
1321 1384
394 759
957 1066
489 749
28 778
9 20
311 530
468 672
283 1184
1271 1404
375 1408
12 86
1389 1433
430 899
570 679
657 1161
1272 1274
585 1104
323 716
107 325
849 945
279 534
798 1131
1060 1165
403 924
833 1081
605 633
1439 1440
810 1345
526 1245
964 1140
1342 1356
394 889
914 1144
406 1388
1328 1434
1407 1439
1319 1384
86 202
121 524
1311 1430
1390 1436
407 1225
1199 1341
1069 1319
131 236
572 1283
486 1115
252 1156
1415 1416
943 1435
686 1292
991 1366
263 813
398 881
1407 1429
1302 1394
1 685
95 1426
451 1083
854 1438
636 949
346 841
828 959
686 1257
191 538
926 1392
123 161
85 814
217 271
886 905
252 836
835 1130
125 336
1116 1333
1120 1263
1395 1422
129 432
160 1100
647 1152
761 1279
1213 1354
1136 1383
734 1112
716 1113
1311 1314
1123 1213
107 946
1001 1383
1408 1418
1435 1438
1027 1353
795 1129
126 1372
198 953
838 1274
22 1381
1061 1196
1116 1430
491 1222
1108 1353
1353 1439
38 1432
666 1320
752 1274
92 903
208 231
979 1355
828 1018
1094 1283
1059 1105
890 1432
81 828
1139 1351
995 1115
1271 1383
286 1185
1034 1095
406 545
717 773
144 1077
737 883
174 371
734 1068
912 1095
729 1023
975 1324
1339 1418
145 618
1025 1175
644 960
124 239
1384 1385
580 1397
572 720
1022 1158
1399 1418
739 1028
909 1034
95 763
142 782
662 774
967 1296
777 1300
1241 1349
415 1322
1150 1262
654 1134
197 395
1048 1131
809 1092
903 1285
116 1217
684 1397
863 1440
740 1352
493 1372
96 1389
510 1281
834 1376
1345 1421
1398 1434
1375 1423
44 999
278 474
1200 1421
682 1406
113 1133
942 1114
1214 1328
259 1021
1288 1406
59 1002
422 591
1037 1088
272 1252
426 1364
270 797
733 1105
295 468
817 1028
500 1150
1332 1390
1201 1266
1239 1390
447 1435
1228 1313
1084 1201
13 922
661 898
864 1205
1347 1396
975 1120
823 1027
917 1047
87 558
1026 1426
1255 1366
369 760
744 1439
448 1324
539 867
95 1251
1391 1436
254 456
826 1338
294 323
325 733
1114 1355
250 1357
993 1153
1148 1254
1159 1320
93 1264
589 1416
977 1103
431 1384
231 637
1073 1292
1256 1296
980 1126
175 853
908 1390
1385 1440
576 750
710 1291
1339 1429
1158 1398
1315 1318
438 777
512 736
870 1151
389 833
766 1334
93 1135
384 698
1402 1431
578 753
1417 1433
1114 1241
653 915
763 1002
281 581
1114 1378
771 1334
814 1347
479 819
1004 1186
1374 1432
182 243
433 652
272 764
1023 1059
930 1160
286 352
854 1319
627 769
347 586
386 1392
1376 1382
281 915
1400 1425
778 805
1145 1230
856 1211
424 504
510 1196
764 767
519 1245
944 1089
1054 1112
1178 1396
442 1253
886 1104
232 737
497 1141
1335 1386
43 241
713 1116
829 1228
110 1004
755 869
288 1000
1054 1137
1309 1397
1215 1266
1140 1248
457 1420
139 651
1132 1322
416 429
524 930
1371 1388
1159 1183
514 847
637 846
297 337
849 861
1096 1386
1383 1427
241 453
798 1028
204 705
181 227
489 576
209 705
1369 1383
262 1423
60 1436
129 805
673 1220
754 1397
131 883
1289 1389
608 949
957 1212
1345 1400
239 1376
1246 1418
972 1069
809 1017
1141 1238
631 1100
461 737
501 1080
1071 1249
699 969
273 938
970 1425
245 731
249 873
786 1301
1393 1404
1106 1109
723 814
235 1217
169 312
874 1105
242 987
857 1267
189 623
511 783
1384 1405
1420 1428
543 721
451 652
1390 1398
303 506
172 730
1287 1342
584 1214
112 1105
144 1093
54 1421
1128 1166
692 966
747 1411
1362 1369
639 859
589 1077
903 906
335 1086
98 239
75 189
1232 1234
1077 1385
664 910
1303 1410
372 1154
549 966
971 1394
336 1416
209 851
629 1349
229 722
7 850
1378 1380
394 866
329 510
361 928
1237 1272
813 935
773 1377
1123 1338
160 447
747 1192
681 1198
1267 1427
154 1272
755 1293
1410 1415
957 1095
593 792
266 1274
1034 1190
15 713
376 963
311 848
1096 1265
1225 1354
1214 1308
369 820
384 388
172 1043
1107 1225
265 594
613 1351
737 797
312 608
656 864
142 1129
1133 1169
1370 1417
307 892
835 1360
1387 1412
715 1335
829 1207
380 760
421 775
405 525
762 1079
433 760
1284 1431
783 1298
1262 1376
1401 1435
1103 1302
309 491
261 1058
142 1300
448 561
1260 1347
588 1158
990 1313
515 1085
1122 1137
897 1354
982 1336
279 447
93 535
602 922
255 1305
17 935
1263 1380
1329 1336
1117 1217
611 1206
901 1359
1233 1312
1321 1360
1223 1368
528 744
1296 1375
1378 1394
146 1417
15 364
988 989
718 1255
825 1288
58 1254
117 888
990 1319
1335 1431
1161 1321
947 1152
1410 1414
576 1374
394 1162
242 1326
448 976
183 1116
360 764
1012 1328
625 861
1370 1413
1266 1319
688 1299
904 1348
1102 1391
808 1135
492 925
532 1329
37 939
466 1136
789 1087
405 793
359 1050
698 1103
924 1088
108 1222
1137 1416
1244 1416
1029 1387
926 1008
237 537
138 888
523 970
1106 1138
1012 1358
175 258
879 1068
1159 1228
617 1077
712 1050
1306 1328
887 967
179 322
1294 1397
428 970
997 1151
624 834
927 1403
869 1342
282 1215
383 925
1056 1350
947 973
673 885
109 622
679 1296
872 1054
452 1362
430 1302
1147 1200
154 786
132 1040
1402 1432
1176 1391
906 963
222 819
433 755
199 1067
577 1026
366 746
1324 1356
982 1108
356 743
546 728
231 537
270 1339
378 1294
39 178
1138 1359
1412 1414
1359 1420
1439 1440
208 964
1243 1425
958 1295
362 602
863 1269
786 811
928 1334
229 738
923 1253
109 658
1422 1428
1386 1401
960 1121
44 900
884 1020
1286 1346
583 776
161 1000
98 216
252 987
974 1429
24 1005
631 1107
495 1365
75 250
970 1151
1120 1345
151 1153
301 959
1311 1376
151 922
25 985
1290 1374
908 1229
52 274
853 1356
623 1428
1128 1412
1335 1373
92 634
863 1418
890 914
1269 1279
1025 1320
505 1372
949 1189
976 1299
257 1285
1374 1415
1246 1321
864 1364
1102 1433
832 914
183 1126
662 1061
1318 1426
1254 1271
914 1057
1310 1427
900 1299
388 1368
313 1287
314 1036
581 1402
396 1034
818 1358
5 118
1324 1396
1001 1351
1251 1337
1052 1126
664 1172
302 1192
901 1315
1247 1400
846 955
1237 1414
224 559
176 1180
214 1141
580 1293
546 1362
67 282
512 1269
1084 1175
491 850
711 1041
284 900
1278 1343
1164 1418
921 1063
179 1281
923 1322
1089 1397
566 1079
668 1165
908 922
386 1220
706 1428
1180 1190
672 774
906 1361
972 1076
546 658
1139 1313
691 1076
829 861
833 1424
257 1415
780 1254
836 1084
775 1154
379 746
1008 1415
1185 1268
629 929
267 1198
229 754
1047 1134
415 959
912 1347
642 735
151 449
1191 1256
657 1060
338 1165
1122 1356
753 799
684 1380
49 489
122 1349
246 840
1066 1413
329 1321
640 1062
640 997
531 1416
759 995
925 1390
399 1156
1023 1047
294 984
906 1318
831 1231
1005 1120
445 1154
188 841
489 1292
42 1306
503 1327
448 473
198 302
736 1402
1266 1426
59 1244
938 973
1178 1392
147 874
920 1056
750 1081
1192 1400
1275 1328
113 234
1010 1247
478 1241
1039 1260
1261 1318
346 417
401 1231
968 1291
30 1298
1265 1362
621 1164
452 489
1088 1142
587 1045
609 646
678 915
868 1297
193 1217
1344 1415
806 1340
87 276
108 1147
539 1178
736 1098
472 1293
1416 1421
669 797
676 1366
1157 1212
649 1399
1149 1247
294 1012
1049 1213
1149 1405
42 1255
958 1410
292 728
126 846
729 1359
37 320
894 1000
211 1019
1259 1321
824 1051
42 1393
1087 1115
203 399
684 1059
1203 1375
159 1013
1212 1352
1218 1348
1193 1259
48 802
1157 1198
827 1366
679 1108
272 1122
1030 1094
1223 1355
220 910
390 728
985 1221
1385 1417
1368 1411
833 969
247 1014
944 1263
1296 1368
202 874
95 730
1127 1312
1097 1205
899 1293
241 281
450 544
673 1332
938 1402
696 967
570 704
132 1003
1418 1424
731 1037
1296 1321
858 1251
893 1143
746 757
393 1431
682 1390
100 614
509 1258
1265 1437
1153 1292
1405 1407
421 1025
592 1420
1396 1435
1014 1077
1220 1405
515 880
381 1202
330 597
373 789
1342 1349
929 1331
991 1040
26 602
687 1144
20 188
1268 1413
61 415
422 1111
328 659
524 819
1187 1212
1244 1439
470 789
111 530
1332 1340
807 1269
220 565
689 691
954 1225
496 901
206 1034
1410 1430
292 571
1433 1435
93 690
798 1315
24 659
280 579
201 1149
715 730
407 1394
1107 1432
878 1318
998 1101
1437 1440
72 1158
1318 1399
693 874
616 1134
136 930
451 1257
587 1251
590 1213
1344 1367
977 978
1026 1434
406 1320
738 781
1294 1356
269 394
775 1319
1232 1417
1263 1313
498 1169
718 1359
1043 1044
805 1192
1397 1402
252 1211
600 1116
725 1103
372 513
465 1203
89 562
274 1370
157 960
627 1237
364 544
1192 1426
790 1200
1174 1381
363 1291
256 501
1103 1434
444 1119
66 442
1051 1229
1274 1288
1385 1386
256 669
1062 1152
906 1085
75 1272
1139 1274
82 1099
411 547
213 483
237 383
91 1281
789 846
792 1394
73 393
606 1250
799 1369
1258 1408
532 774
1229 1416
409 835
946 1268
1039 1042
99 143
1243 1333
445 649
320 724
1194 1382
1006 1240
402 1092
60 301
1316 1397
784 1290
160 203
1010 1390
1067 1115
3 307
860 893
1331 1407
579 813
1142 1201
852 854
19 551
491 838
1073 1323
444 841
586 858
414 1065
505 845
1311 1422
1168 1366
1281 1378
779 1142
1201 1405
814 873
1357 1385
1377 1386
299 1376
369 741
569 741
734 1053
934 1365
234 1146
1040 1183
12 571
1247 1402
1153 1377
47 480
708 1193
526 1066
1393 1436
119 1351
67 706
366 602
1073 1429
1023 1244
938 1240
1327 1333
43 669
1029 1205
1221 1244
207 269
76 348
1028 1363
177 191
1172 1317
888 1373
127 516
906 1040
1292 1401
630 1171
574 973
1372 1412
1001 1176
45 270
886 1315
1371 1419
1054 1056
1309 1402
326 1409
610 1334
1067 1148
1142 1168
1017 1434
1307 1320
153 1045
1129 1399
612 647
1366 1391
423 1422
166 1103
571 892
858 956
280 1114
758 1219
5 1132
1372 1374
1033 1085
1245 1348
928 1402
569 933
660 1277
465 1108
252 582
150 235
129 627
887 1079
676 1436
665 825
140 302
1355 1431
342 633
558 815
295 1219
95 1103
139 786
557 797
566 1055
1008 1198
774 931
961 1052
776 854
612 1190
580 1430
483 620
170 1077
1278 1309
1017 1089
56 1109
260 1279
518 1406
227 803
816 1126
674 1414
900 1309
982 1361
258 1265
49 1073
806 1255
95 96
884 1143
613 1131
724 737
588 1321
120 1251
873 1066
395 645
878 1176
1185 1258
156 558
1058 1405
1285 1397
925 971
1408 1432
1186 1361
826 1339
833 1202
269 337
877 943
259 493
1006 1073
540 1289
420 1425
804 1044
1202 1341
263 1031
128 1106
1364 1392
1042 1077
176 1005
548 820
