X	Y	Brightness
4,452454470006184	1,1363494102724019	0,7752043716637388
4,405248987678593	-0,1415590033494274	0,4873795895956303
4,451387215913312	-0,5729558222491717	0,2720184145247079
4,351922631055691	1,4116131900806819	0,7873257455375207
2,5440348840406513	-0,7299614771949092	0,3673650825588576
4,282248587750262	0,760794713487273	0,37657342075688194
4,117796211506697	0,43758983013857655	0,6138153446443317
-3,349584644988152	0,7041603473992861	0,6710813424467783
4,872268445426547	1,216910009705574	0,9526675140115897
3,7680654805542524	-0,6123001083614752	0,9661540999706021
-6,424560279742127	0,8507649868752791	0,24632734478879537
-4,991163936100026	1,5245353503511532	0,31412525694297955
4,264087631217617	1,9327418048497669	0,6127876400432528
-6,839831376740083	0,5114514488364117	0,7299308072631028
2,8148136465396814	-1,066400746066611	0,8897927314856646
-6,1486644630104195	0,8126013660966481	0,807532572341974
5,288621666895164	0,9830596883448626	0,7047204423111478
-6,611120445738554	-0,11515017301850805	0,2573965297007531
3,2750896269036556	-1,049681705639033	0,1624612373905976
3,899080272615029	2,318859559247631	0,3735131661831931
-5,387705023555935	1,339076528060957	0,36348731913252585
2,124441938860377	-0,586535331627208	0,8798382904838712
2,496923929177319	-0,7948610891047108	0,8900242358702424
4,593572745138557	-0,4679320183258393	0,1978393900615878
-6,4238321037373876	1,6825909751436208	0,9517773215054393
4,280534842756497	2,024853565073009	0,8568796248239
3,052977408562446	-0,8906115796977301	0,034121122838579265
5,153254535335351	1,0892140284466385	0,3156209772371682
4,893474857382943	0,17225558120678408	0,6276675056328064
3,8431018148006926	-0,5571760196607829	0,9120240732688788
2,489789967915038	-0,19772061524475548	0,5208540087835235
3,7986065111505796	0,2595573629735557	0,34905693091741485
-7,098436375265297	0,09387445005838835	0,7628165949201005
1,9667337869345758	-0,24564490307953823	0,0046737484772134685
1,831561848322574	-0,6954460909165578	0,709212037670228
4,937885811607037	0,6945488169927945	0,5637874802501707
4,486393982151325	1,2255711766616166	0,18722047498235495
3,0538500284890477	-0,08581157808161777	0,15002716056853427
4,985556151580502	2,305101061327916	0,04586154972562295
-4,306861863046782	1,648302757264135	0,12690829370655976
5,012068723313551	0,7202285811299995	0,30801745481071996
5,028708248805241	1,9499508339898126	0,7252568494536503
-6,946690830000061	-0,4024914559769337	0,831138754323092
4,052200655812687	-0,12729411634735288	0,14412595118154015
3,612578657180466	-0,35809699615330226	0,13361752118903303
4,4059977549471085	0,0679823989406727	0,09149086017593555
5,256045648734882	2,358519855419154	0,5252491565780564
5,153877305902525	1,3763846520339467	0,027206278341420864
-3,3553945172810415	2,0043343996043066	0,09605442724307256
4,873126877092817	1,2534782075325919	0,29179418357457787
-4,65538278855717	2,011138559448484	0,043820489624798675
2,3770017472035105	0,1500080985663399	0,4594674033477991
3,5699156582780622	-0,6091785854525	0,8147917278522749
2,9557799531058664	-0,5442511945959143	0,8169509098561968
5,339941813854909	2,138396575701758	0,2202274004860617
4,478640763288162	-0,7005736732740693	0,6753019403064844
4,501804781190564	1,9133751613350825	0,34904201204687557
5,329087754049992	0,40011363690722357	0,8185457997026475
2,5932153777899427	-0,035905378494013096	0,6987855490455916
-3,072160729811917	1,5181222386557582	0,18442844230755717
3,923345870897844	0,17687438687885138	0,714456508954222
2,4943619671421007	-0,35911134274895007	0,5267416138946961
4,261550993557854	2,4466794064080837	0,018360653605719812
-6,411542794893194	0,5403952022709976	0,07179548403215752
5,375589898000948	1,994920212969859	0,26557734520077425
4,831852678702564	0,023589012005550636	0,2204481968524229
4,901154222924715	0,805652923373021	0,3905111863526959
-3,424805249830583	1,2118777210060427	0,43430609893164795
4,202831706032499	2,2788167287578314	0,714455312461674
2,6075384566840967	-0,1514812298881325	0,29139265719568164
4,6465817964553935	1,026071910719438	0,10251725136161571
4,610982248843035	1,5059792563450103	0,7903464103522754
4,744422518508687	2,463638068052922	0,5395522002226638
-4,020623461474395	2,2102491326759717	0,488457878795173
5,180050596875063	1,551685647560175	0,09422615788293831
4,543264358366077	2,2583319639296335	0,7588215942737182
2,1138509593992647	-0,04484171153457006	0,4245638223478092
5,24892365370742	1,4213881433329356	0,22513874054523597
-3,4516377621193253	1,096417315991478	0,6355131119858758
3,4188034755189642	0,005191112900724271	0,6305352861332476
4,493317189162337	2,5331427328058553	0,4393567972161694
-6,389956175646007	1,9273441042738289	0,26777847798659005
2,7100706305932554	-0,9164002276014527	0,7335849103658256
4,482657594762729	1,2013246285584054	0,4664946217737781
-6,10793587295718	1,477483585184416	0,2732828219834923
-6,2810009446263795	1,34949603926627	0,7118640152510385
-5,534361415645066	1,3528769054534355	0,25106205447857965
4,350612548568702	1,4912268223880267	0,9079692326060906
4,381113378829344	0,5000771129456133	0,6760925171315644
1,9903802085702442	-0,661394208677561	0,9621073027217248
5,4218167182958	0,9844666078798551	0,8356732590444895
4,766886768410079	0,7546147107080875	0,0291544496278221
4,018618414325332	-0,6666270886167787	0,862825189104302
4,270496860324364	0,14576261026625725	0,05938065879119425
5,160300520076744	2,5153519682109087	0,8489699335797277
3,5577514699164126	-0,8554212451347971	0,3860951422159363
4,547444405264576	1,4323943616968866	0,20822861299690465
3,391668092918907	-0,9493270780464589	0,04520142892316659
4,504976571835986	0,8700380072763895	0,18400404646858737
4,409369618429684	2,073171706925211	0,8187917494014384
4,051445754478554	0,4120554958982424	0,9408647866516537
-6,675732646660256	0,36015534806505534	0,7206692671598018
2,822117899681945	-0,355946118786846	0,9156144928942196
2,197766692231604	-0,21559184561792932	0,49993378442257386
5,3085498989113615	0,8712254246836622	0,0851052729445787
-6,206971592446159	0,20931179424506685	0,5235355496397907
-5,53541811352545	1,9544042602849674	0,8585087500868113
4,065977579751349	0,2124502233670602	0,7184192035716864
4,625064550225318	1,3965369914230288	0,7810193076901653
4,727078975596569	-0,5035033724184621	0,2646290021761205
4,6772671286230025	0,5292833130630388	0,36146991726740785
-5,502678235917782	1,5105749006591678	0,11663924084645072
4,595441717963261	2,8374172458852094	0,6605496316704321
5,257620832339311	1,357122487457845	0,44715271744490603
4,0374567083230275	2,2682945987692182	0,1494519616694484
-4,3807020687522185	1,9261680123323264	0,03884672365381281
4,226615602604753	0,4065991626334543	0,7448038583479082
4,571431992569988	1,4983835148560183	0,6014908321923688
3,7172186815115476	-0,5483423070513926	0,6022241798748315
3,313771082531766	-0,03508881898783489	0,9476904293347576
3,2862502009137313	-0,31520177109472414	0,1638392464293772
4,5308457747931	1,6417097340092857	0,03141439483443831
4,0299694729074895	-0,023561291926740058	0,9184136046785119
2,787951712223856	-0,7789854524992044	0,5011535841560011
4,45473300143119	2,9973487607139395	0,10953851801779824
-7,018951499546352	0,21610858398175092	0,14275645913068413
4,595213931947851	0,669232806669857	0,524002800768058
4,332927632391979	0,6965963561495396	0,6712698914644775
-5,905030816506331	1,7344642205588483	0,10234425920562695
4,925935911129089	2,9161953041483875	0,313576584078741
4,006298324041955	-0,9961455095309457	0,16563473172094045
4,565962370162282	2,279764341021071	0,9663763913004051
2,3199315931531204	-0,3602961557527198	0,04080699259270926
4,175264519149967	0,004437343070845756	0,9637103231676992
-4,41956797994293	1,608872407624803	0,4366544262264561
2,831716892005746	-0,14840293418904915	0,3053441375716369
5,173689491504135	0,28226945448265406	0,9798338307028972
3,0050710165571273	-0,25964975849612415	0,6778092820597736
2,447474114679973	0,20642824943539995	0,8972765232897946
4,4511892630034176	0,26743418823764364	0,1877380229696668
-5,031665447381428	2,101036650682973	0,573803403002543
-5,573512419118253	2,469225080917298	0,4154878672411173
-3,817713812174737	2,1469718257453962	0,1476549233532004
2,0303008815742007	-0,19578692148786092	0,683696304784937
-6,2165564856168505	1,9982499111904768	0,37771953181964624
-6,398781752260492	0,7743162817256299	0,26243229013808245
5,473622288369096	0,5880382910852185	0,0315874184193039
3,8164307799924866	-0,3801705495130867	0,04464647960369017
3,675307953604911	-1,0698596976994903	0,8788463409119319
4,6065238728193325	1,4934509898862958	0,7630985751931497
4,644003136531596	1,0664577993706046	0,1970882002176152
2,948831409419294	-0,038813345300710456	0,2884569122354753
-5,715501704973514	1,887298756952789	0,23247749626659187
3,751635970899444	-0,8892986755365926	0,1753168089416789
-3,4422585066937854	1,0204810726012243	0,4609668616129905
3,3224960716848835	-0,45471392161063684	0,22786261353707116
-6,727001111613225	0,010842557331416147	0,0033602618592774025
4,2216921811786685	-0,5543431445352553	0,27125153205295005
4,691899693724013	0,36740712717720003	0,4153339582329828
4,355810995864747	1,661162526118684	0,03876529245029403
3,211655060529405	-1,17099683168286	0,053944180657275353
4,741354086411582	2,7248655184689143	0,8980517790123267
4,511753201387782	2,9377998833221834	0,5609895745097807
4,32864186481814	0,6680854619277503	0,14840321095666065
4,576931011643615	0,42498163168889347	0,3459716232072493
4,361289570901481	0,3584104944940322	0,25154601102013585
-5,9135680171517535	1,399369292867033	0,5315184814038392
-2,9318454154919023	1,4439615590730865	0,9494514811362456
4,99962648867451	0,8967369274240575	0,9604114349763135
3,3770976673235964	-0,3953279583247258	0,16279016763302245
5,017042632374864	1,4359028414175543	0,8099126078335059
4,094527385381882	-0,9124405284595394	0,9407302112563626
5,195966086516485	0,7352026906561104	0,040174928227949214
-5,861864113769091	2,4227003365329773	0,8922677021994149
4,518329295546687	1,917026816193727	0,3841257047183091
4,9639931399038435	2,0889180752980154	0,9507092654471234
4,915972694480825	2,099915597646226	0,8307598123070983
-5,958900785541631	2,303033991573767	0,33363099604629665
2,12744153662095	-0,7074828297179834	0,4232725638700465
2,4840929378102743	-0,2913982479001529	0,2695459931076465
2,4964861080787473	-0,028362664789122638	0,507849580691406
3,983222140956696	-0,6656231550852674	0,3506434104982423
2,5773571519700518	-1,0540627471181776	0,6147841366945641
3,922424295932971	2,2695166190080176	0,15656586159237973
3,3285920461124734	-0,31588444394549264	0,5524282245967905
2,5788171239917306	-0,5137523819462144	0,93908503578702
-5,763263912935072	1,0970568627771375	0,6268153579109406
4,569313435915677	1,7039089295281709	0,1707841384875891
-5,3872571663250985	2,3709904485546094	0,5893591900165948
5,042874920219042	2,0427494933214283	0,37558083473464776
3,468970478828371	-0,08370532313708612	0,2766320830288298
2,8587862663035244	-0,5871901239937771	0,8802562490657224
-6,0582383789438605	0,546403893783536	0,06632353661461554
4,624859455182806	2,8110565765323603	0,14774865928819836
2,1358084274612583	-0,5701845574106374	0,7818813405919228
3,9462818558749584	0,3586031401473274	0,8518339230982379
3,540009218070029	-1,0609659290867164	0,6665574071174649
-7,037843065746941	-0,161281440592072	0,734465980320266
1,8480509397236355	-0,6750926094321752	0,4707791892263151
2,071597688142637	-0,10435655970114555	0,7302513858717545
3,006075633937005	-0,7289608820390319	0,4360060683914484
-5,542499397558197	1,4814384324653753	0,4936687719696924
4,5445101297296615	2,3295588479981535	0,5617084776192304
5,113228700639062	2,5060207098783502	0,925580599320014
-5,782336511968858	1,363384366873644	0,15242445000579374
2,7759563709612705	-0,3903036170024605	0,4063905262054929
-3,8618874961349325	1,9075506454756606	0,30712144944826203
-3,452557660537096	0,9453674887577697	0,41940612681613054
2,6919943934576156	0,0769316381207985	0,30867322877234515
-3,5675693435876115	0,9993332067804909	0,5851049610381368
-3,9892760034035746	1,6047025671243715	0,7902559964357565
4,551500513636899	0,21802934333105406	0,09601724643245368
3,135542550608336	-0,9011962809184921	0,06583405366561168
-6,038740309966801	1,212215044047969	0,8611008511942244
2,5533854415016517	-0,5424737004800861	0,0057768681368853825
-3,7929891819887307	1,218347570818716	0,4825556206195538
5,372259321979672	0,42606440016991975	0,11266299883852915
3,983444489647473	0,3754011826138721	0,3611467521219681
-6,285414878541257	0,85334809118221	0,336367692565692
4,958659202425683	1,1182632922346807	0,3715496741418003
4,599366050823954	1,7548936813699587	0,8058988508691297
2,0083345076057	-0,8488238089080906	0,7416660173995032
-2,7030109507789857	1,4877201979677386	0,388882072431633
2,5367479289380768	0,13996989931587156	0,7310334039805395
4,732164382754865	0,42662973926380754	0,33822415976121556
-2,78928863266872	1,0843942614198798	0,6568229916454954
-3,163960597549433	1,0942849288107133	0,978501007334726
3,54139917619087	0,030433951205457	0,30389197137375534
4,648801715084113	1,9651431164427722	0,7774329950674169
4,846515863994015	0,9276224838740269	0,5594665998760234
4,578943631667079	0,8909078118855809	0,44135624867709256
-2,858103300119635	1,4847519065141053	0,7001141112220516
-3,3018094296265774	0,8448942484066755	0,10720050275744475
-6,668593362787968	0,40325505975793574	0,4764973827406048
5,214638676631684	0,0020907375315581955	0,6143830479618784
2,9030170312560215	-0,6148022006223068	0,4196172446885804
4,684931465785615	0,30973329335792754	0,06107689275342776
2,3829677913232805	-0,1695815661400164	0,3382866826767681
2,7930195613991096	-1,1258594166886557	0,542120202291678
2,663495314081656	-0,35958827437476093	0,010182302609257454
3,1722184867962997	-0,19342431423350526	0,9534967123488494
4,971641782727609	1,6592961924800111	0,14433653699094184
-3,4816140386794214	2,2741371646084048	0,12002828851488156
3,0735201446776186	-0,3939808163047447	0,00298439613952306
5,50362833214171	1,8410458595313053	0,08727186242270402
3,7126599609386948	0,0017154056629538061	0,007036947374742253
4,460845746175634	2,694727596745955	0,8244822439588515
4,549695830223974	-0,3630965900635108	0,536932924691766
3,3909287171533693	-0,07747600357648299	0,4476393765119171
3,6653145590868754	0,16119121324763563	0,6300888314630393
4,432698466782007	2,5806896461121225	0,2810962197152649
4,588407148902232	-0,46872765286551976	0,9335537933943788
4,724485464676522	2,4827596614827825	0,5127008061202462
-6,556002824560771	0,8283640922106266	0,5886054715262385
4,424621817009648	0,563713942344638	0,16749690762160596
4,870424482633146	0,42822933312872946	0,10384995016362164
1,996119209871422	-0,6127570772294211	0,11611157895356106
-5,8704405081731785	1,1957833812358523	0,41830568580663363
5,390740375534758	0,5345963483166767	0,17464534729117864
-3,6793122547879356	1,2583627212637187	0,8636679467824357
4,696328538815339	-0,5088729954827007	0,9690973512871179
-3,777947365471266	2,050800185514195	0,2947450588853232
4,6247341682685965	-0,5541129683072823	0,7460563536126159
3,766863596661037	-0,1601007472343965	0,3589557854107883
3,7087585191637062	-0,4530673588212508	0,8299549012403056
4,889989490452461	1,9209103349041257	0,9573312131915315
2,3197296719813663	-0,7142280567996027	0,7858297425180227
4,6645249616253235	-0,5140073480737981	0,3349469106343438
4,345490043477622	0,2826743981630415	0,5036755411498951
5,132233858911375	1,8903714090943924	0,2917190432353408
3,2531241417109635	-0,5410251689894361	0,7292735203900136
-7,06274809715099	0,0990239583452438	0,37056417770100625
3,9101161831760702	0,1490107579750488	0,9643060482763022
-3,6800471485440327	1,225014213319359	0,22195446771342542
5,489703731217874	1,757331348160437	0,5645675111898852
2,9375851584199784	-0,22424570896292217	0,9080537957190781
4,511735563114488	0,9527978609288732	0,8625105855334839
-6,29311562633691	1,8038110665615161	0,2619440393402537
2,5763053341742683	-0,8586247748563895	0,0005754209680459699
-6,275248902008521	0,6169769074423017	0,6498531516178212
-6,3217676145867205	1,6179860294671233	0,1000990931477923
4,484438002218529	1,7416777902614293	0,10881618019731787
-5,0039669850846815	2,680126118957855	0,8822290787593638
4,6460837239020725	1,1153948152721118	0,20864357803172606
-4,4777685120454285	2,3720661165879524	0,7274445672924986
4,82259418417253	-0,07902935988356896	0,1942576240846533
4,44050826091834	1,5336425667733273	0,6598287134302557
-4,845944687394941	1,4878023228044592	0,388679541652185
4,686771214940312	1,382371663375686	0,9185111754056878
4,905484237402854	1,599903903350326	0,0072379192254221625
4,212189921236176	2,6197355440050707	0,16197471253264262
-4,09490763005133	1,3733848261859172	0,5914638791259909
-7,256889834111041	0,5099457378469855	0,78030673183187
3,6389613599526576	-0,5067814854547033	0,417680799362824
4,744248980203498	3,024236101492173	0,77600215316055
-6,038000716641648	1,2806551469320009	0,6625621729098498
2,934351464522641	-0,4299351324332221	0,46790518382104973
3,6902435264980604	-0,7443796995685314	0,19932203734424658
4,827754095812271	0,5093039066817628	0,9031113082190481
5,48864325837925	0,9631227376218775	0,04117963657415613
3,999454912631462	-0,23080890720859681	0,8863732755832091
4,376895686952735	0,21678661153706136	0,8878371640902927
5,227796545530091	2,014762289596571	0,7230480358882261
4,728768923961097	2,85564737399179	0,45412442861406654
2,875828656244444	-0,280724873999163	0,8837044131687826
3,4190735907213505	-0,9091057923734418	0,24724898364262715
4,660698955545874	1,564940404976165	0,1881079272255214
-3,569127519349698	1,5222465375010779	0,760231305201711
5,058588265815759	2,3954004586736506	0,5194101718198951
4,229693163531538	0,4837732514591545	0,3221325078099381
-4,287945737925902	1,736026352556732	0,0774856709585432
4,403481435654842	2,911685171613404	0,971787038344139
2,1379115549777503	-0,5810892598686033	0,8445862909076972
2,9614602497520606	-0,3150939858244679	0,5622890252854836
4,4295984390332155	2,632191222434918	0,5778797446392646
1,9579937242036556	-0,8801618064220307	0,15801601608934057
4,788991212316036	2,7024353376164303	0,26149277923629943
-3,597251243552584	2,0043851270772612	0,24253470051676973
3,083579556129934	0,05228064360703377	0,19428606319824682
3,4449943851809195	-0,8084869730312332	0,12900289655106756
2,0466597895214718	-0,1441726582763141	0,1855727302234319
2,821284775404827	-0,01907255849288414	0,12754559275950417
-6,262742682933707	0,7355504695718118	0,5773868820041265
5,2562873618081	2,492701990632562	0,3050638764613789
4,46363397496968	2,5754684431284947	0,07512956059946962
-6,4886806454074435	0,44429965813449496	0,7801908192463834
-4,321906225865756	2,584276471441582	0,4726999664170545
2,8204161378397434	-0,9962211413298654	0,3318004334923613
4,656609462717986	1,2758058788043236	0,2240827874575816
-5,218870352558332	1,7784538576163438	0,4105830460138794
-5,921414294557283	1,375658410235431	0,6358715945797219
4,324313498468536	2,71568190983068	0,6661645639222075
3,9772745231105677	2,3058553137417084	0,46255425204712797
4,634118706011173	-0,42626488581049404	0,9025137646667134
4,547460856333277	0,6635272507447032	0,3364070389113064
4,1370561269810135	0,42051740782472535	0,5109924301995936
5,265162554749708	0,8708784524346528	0,3868015257131633
-4,884613384365921	2,1829180553835403	0,6817913773564436
4,364150293639894	1,637146962017186	0,1332866369668182
5,051704454990476	2,130298865658373	0,3266404937294114
-3,4611866122385972	1,2188112078984732	0,8481483074467424
2,2705179205562485	-0,9246313252843601	0,1138740133308278
2,773110148847211	-0,044818756792396997	0,6151643880488951
-5,922678016684436	1,7983010407829967	0,5661089157312752
4,74811018016451	0,684488273149496	0,6642167264303275
-6,575560499251188	0,5501248507905547	0,4453383191262722
4,912976106401537	1,077163160912638	0,634918546738617
-5,491185587353747	1,6394988311909295	0,32099568423663705
3,936052147467949	-0,6292242871885334	0,06686511333773981
-6,5263237465687745	1,2135258141781904	0,20535030684177602
3,9062313387120966	0,3276869538555509	0,2133804923163427
2,827388163275643	-1,0174038431083412	0,48426848833622416
2,042309378318361	-0,2471405519741381	0,65085784284776
4,344760382943213	0,9881063308572564	0,2858262796281722
4,650885693184307	0,7067761227099666	0,843441709371417
-6,8844968470143515	0,9620118899408877	0,887566631733162
4,1464164820788	0,07872617564557238	0,8698659013286703
4,868390861157827	0,12927871409552316	0,15403165961030052
-4,229973800661818	1,8244901121668933	0,9656594331069811
4,309935107899554	2,623189167966503	0,5463210617147538
4,329626166275823	1,8885445202231201	0,6985499813206285
4,388848623579328	0,4188779352187435	0,9047506851386272
-4,51162075159417	1,57081079182834	0,0697063013606194
1,902196449336163	-0,5504829861458524	0,7463624003214125
5,2148517293201095	0,918053390502029	0,26539448755426753
3,1089976216883075	-0,048271183465297796	0,31371226591859536
5,057105622977834	0,7240556877401745	0,6370790453002938
-5,166443868165105	1,6407780848792213	0,7690669983239962
4,756048793034334	0,169131100143193	0,6811916762863022
4,404704787659865	0,8477704630672344	0,6985902563329551
3,041871893437228	-0,7056484596113362	0,2919776102098217
3,3931483923748473	-0,6040958635915139	0,1694252832689901
4,466520037376654	-0,1353130010832546	0,03395418940100248
3,46098832002732	0,07669016920029015	0,17824834200136985
-6,290016662891566	0,23680267421710693	0,43964793943143654
-2,873464250425748	0,9528370774610525	0,676474993818452
-6,566424653730684	0,21045129028282938	0,8860470693272833
5,054655293192895	1,340929197949388	0,14308331636643645
4,26290907977888	0,05429523604744757	0,5000520222627061
4,665208228235219	2,69362565893764	0,13273724237612983
3,8197001299319844	-0,92041999435465	0,6901351040630199
4,980235938150416	0,0088164099475736	0,330468609695006
-6,105182784912566	1,7391377498712248	0,3431558814818745
4,842225000849485	1,5517543504767306	0,305863512906406
-3,4314188670350205	0,928324516833118	0,9549890021563279
3,039746996382828	-0,9047407381075852	0,1892410219847449
4,5591712591013085	3,1478828641944556	0,8372406998678404
4,402382243685569	1,0241234302405156	0,5203302203274766
-2,563195588453082	1,0632196494554074	0,9112628938731416
5,5177156698675915	1,6399743676768643	0,07139490277600524
-6,090199695857862	0,0754484410387675	0,8276085884794347
-6,43070044934195	1,5932951250081024	0,2533510387362504
2,2918847359118955	-0,09041085769311463	0,6018985357120935
4,253363797431144	0,41517590952773575	0,27344456527692096
4,604687647593337	1,4927160537448025	0,6408418255232062
2,4921130517175336	-1,0340844212181501	0,4276760323661839
4,37375845305124	-0,33514407216831255	0,5864137263931299
4,7289684491503845	0,48113726875847085	0,3060479074169272
2,6624999466463306	-0,09930926963460673	0,5090906969755724
-3,901091739888278	1,7081990187741365	0,9535371622343048
3,5746332936627283	0,06621798164154535	0,0007206155285803817
-3,591204838675962	1,3606070639218881	0,2773795926469039
-3,3354198436534572	1,0438656976468246	0,17362674145831347
4,215552913740768	0,6233673149227289	0,8749978683827653
5,1748085049293575	0,23088604434440296	0,9745699896376558
4,5770002024511935	2,495643843406847	0,29039138170721723
2,3432962349407003	-0,13879963495296033	0,24720942960805214
5,067184986815713	1,4166639057017312	0,933079656733331
4,542948468300947	2,1591094724478763	0,5162983831716372
2,413322589991524	-0,43939147174168536	0,7639237994652424
-3,539681228756441	1,4229878029078324	0,7504737244546944
2,5769619275623885	0,03818761799405057	0,9330831832370363
3,9971161386990506	0,22644675256172664	0,43556717393737865
4,615128934754984	1,6640010226096722	0,12064194488595692
-6,282011912213299	0,7549941559643354	0,4970736936462651
-6,8894998087549535	0,5673613249582417	0,345029740474626
4,835126102474883	1,0210043298333344	0,7961522088257694
4,719651929276241	1,8757748757189279	0,9351246810043585
5,050294256151229	1,0645248462280028	0,7453658386064124
-5,624708083553689	1,3178724097498056	0,34310621858582424
3,49484532824615	-0,07288840931053553	0,565241699736111
-5,823747660683778	1,7856436800144153	0,508407329611845
5,500152757428473	1,2452163625142962	0,9548581582825126
-2,558610806886007	1,099700455262113	0,1848726561380274
-4,49127816626116	2,7088520699001957	0,07598211232656626
2,342115440161308	0,09006770811417719	0,40626322943321913
-6,2931469322076925	0,36856002266335236	0,25965372721702895
5,00006842090541	2,7363641022080527	0,9204045773303917
4,2872736191763625	2,3868470417041827	0,46623345750634415
3,0103700184164834	-0,08150714751909072	0,1316657808305851
5,168518083599189	2,20484824217735	0,7169934980285991
-7,203432475734724	0,7212065068286331	0,28977656101082105
2,8131358948812153	-0,24902339102624804	0,07197836396078083
5,0102344281712545	2,063486808166675	0,14549816092787005
-5,74499218480315	1,2961950777261833	0,8827954693872024
4,193608872539285	0,5902194378076465	0,40831201289124475
2,4885835120707394	0,1920865073914646	0,6031552505104552
4,971948915758446	0,3147888104706147	0,5797750859538795
3,155238014425908	-0,051325371028084765	0,8827401887603852
4,68398423920779	2,7032275013296125	0,2692926003006454
3,106383174946365	0,014850265426092912	0,1929803482087158
4,521665782460582	-0,23963141141941824	0,14509293748767438
3,6308083343751036	-0,10397113908180389	0,2786917771125105
-7,1890875974975845	-0,222275287321682	0,7704613420066856
5,059791621617803	2,8265319026131817	0,24938051844568032
5,063385984521956	2,206811742864264	0,6295895630282793
5,402192182442059	1,0468798079260375	0,12109894713170011
4,668865173257014	1,0915108974122785	0,006581551439415523
4,781599654445314	3,12315550648335	0,43642323097277747
4,721514037239832	2,2819940062976416	0,5401982240138969
4,497635978192106	2,0783345757987455	0,3310284762977789
3,2483234796408014	-0,2774721666301483	0,4052294464314351
-5,270555637849152	2,371236907433623	0,09662779880667716
5,03278307783177	2,409660846396821	0,7531113310713433
4,6286502309983035	0,7643945839045396	0,8786441723566681
5,4998136597449285	0,8898066138929005	0,387807622192912
5,085650932297101	1,3668455732303224	0,4566788067538383
2,9203661647243617	-1,0869007566901558	0,8153514745014466
-3,8190779493588716	1,420650861981692	0,8260113130051386
3,9053996719784916	-0,6040866525412683	0,7703520318897952
4,594227496812794	2,641358954879552	0,8406879020309117
4,308595733384481	1,86788508444785	0,2896696190992456
4,180950557618601	0,45470495060555194	0,8709159527351645
4,730819267539471	-0,46464888142989125	0,23853909130864526
-5,098263217151365	2,0209053633431298	0,8133588705679027
5,418394856531482	0,707176606667494	0,4680323058588407
4,429085093705091	-0,301873693471568	0,9699869546532845
3,9640108695966614	2,386449262293106	0,31564827492181646
3,7882151936906077	0,2486163082040782	0,2103126140217324
5,21779559749832	1,7483120352330768	0,04600361257691743
2,9204053168822837	-0,9347152794485973	0,1350250818606885
5,031161919858456	2,90387883333306	0,527712619867755
2,615325562523188	-0,8008244591012437	0,8357069730422894
4,298660998283605	1,8686798019508435	0,4982746039731759
4,272060767786681	2,685700196223603	0,8724011447524238
5,007311093278841	1,4844994726134972	0,7201830995247119
4,079690542912797	-0,1737561692496543	0,2696799698259308
2,471881219206945	-0,5524830351777927	0,8999455025260142
-5,528220689450079	2,5931450717900684	0,18227487648027252
4,675704655895303	0,2874633911447013	0,3788554643836808
2,9027479060413546	-0,352791558148567	0,8733443077531611
3,3960245585500277	-0,21949445029188053	0,8950859506378241
5,131225441305974	0,6126662377795188	0,55726561747096
3,9066854941117812	-0,29504943658864335	0,6359738175569376
4,845826123457483	1,668896682529223	0,2181957734556247
2,743546928932178	-0,29953580511692657	0,1834769469558306
-5,6915450064036435	2,3257744796746116	0,25419365536254357
4,136255847197321	0,3322016103080716	0,266125464684845
-6,788343445836652	1,6112342341648453	0,10398101175178165
3,9353530040038414	0,2568422393278853	0,03133006092614121
5,095814255171677	0,5030083029852673	0,6570472074350706
3,7201776553407475	-0,5394531263452134	0,43918764605096494
3,85055914292755	-0,8750259060571359	0,8988860867873474
4,658350978321807	2,9977639091032904	0,5229989972134607
-5,984521972028292	1,7990291326876227	0,6637230872425446
-6,382000405698389	1,3748333164651072	0,08102716232389406
4,321162987516473	-0,24841244565656284	0,030382608882224882
-3,4310373925600857	1,5970310386909712	0,5462555308522828
4,416299330052269	1,863092569487749	0,3339842746110667
3,4548737226877764	-0,3823121374200471	0,5253403811753986
3,61020102419811	-0,8964062817742517	0,9061790574646258
3,0944827639036645	-0,03453354736922831	0,4660161780184654
-4,353815990197722	2,073606706619929	0,39789498065178486
4,032004155514291	0,4754017510639411	0,4956580225349232
-2,5978564014598	1,227395954101771	0,21698763919023767
4,519561745532119	0,7628914510070004	0,3958929183561266
-3,2672725646079925	1,348592628694031	0,44362283389108326
4,862021568292883	1,8477639733209168	0,8791876958547726
-6,699183807145433	0,5343401380890908	0,7243098451303555
5,46188700101346	0,9305104226815163	0,9824003625260934
4,721137167506133	2,1530769679451067	0,7811011003031467
2,722869256021905	-0,7867532182747028	0,8986165260338639
3,82069575367411	-0,18673646789932108	0,02615449012083626
2,9646807496447893	-0,7016047226876294	0,09082122690618644
-4,645739616825271	2,251220565139932	0,4435956877854591
5,271344235514809	1,6670868739793319	0,13850002729542743
3,84966377948306	0,29411163918011973	0,7719053473557227
-6,359572774892803	2,017556979034033	0,8444302675901159
3,139142454461982	-0,11390754482546739	0,2610079846123383
4,453685403715294	0,3551212639181074	0,1712195260752214
-5,497533587223207	2,406540006354578	0,9375435868117742
4,33869617227138	2,89630439080373	0,1052108420668807
3,9471735940159682	-0,1884483629839786	0,187459678590165
4,679249177022213	1,7553199199937708	0,5537356122592807
-6,680356661318812	0,839307654064045	0,5161198286282397
4,324875609815829	2,5891913531273847	0,6602717614632048
4,8563550100615185	2,4692008392938245	0,6372467952522771
4,88912013751834	0,38521432741349626	0,5129317617470542
1,9930434611073364	-0,41385912577761164	0,7420628510593859
-3,599482028311302	1,8163240402834635	0,5109999318063596
3,046845126700707	-1,1451865119930416	0,3553528299661879
3,476578539232322	-0,09159608684970388	0,8954326535146118
2,538107048601655	-0,2840861173094491	0,5319477615195533
-3,7737966787479085	1,9513733917992107	0,8245252156205541
1,9579529844201622	-0,294014435278914	0,21658512525159657
4,417071823841974	1,1176283167279757	0,18046123633484112
4,412942336672787	2,7432784410893998	0,586358760710988
3,984675710095945	-0,15001884117118403	0,8485375042198378
-4,421924906273621	1,9891286666999157	0,49376253092227507
5,026447107447018	1,598189108492937	0,6590410892283022
-3,4504079688212625	0,8869393159421816	0,6983875595135783
3,935725960283482	-0,4593214656698832	0,8849453775710537
-5,989553867743554	1,211230714056984	0,3191935454265168
2,6162098764859936	-0,07297261726092841	0,43570671485768775
4,997513994523773	0,023210664375683754	0,3756978220945336
3,913193223313992	-0,03565979119291107	0,5601766886297003
4,578470326139403	0,6635510538469063	0,9674326296750769
4,3355855766456415	1,5567241164873957	0,5916257594849671
2,252512101398254	-0,20585780940814757	0,43609215916778354
5,158532501125546	1,095985322404315	0,23122848791631356
5,006726047295541	0,817818506396745	0,07898663627687852
-3,561459612581702	2,18990468523248	0,7950512455434973
2,71962144108345	-0,8424571621803123	0,03553284359343323
-6,260134544085657	1,8557366970865798	0,3436731776297153
5,0696276143985095	0,26377650615626425	0,20063655650477352
4,515609219527975	0,01122065676548245	0,7356537823270839
5,2475881681715215	0,046115160123821664	0,7128672313830801
5,258864339733515	0,47599307464353935	0,997476135683293
4,174455939532339	-0,44154411223037426	0,203782055224082
-4,08574640016377	1,7514414019827937	0,9626668722600679
5,4777750485436245	1,3321959393368412	0,18027332851315458
3,6100751393036647	-0,10462386288373704	0,9197567593834034
3,546171023074567	-0,12510870176966193	0,7532129877963437
2,147467610131338	-0,04136813459173205	0,7216134254207699
5,070770396107807	1,7968032384253472	0,02062920049558603
-3,3061438969267773	1,0299399350417355	0,6335454867768957
3,3261373725181524	-0,34860848155498503	0,9367477835983983
4,698289760920201	1,375418480524836	0,9192375225052641
4,431580276373185	1,23637211977548	0,07100338308553
4,488507139710217	1,0996543260250546	0,5717196818327126
4,925028403798282	1,0290784474027457	0,20402618685248375
4,788209595831068	1,9298796167413321	0,9441751364995219
3,5133260975210705	-0,4003454360033516	0,5588205149832799
3,78414877012667	-0,09294387113841074	0,8286064388171339
-5,953291074065808	1,8250384608903707	0,5099966179582268
-5,7456791134671885	1,068273910384751	0,26738546341774616
-6,430557557045281	1,6587147378726081	0,7245205387275787
3,835230425246265	-0,2801037477846453	0,43991016497476587
5,540518429963185	1,250734474721741	0,940217467544195
3,5909352833943986	-0,6748039546052054	0,3284442945043359
-6,1894931555305135	0,8547308226532458	0,9767298301075659
3,9068172721456143	2,3716092717536412	0,6540286501855563
5,52118568062345	0,8150116101763297	0,5108180376382687
-3,992847845818075	2,074863466477212	0,03427489966668007
-4,07979852931658	2,2349902211355666	0,2492184989182079
2,9403161642418123	-0,48323252800223804	0,16137775258686737
-3,732282381497269	2,017220275792576	0,13760828303226935
4,582192476189005	0,791395277823984	0,2987239866227067
4,563857890053402	0,5862110553965705	0,8809806852790887
3,5505796397290412	-0,8316520672066332	0,5118448295712406
-6,174573087207948	1,1788716620223731	0,4205460490111037
5,094778367907938	0,3072501242081531	0,23075647467876015
2,7833303062830153	-0,36631762737067186	0,10767798705042608
4,66494415178541	2,7574764933888396	0,875616685840872
4,505753258594212	-0,37912284512040495	0,22661474730682396
4,481426329902455	-0,17069625681881906	0,6482638059269511
2,771085106544635	-0,18136785427190727	0,5097596724268685
-6,247203629564594	-0,2291443504242751	0,8066308793680855
4,192657273442396	2,498417049667461	0,15590888302145112
-2,9639819280907984	1,000585365844079	0,9365346860463275
-6,350383148286056	1,9561833764146341	0,5914671054180269
3,57336175763542	-0,3162322131804671	0,6254436289220355
4,448513412683194	2,5027548085609546	0,4239257247560567
-4,850123617997071	1,5876460916432649	0,38879318972865984
-6,33710870320304	0,795998412412846	0,49085061663981644
2,7440549361538173	-1,1298825710096017	0,9725691730440397
5,166468110822196	1,3577443826238031	0,3784846311649023
-6,726695651068397	0,7134667895402119	0,253369240441931
5,215771952713084	0,731302407413326	0,5828264102325105
4,41233300984228	1,2276807454484686	0,8128504740254603
-2,7019916752015476	0,9271333283792377	0,42192508056288636
5,305836962189779	0,8214753660419829	0,10012114710831077
-5,683059372000699	2,0179734120893142	0,4861333848494658
4,637486323302394	2,060903781672029	0,2985589812223902
3,5363796149776334	-0,19758119811028152	0,8426633274628548
4,097642877797344	-0,5591287159205536	0,10486148301108567
-4,361004334613263	1,4554454630271194	0,6913637539604368
-5,969911984423929	1,9707292018105511	0,6725782784944009
4,162327525354846	0,21774117961036654	0,7237589795932647
3,232749717415317	-0,45859106219812285	0,14092434826726163
2,5011477803995787	-0,8271881232286735	0,8222936800143622
2,7385868181539523	0,0656733220003971	0,13238094564431802
5,420939620364241	1,333226131037052	0,25075512666900246
4,826076887164003	1,0467895194902666	0,17353788308407625
4,200132986132191	-0,07681201389777392	0,6414144960078189
-5,729283166463738	2,5000637945507718	0,36185365292836047
4,415920948001814	2,713895785087298	0,375935053001319
3,6136789101048548	0,12478377503213789	0,8873446507786126
4,486156371646439	0,9704666931311886	0,530777973858295
2,0120135155667493	-0,8978766345356508	0,6454868348809815
4,501015575863052	2,6203689678021673	0,0184406121278744
4,467438500027462	2,815646186032155	0,24728346760798847
2,264372804331642	-0,5051896985720377	0,6601923434731436
2,6394629252446427	-0,4827057011830629	0,5088159444663339
4,863819862511523	1,0951222768989755	0,3519367892702069
4,06421287491207	-0,1971436744667472	0,9868192138659752
5,25427889307664	0,9215831768615023	0,06168128421116026
4,197058473905651	0,6123118208338797	0,46029904951197864
4,792216154912314	-0,4658428272043751	0,04259406123309084
3,500625639083124	-0,10165467754766921	0,25580802285938353
3,154902629448044	-0,24338601880764577	0,45291494588763015
5,467761052433449	1,5215216315482956	0,09385764267253338
3,428810501808109	-0,7732103107914328	0,6282180385878124
4,8992059143219535	2,0694286225085796	0,14341231908057883
3,7160220605178353	-0,340227723822347	0,7843984281603723
-3,3841070497485664	1,677459539873754	0,633815019718017
3,123508920060555	-0,7541569556276113	0,3630983086344216
4,180829083589687	2,2501629854153986	0,6136620782019353
5,057032422198555	1,0068887279598489	0,1006390411621989
1,9506716074084736	-0,251385246231175	0,7951586986142068
5,036009242098952	1,2287581271763557	0,16801964258866764
3,6017146467391936	-0,6286792333137661	0,8608582697663677
4,202956187305486	-0,37687635018771726	0,7658434785688629
4,4093043230957925	1,8753690229284072	0,3402462581585025
4,359827613720078	1,3519335880978143	0,9843580496251579
5,385097502061468	0,548273957671508	0,4111421187813499
-3,9298466981618545	1,750799084240582	0,7875020366347398
5,333081185008006	2,032899367014796	0,269909952777569
3,962776518873762	-0,4599394962337775	0,8077676843936926
4,483641925286395	0,15528835952684772	0,364152166040252
4,0826515638767225	2,282290198048134	0,17573824974605257
3,635823939238465	-0,12197549131307861	0,08886674258938931
2,635705296642179	0,11751007245203282	0,2700744311039991
3,8333426428286046	0,1364400162416215	0,790625616582564
2,5465619124361294	0,10089939955609051	0,3443565795463642
4,192513777006899	2,6099796421236423	0,7161624631281139
4,660602394536419	2,659286139062881	0,444224517064128
4,728524000674254	2,854359983818396	0,5389086895656853
4,926956782407441	-0,3774557501975271	0,23178489019988413
4,492187690617753	0,8383736900399397	0,7971221162108603
-4,502594363552688	1,6922286302667737	0,21152423447284074
5,1393620383992875	1,8045522835298309	0,3259008623414872
3,102516918307704	-0,705763353879417	0,884734081321148
4,758462124806289	0,16138091736422666	0,6526563009555353
-5,383481697826322	2,574645185209981	0,2700846063756581
4,716725094157386	0,9359760931516176	0,37448167279161804
4,936746703525548	0,2596243283029107	0,2639130876489518
4,344457695335417	0,1765066640907771	0,8184815266350126
3,6421092993820703	-0,9562817249994535	0,7267629055177585
3,7603990764058857	-0,4578340377137462	0,6629951689321405
4,222190402825677	-0,5524671311576586	0,7357132279270592
2,2575180833122346	-0,7431970032650654	0,06589671189315827
2,8052914447730117	-0,2615515390507901	0,9544851914541673
4,33449393159649	0,8728012797911233	0,24039308257851144
3,8131179658057497	-0,2319771178676393	0,5658585350627566
3,0834996275636053	-1,1248189636290684	0,49169002431054376
-3,209601489468084	1,1343899264100927	0,901092993205318
4,252658326141619	2,162834669767003	0,5672013057013879
3,7721503132678493	0,22617503835241282	0,10349856602561125
-6,657884674514507	-0,2546813816283633	0,70999192775575
4,590924512369931	2,76468875106944	0,1586215497076976
-3,8894228826910893	2,253611447145606	0,19717551857895843
2,4496490043621346	-0,24528126828246943	0,7223802409257555
4,932634034891411	0,47769057308053386	0,03337789173167338
5,231796418457238	1,0904228897872015	0,17115359427843635
4,43346257625876	1,2139197493521943	0,9236134335265096
3,3406036104574355	0,049350333027000204	0,653405058949734
2,5835638817676037	-1,1183275481204946	0,26637222514119396
-3,877507305573209	2,4609917811871718	0,7837029208552728
4,728287676619015	1,9206614742807924	0,513823810587247
-4,974253762586082	1,8011195808578195	0,21907970657708753
4,591480175814063	2,8652019756534326	0,3655101699303356
-6,399645163015766	-0,18775393607425633	0,03750664728729669
2,2243687637950154	-0,7027373560782872	0,22033713305128144
4,433134071017963	1,4443283515167646	0,7352221699903956
-5,318183451989249	2,1122784020401166	0,14489865739407426
2,944340649687323	-0,34110082904673633	0,2623041158001178
2,3285316392030415	-0,5327678230021393	0,10966473983505465
-6,3807661417574835	0,8813747782194696	0,5906800246717034
4,07897109098865	0,3179796818867673	0,9696351876029734
4,4711479502652125	0,8162064605138906	0,4936002871443331
-6,137473895455618	0,29943219244538377	0,8138938031790942
2,3717278092932372	-0,4522304246398261	0,6593336410138678
4,585808702758211	0,05898415817496927	0,20113816749136182
-6,1918894665720385	1,8801999127257414	0,0029743070498957636
-6,513120426428843	1,1923225145703078	0,8302288440554485
4,152784702583998	2,467287727994451	0,5157934858137356
4,161647627091149	-0,28756728987798086	0,9806554758292958
-3,59810856124916	2,0382573877755155	0,4870222579887473
-5,984660121618155	1,777421653059271	0,6897093495238946
5,094894374775666	0,07316978479533742	0,5343016518662104
2,409779714504883	0,07524746667827564	0,8450832834919065
-5,022880631870004	2,1898233659271114	0,29788811554403805
-3,0808704164761136	1,369977145165758	0,8096897372198851
3,350401029363203	-0,8571020294418839	0,7303267048438055
2,555412992714859	-0,42701104544207324	0,5475913890063892
4,295489502047456	-0,6075588502255076	0,32615980062135064
4,64102267197432	2,422092206375698	0,087036480499458
4,42890238591659	0,5829438584172484	0,41620985123873266
4,585293779692199	0,9696777975588566	0,9406141426803791
-6,432248081147751	1,7561685450815252	0,5283732324395091
5,149204329732401	2,1401712523582104	0,035664380148734076
4,58787750848426	0,33867839164113767	0,5030586729055995
4,641150064628395	1,895778166144186	0,5006372535074866
4,034416815821694	-0,3628435373909249	0,37406801618130814
4,61899417315258	0,08472756359919753	0,48158127205916146
3,7813840867659927	0,22965425236197867	0,0033828269182294424
2,8072529207810204	-0,16946393838581963	0,18262692285538695
4,651921290800419	0,0003650357027840112	0,3905444658892191
4,786563536561582	-0,36763054478768176	0,6221530072912982
4,057557488546073	-0,4654039621285988	0,4592055740043084
4,948995867119052	0,6601937718270664	0,7487345559521242
3,302952930755611	-0,00690564687201034	0,504583059253867
4,708720294761308	2,0660551610499045	0,7331791335118075
2,5327916087022544	-0,276817794933494	0,4620550481412947
4,469125753582588	0,3890276408393226	0,5798342632959563
-4,108554790671005	1,6337162167978858	0,29892578969538697
4,921934284284935	1,2985170853858232	0,151681092090575
4,140006936597518	-0,7123278902241728	0,3181233911076794
-3,4490687063385	2,130684859638894	0,26266550292868407
-5,321288366333787	2,050326245279603	0,32010219073257007
3,929756002613252	-0,6463751467908605	0,21168412328448016
4,2774000501345775	0,7980267767948607	0,1279301981569957
4,769811907747986	0,11287703681334826	0,38454015003197595
5,055667154311092	2,8254966134373034	0,41947551641665715
4,050296875731181	-0,5087013738107355	0,9007260886083066
5,214360914980629	1,4855381522835098	0,8743577637223785
2,0277704330609287	-0,1493891410723116	0,6948645942031343
2,0627199200075568	-0,41667244147312577	0,2013349685402852
2,1969194214778693	-0,5051393941706315	0,5391695050263068
-5,9794215073471255	1,6762849918426357	0,3903685324994991
2,729574422678488	-0,7018922577044799	0,33004929337535416
5,426329657683967	1,3934071131581998	0,4672638343805299
4,422165205844174	-0,502639361635977	0,4597002395335432
4,3889074116667945	0,17200370667344167	0,26132656448341385
-5,72612301247171	1,0647643097990007	0,9627797139520563
3,7638974522822344	-0,5482462039596239	0,2990794622190124
4,864689867802941	2,1780120835429817	0,9858775620300073
1,950415498024582	-0,8025230778182291	0,4395065769857891
3,6543725832816225	-0,0741141541477286	0,0013759446225016791
5,311518949150914	0,3285215592724695	0,22171519519095717
5,162027660133305	0,8594063939077122	0,8246642927776585
4,745778852649719	2,5068328694792172	0,359310161655347
4,362771345123831	0,007511498571012742	0,4040787104813478
-3,5195187129957963	1,029226570626733	0,626850922661801
2,851270658672274	-0,06087013273653197	0,3857284669427097
3,2996102033626515	-0,23370349555365433	0,15107685518358682
4,588397258673847	2,6392133392826915	0,7981384276233865
5,076876133982012	1,8443608779695801	0,06744578617102426
4,7021711485296	2,8555353786824487	0,8814987989650308
3,8099076249111152	0,09377801406510655	0,849386144330373
2,2823333297712662	0,09829988515519328	0,49102297010362683
1,986002723663908	-0,3304310675604418	0,019264583665304924
4,454344885231596	2,174800117303895	0,7074360187708745
4,7669061969034425	0,8548524670563404	0,08453756066758544
4,673676484922895	2,971390188155551	0,1957789468587139
-6,427134098817282	1,4195968612048833	0,4831466671542859
4,61677446127299	2,166204013127068	0,18238881944886554
3,9146554951893986	-0,005557775294869227	0,49783767916218846
-7,189562783681183	-0,21314546004537271	0,19089211751786683
4,465196149853835	2,6914245572579962	0,5852475204648514
3,738687917113822	-0,9956837902870888	0,9904331035042573
3,8253750089503633	0,2794111288464103	0,7392334917690826
2,169246917911946	-0,28023135190684734	0,10061836803367996
2,562256678394057	-0,5682295847630425	0,09431949936634065
3,927044227626763	-0,3597149462276241	0,09416968760649558
4,524443157656275	1,3190974519131435	0,8641577752444513
5,166853435528637	1,5454467539395118	0,10896480936565811
-4,774805228431491	2,455207887503071	0,0982663054164884
4,56498718280858	1,7029975565342093	0,6666511681094193
3,5663246998566143	0,1560269416525364	0,16670703519179475
-6,694963818035296	0,7225525150613852	0,53687782540908
-6,176370401669027	2,1618906607863995	0,13814441365799168
-5,068350741368123	2,5039035695912775	0,6949217103006037
4,56856065250788	0,7583738932845752	0,32430439828839064
-7,217103260433827	0,6806857668107241	0,9289069578787228
4,65100926430865	-0,16633339808177228	0,40435797143575125
2,741675321958616	-0,8127714495303509	0,2797426608068747
-4,2469274725048605	2,0752278593081104	0,0960937223813918
-4,001144445653677	1,3303075366128225	0,2471310146207356
-3,885722573422059	2,268233580183878	0,6851716272909076
-6,37115551425889	-0,044653632803937915	0,6638534352896743
4,378700514595231	0,2545392132586599	0,8351223028883156
5,100109837105878	0,9110304001570715	0,018456303763261683
-6,139512436962178	1,015168095197061	0,33603376969415066
3,8137982904946908	-0,744923174424597	0,033148892276368414
4,0930389277110235	-0,009262442240546509	0,19400593167624836
4,844393623895288	1,9875680871301187	0,15602146770937542
4,826277614853744	0,17953260797941062	0,6181766036578109
2,710123933216262	-0,06811607832617561	0,01872687308917831
3,539986989302972	-0,1314680406576576	0,5708700706755844
3,333101901279553	-0,37546914556261624	0,57341835409564
3,431725255414211	-1,044493072244907	0,9321288281296385
2,3154468906974417	-0,2864785593757393	0,9504492023982478
4,311653512152118	0,28418941704341383	0,7852179848403481
-3,9877284339317867	1,756255984674902	0,5347825278063293
4,0789625225128585	0,05659328196308966	0,15882986848021519
1,8856068437008668	-0,5559354635735207	0,8378484706855472
2,3368095048461504	-1,00794146376046	0,3455529434392598
4,864200248812794	0,1381819972034417	0,6740153212093756
-7,032095394599129	1,0440812155183805	0,9806312438184042
5,224633152800969	1,014709576628091	0,6099989619683086
3,0439015114094774	-0,0679777086671709	0,29433209804199456
4,196757939024112	0,2817951871976774	0,17664425258007643
-5,948281518563212	1,878759359207764	0,16426263557295917
4,1028521486244	-0,0683797304556164	0,9445393519594174
4,169479789066172	-0,6949862502036477	0,09086933558444643
4,890521711778872	-0,3667367257587053	0,6023448549401461
2,537256689606386	-0,5307194434964939	0,8165989028631464
-4,197691101811171	1,3509244678477763	0,2217878252177753
4,049242054924575	-0,28929694723817256	0,7241261558123633
2,4519457504798035	-0,9120342458418031	0,26029851158092165
4,176491325913698	2,3400768749340335	0,831671461116759
-6,50770908326246	1,187248863136406	0,4885311644363186
3,825121096742075	-0,27427180707713195	0,1419064764605772
3,0266532713784375	0,04938013274998898	0,9950754353141124
-6,2431131303789575	1,273802164429836	0,6830214912424866
4,55984549160881	0,7860203559435273	0,7708058550168735
4,328069443785134	0,36157247425595074	0,5134672150729473
-6,087162029222469	0,7417619665975435	0,8421313141261019
5,333147656720942	0,7698464789959076	0,9723865644255242
3,5935815115663714	-0,796644042531498	0,13004045425308985
4,717654912239018	1,3034312776457038	0,7886021455865696
4,647097507566187	0,3656594693144326	0,5338255002517261
3,4661904304998545	-0,3261172172924973	0,4768390160357626
2,0924737759228123	-0,26163867651328276	0,3373708130788208
5,4566124571160435	1,7064183473838508	0,9947749316705401
2,9409885962600852	-0,12118836584636372	0,005500062646028203
2,3267516902853096	0,11786962572664406	0,7342830826814076
-4,4233918341358	1,6852595701767201	0,9400116507033295
3,905064672708451	0,07621857310221358	0,706452753452635
5,271770712109036	1,753954176706543	0,9121434567648793
4,950321308660042	1,8201804158391999	0,8056009675717956
5,464754929387776	0,7295477116626419	0,29215083424299515
4,363615062495651	-0,5701678426035865	0,9128249572741128
4,527445090544532	1,149664143664582	0,874895230225268
-6,971651304879523	-0,35768434909829727	0,6078750683848795
-6,190347341619066	1,221081924824317	0,9403181593249459
4,1455448836965	-0,5559342848887492	0,8392753734027937
-3,063280738915145	1,7721559724900577	0,7136526147575323
4,731897298234589	2,559366985552648	0,644526595777339
4,749891915650833	0,33904161351524	0,2024849839640278
4,616748098350278	1,698807168087695	0,5354838214244823
3,390807499365094	-0,13073843272052255	0,26406038279774424
5,027093223978437	2,4000192996760275	0,4690527847044885
4,6050438598130405	0,4019150924200604	0,44940669260847976
-6,192703381551274	0,2234918548040895	0,35896956289066173
-3,10601082766679	1,6826319047193525	0,33065654955425794
4,664832341605996	0,7010636065221857	0,05077325137391997
1,9463206320826403	-0,7115993498679907	0,5688022459836957
-6,263679546628934	1,7228479520834794	0,19412407686015076
5,229820109481128	0,783749713108892	0,4806307377620783
4,901350901925507	2,1485960840506784	0,0684485694709529
-6,281659372917764	0,11380652291288978	0,3367258956500384
4,677408539082542	2,255539731081629	0,03840696340496286
4,846692866865393	2,2670169080315326	0,6300988174267237
2,9483222357768506	-0,15017006374255115	0,0852049113437634
4,806322280097538	1,9722562585180632	0,5695064344989991
-5,550361890305501	2,36057571007159	0,9785561114956557
3,7234557292353774	0,2076617012210158	0,8630005112472506
4,744633918573076	0,3232102114249562	0,10553969028718946
2,2738090759098064	-0,11500880616774078	0,2906628403283915
2,7272210642243784	-0,5481407307793316	0,31613870686779266
4,4951020005106	1,0619210140490405	0,4409302015301495
2,937386614513463	0,0024283948967842583	0,08085628907807774
2,7068682979241885	-0,48424900741958976	0,14059547805060257
4,883845925338845	1,399138971682724	0,3967049153649864
4,736239601033249	2,5187997672992903	0,41347193044208763
3,8408136264264265	0,19763011133548591	0,8920595660158492
3,3565326682335366	-0,8599671663428659	0,12434577806839953
4,578098922394446	1,8462834958940089	0,6866810173414334
4,743265803769317	3,1257631585586596	0,8534538742055277
3,142607891101205	-0,8556576370600943	0,43753869948277735
-3,224795252602417	1,7712751395206416	0,30618655995210176
4,881640475833262	2,0992406218000763	0,5783111748377799
4,13133555133019	2,3396099738767915	0,7918631147479667
-6,6879489156254515	0,3563030019409713	0,12483747887004515
5,43486050961027	1,8928661563453988	0,9304579594599947
2,3297598033828217	-1,0155054495481672	0,6135861666980349
4,300697744438432	0,7310052067317363	0,5645968532005455
4,761241563959398	1,885461761758759	0,7051804139025442
4,0372640397544615	-0,8010478538479515	0,18502661478892213
4,134628858122946	2,0960113345293334	0,845061103332851
-5,233575087104492	2,6276016530373183	0,5093656583725401
5,247972392579659	0,9708823987225814	0,9780665620493053
4,460728939607668	2,736531127444376	0,34264331773024015
3,984256486825277	-0,5974828665332466	0,2986712802290492
4,296279676326137	0,2505033483969328	0,5318776850229231
2,0963371737676315	-0,8783376155029172	0,6317065083185941
1,9787658163567592	-0,6705623548413209	0,997130844581379
2,9560615425026753	-0,7751262716323226	0,47153542796451053
-4,491032054944266	2,2235309342156797	0,5989494047561984
3,683797363607544	0,17925224846482135	0,4320939072289175
-6,007478869516244	1,2737611494931942	0,1552945978361634
4,813638383598946	1,6799560048562114	0,9010903345351818
4,545154406717667	2,177092101012386	0,9046146696091362
2,246990253148401	0,14410547971758958	0,3357383919397421
2,8569075979550695	-0,7731544669466759	0,9898732736287208
4,8717226597776015	2,5474686292696527	0,9592214874536602
4,937879891881356	0,8505804990313607	0,4431106154302945
5,366431782992876	1,053525289589641	0,13311323392208407
-6,782571672393542	1,0578977040017001	0,23386156671405334
3,9232111728489367	2,406778502401714	0,9272096046231737
