X	Y
-2,403839140600884	-0,7994376099311161
-2,131678767604954	4,3610655403035885
-1,2165667614412117	-0,14951009090650347
-1,5884459510646187	-0,5988586550879749
-2,8031494956931473	-1,4188949516924403
-2,939581570580983	-2,0508774114506583
-2,0717404611167884	-0,8152171289864628
-3,2121575465051797	5,635421709745934
-3,7272902770616563	4,891114456081635
-2,0031563066823512	-0,46108457215779053
-2,692304269587866	4,580830446397185
-0,6283763484259657	-0,9001438020238063
-2,8706750204619356	-1,438161712687883
-2,476193603797482	-1,9000498538933306
-2,7423157137360255	-2,124945799759546
-2,6920183892228775	-1,5195003351908558
-2,3935253424697103	4,20164713063812
-2,222463924363651	4,376961412097117
-2,0207587572034096	-0,5307526275614036
-2,919294259301271	4,893236712088603
-4,314008081202735	5,021090364686827
-1,3595030654369014	-0,3249119985025677
-1,8399074890373655	-0,8203211796593062
-0,5239855399373932	-0,7608164968525182
-2,428488456804736	3,6895419698006213
-1,6832157298968315	-0,21076633345259044
-1,2318591596828203	-0,4115899642145011
-1,2813858696126257	-0,5565293808449452
-2,4740169401958156	4,780908013179965
-1,2887789792443654	-0,6337469020452613
-2,652692934617832	-0,4785071108179384
-2,548568119378011	-0,4357842400111678
-1,1204029536595494	-0,7808704210582686
-2,295999386179626	4,685825065106355
-1,0803535059289244	-0,6002296633642048
-2,9755356932054253	-0,8600350780119261
-1,522146435393515	-0,742336674481683
-2,525149211497845	3,78719138515252
-3,0336434960695877	-1,0450204463089274
-2,983005026614494	-1,3731295311217424
-2,6237835049893183	3,8147104975135413
-1,6257717632499	-0,44188511859783275
-2,1776322488511957	-0,9838919662587753
-2,7865475705921856	-1,4467458461660552
-1,8579672439687904	-0,767661980371372
-3,1965459048973157	5,0950482651628235
-2,667869807026681	4,695133947626338
-2,8803017471492787	-1,076756583321611
-2,6137408833216007	4,002060476078304
-1,9992630058601168	-0,8312923365728888
-1,615959486450515	-0,3735389871822521
-2,489730373135554	-1,334389939011945
-2,987001640016491	4,8193908186632735
-2,4078022932270358	-0,6577108415256211
-2,2934136217400813	-1,1002106729904528
-2,301851672428301	4,127036391500031
-2,1223447095141434	4,599683349886548
-2,280415145010295	-1,1137211278394905
-2,5901852062752897	3,6413367374247643
-2,785298054321239	-1,8563522721599277
-3,595680530503011	5,245435737872166
-3,7556620767495685	4,87805244328544
-0,8394184866636945	-0,42317654468326094
-2,582012880453516	-1,4039541436284857
-1,4118274902976788	-0,8625898326000176
-2,7300968027575974	-1,2155838096850817
-2,095353455443653	-0,6026428172716254
-0,5601283429423449	-0,6386827549269182
-3,9710621260272405	4,8601175821139195
-0,9789573336304352	-0,843447652737421
-2,9145577457911487	-0,8816350368968109
-1,592801506200714	-0,15101670106207798
-2,4578915836902033	-0,4177705737038122
-1,3350641585327958	-0,8307315659277869
-2,1925352916118337	-0,5442993025879048
-1,960947244390865	-0,6853422257450605
-2,4885061137494016	-1,7287116847477864
-2,682210782344994	4,845203452664007
-3,7976296558829374	5,365264900541863
-1,0921381666824077	-0,5974837856416054
-2,314370193046175	-0,7216788569429187
-2,195489487094939	-0,7551484934390954
-4,251712582955551	5,2680340392725995
-2,4029406182404784	4,326095765259233
-2,4164591305162286	3,8165985030032576
-1,8785710147962564	-0,8507595101356555
-1,9787224331361186	-0,8896312720612787
-2,282683203555652	4,55486099144699
-0,8322283415529356	-0,8579802964769496
-2,24128359055179	-1,0777560017249388
-0,873237843810088	-1,0535838056903435
-2,903540615240136	4,751128156917606
-3,7711678372059305	4,988695211931719
-2,691785134205682	-1,2165010047276354
-3,647664361023741	5,377286802732881
-2,136903327900503	4,10098299774467
-2,7480041913174955	4,721086524104096
-2,3077348834851135	-0,709588374344102
-2,0847136196824616	-0,5604539909323027
-2,7332869980094605	-0,9424715570624502
-4,083235263636135	5,336881489114129
-2,8651085517461157	-1,1623631865864275
-3,323487862693966	5,621862280772063
-3,327259601241942	5,404474195442844
-2,479770045289822	3,4214304725529168
-2,479412705464398	-1,0309571231235866
-1,113196567237032	-0,3320775695795486
-2,038001874060081	-0,1980262000689561
-2,156528953914572	-0,7523101952966039
-2,72982432904846	5,390073576623117
-2,5048591634089465	4,50157325929202
-2,5297594930232554	-0,7745250867849864
-1,0314875111217323	-1,0272830618079154
-2,4693043908501573	-1,8849664575573442
-3,3239716418477028	5,543092979314292
-3,840401946088316	5,087576037658206
-0,9481270796023026	-0,29890619887729164
-2,0125176610694817	-0,7878063487804562
-2,7583481751870766	4,9122420608852
-1,9639424879615823	-0,8016685129551353
-3,651131431984471	5,361545809535318
-4,235177118351331	5,0407006817012565
-2,680035996327719	-1,4241324140949898
-2,4017053776101998	3,7099957999587154
-2,6379667957161512	-0,5842636156081169
-2,142789114817798	-0,9368104324616642
-2,4034734998254623	4,41456311200872
-3,396652651857731	5,1691459830901545
-2,605612511257746	4,143871351564556
-2,5390270598009987	-1,6656823432801915
-1,4322426324543966	-0,23319513952591708
-2,6460182229609046	-1,8429026527540038
-0,8828744428477946	-0,7712404261204148
-2,4550180286310983	-0,3326567376446601
-2,431859418691663	-0,9397915327552097
-2,3525726891193015	-1,2439497143612157
-2,0667047165764445	-0,4893862245448857
-2,472105339889672	-0,9284339576785468
-2,802802815189152	-2,077189879308775
0,8415579498221177	-0,2057111399498872
-1,7087847387518702	-0,5172095161524164
-2,364688926903552	-0,9543864897083972
-2,8830051170519795	5,557984242370459
-1,474546513236338	-0,4797614741464731
-1,9433420885017108	4,5362728405817725
-2,760878810021625	4,858107292541455
-2,84691158215747	5,381883712697518
-2,6199990947403102	3,8272591663332425
-2,733282578807786	5,472334130127511
-2,0366245704518935	4,030079940283981
-2,5119487466452957	-1,6355520258758969
-2,726822099055296	-0,5723735364352849
-2,3042026836303826	3,866260491243827
-2,6179621847622316	4,229438231580653
-2,264651041788932	3,6915364865441016
-2,3585437997550214	-1,8750911399914467
-3,5444433716636476	4,970921095571732
-1,95386034546592	4,065011787120798
-4,04113110841224	5,22714185620243
-2,451933267750513	-1,8342310328806037
-9,081357709870963	4,667661144240036
-2,7328996963092576	5,131752323906488
-2,046550329506692	3,7846669501793304
-1,4244820407480931	-0,5491505693143366
-1,4215727025579301	-0,4179537499894086
-2,8776112772837195	-2,2606757833789795
-3,134267221318588	5,436852527402693
-2,5159695144507968	-1,9827454282863863
-2,266024645932544	4,013526121164804
-2,285212324727648	-0,7254185457424757
-0,7899946573984657	-0,7652462351366783
-3,713145235150675	4,996381962678264
-2,6854776128970688	-2,1300302329709204
-3,1680155212316823	5,497208384506992
-3,099475121989705	-1,5458097765696817
-2,496476270603807	-1,376427564236892
-1,6111507985672295	-0,09100445671717883
-2,542804036507674	-1,158447582623428
-1,602775153304517	-0,15292719634751428
-2,5589456744192414	3,856585241779372
-2,13680212292103	-0,18727927008753475
-4,013671255849923	4,760017248141867
-2,8149403119180363	5,158869910117318
-2,6624793216409355	-2,001797318661216
-1,832398289270934	-0,40587002656934446
-1,2133996035162504	-0,8625581634821561
-2,567397976530115	-0,6740222857294259
-3,0091386026087825	-1,48992554769037
-2,238915685809043	-0,3164116887877726
-2,696808685387614	-2,02956699863142
-1,0415794564171117	-0,29236085639277754
-3,900166743332654	5,55590841139828
-2,1080932602462177	-0,4319193079855079
-2,488430038375615	-1,4327848588949257
-1,3254339727147026	-0,7666124199728552
-1,4181663488855463	-0,8302355661712594
-2,4306264461509413	3,874585009304739
-2,4602209931731753	3,6441598826978825
-0,40616072429043215	-0,7751177874082099
-1,5385229068993036	-0,6346653503266436
-2,5625317348507566	-1,5419245601361613
-1,3905084572094544	-0,21004567854402456
-3,920853268449592	4,686636603998039
-2,3269945859985723	-1,1664323411983095
-2,1504923273586156	-0,8052723796610645
-1,092021502660692	-0,24010877617560933
-2,5729169523999422	5,3110124610044425
-1,6660795500236953	-0,7604208360773159
-1,7955662591765473	-0,5467509734827163
-2,5217193444842363	-0,7541653813019871
-0,9738397359951712	-0,4894564475775254
-2,440807536069583	-1,6169252461900214
-3,232944015511257	4,930961869401123
-1,9066307886384626	-0,4371897392284243
-2,763862877847166	-1,4607665067557667
-0,5435278319062651	-0,5775340118371041
-2,335331379348464	-1,132984144769082
-2,6107602851262124	4,216614630985498
-0,6371159815823928	-0,8533891794778012
-1,455263212149686	-0,254349451036604
-3,110405947190972	-1,6800472072725794
-3,925803619099302	4,679679081999737
-3,0760665930260673	-1,2174430478651364
-0,9246554881425391	-0,6782853307036654
-1,9801975620905528	-0,8086626820012315
-1,3275215771071487	-0,3660674104388124
-2,6976293335741763	4,501608801587249
-2,8123902472975812	-2,0174399057304444
-2,4345934900172614	-0,8136968656595562
-1,6839061222036449	-0,501616731195003
-2,002774615542789	3,7779064555335733
-0,9842260417453652	-1,0666942748429733
-1,3127051508971537	-0,15394134521032865
-1,8363424046492882	-0,38228984870866256
-4,274840133538234	4,923046035850386
-1,504847435325135	-0,4765107161024291
-0,5481504662696073	-0,687536606514315
-0,9217468721786071	-0,9601403319879566
-1,0406764293347095	-0,9305545692627906
-1,1153784737885908	-0,5833279181737807
-2,020135002555098	-0,5134574274142545
-2,374742495959503	-1,8398374741527994
-2,6001004331170834	3,8781414754239227
-2,8785416461838618	5,311147500680278
-2,093592755251041	-0,9354966208745036
-2,587641298690871	-2,1003915750478472
-1,8486683303775857	-0,38236724848736525
-3,85325769292298	5,016393313346718
-1,5745741582256945	-0,1670445034895902
-4,169309124786407	5,172968236457388
-3,1413398067419305	5,454750497851981
-2,771056503942355	-1,1970991888481737
-2,3890903554538285	4,442216218883158
-1,5711998159280118	-0,4961675909743035
-3,047910679503048	5,360530102750087
-2,632410488560671	3,9205355412567586
-2,717118627658453	3,7037843340780556
-1,2244079310541058	-0,3966117711472894
-3,1654921210274507	5,282371839073217
-1,7587551194362243	-0,5694216939545165
-2,7461383137305684	3,646710103827103
-2,419482666144857	-0,7010329526203668
-2,4085051890474993	4,855510165317743
-2,8538203074814676	-2,151942231437747
-1,9809871493860411	-0,8441917893263846
-3,5635459001157836	5,506271109068962
-1,5994964641048615	-0,19836045883757825
-4,201045686901854	5,306402256826859
-2,564669242882252	-0,9269631387876724
-2,32096024697666	5,008974109799954
-2,25818327979568	4,752064464089248
-0,8170975765308213	-0,6462258627626809
-2,5237490168666215	-1,638192750364623
-0,6090414553222518	-0,7009439052034347
-1,127853678770483	-0,24214832546486598
-3,140681995909441	5,3117373685804905
-2,263088694279133	-0,3596520579833091
-2,403880339088491	-1,4256647711978636
-1,6723568531218145	-0,7975715649964491
-2,5281098725837756	-1,915796980021866
-1,4298864969009548	-0,48399320405411617
-1,325541858920529	-0,877213337523004
-3,237657644020581	5,29411481238373
-1,3668712522380828	-0,8707629795129883
-2,646501119685735	-2,11865387974293
-2,464390997190267	-1,1813451389461782
-3,2838755149902576	5,200442171006623
-1,5129533447989785	-0,41744994400325197
-1,1511483401176563	-0,9914341517844621
-2,017545564872241	-0,9086574329055712
-3,0747109872011578	-1,2745614478985963
-0,9048431358703938	-0,6386749040782749
-2,5841382185688313	5,2082644366673945
-1,34375625536556	-0,3899690228880437
-2,6211801914939614	-0,4402267569077758
-1,8511550410296753	-0,7561408024498357
-4,346683760910507	5,023602095693511
-2,511690577917074	-0,7936884447051178
-2,960516690261177	-1,0191380555833107
-2,1797484049065194	-0,8872686245804939
-2,058265371375612	-0,3935297200452976
-3,394038472360039	5,549137499598096
-4,007262322598268	5,084675244555994
-1,2538424808825603	-0,9119482129022383
-2,42432128964485	4,897647498109556
-1,077638865900965	-0,6095853181413817
-1,6665100213190582	-0,7945707020145426
-2,6863789301572467	-1,1730704360808746
-2,165293003787289	4,88953917560521
-2,2999168582997664	-1,0708658357130316
-2,3855335186680264	5,022824058223789
-3,5073498537663412	4,957352644314068
-1,4939910763188495	-0,5589158611475864
-1,0663644465932451	-0,624443191561949
-3,2256637030880997	5,254345728195882
-2,3743009745588037	4,400278059720282
-2,9346103717381764	-1,5237581137779652
-3,212098564789885	5,614037988597614
-0,5466338796787484	-0,5937439223887802
-0,9583017914256885	-0,6325570116905985
-2,2738120058805973	4,819549806681557
-3,338938402379843	5,564055084875496
-1,4286366669208825	-0,4642214850024762
-2,3765754253914944	-1,2596747226242537
-2,6637650919573232	3,7682511858398478
-1,0709406160528763	-0,5265315525020577
-2,4961050374643072	3,656339814710048
-2,1673800621959156	-0,7774872221018045
-0,9845389078385688	-1,0799627036283717
-2,3768163216267553	-0,6487590528213698
5,424403408173866	-3,540638603178743
-3,6422071220071977	5,003279588568908
-0,8286148806837925	-0,6732432339562431
-2,244852000769687	4,808155845558414
-0,9943316691843024	-0,8853043711749149
-1,028886527237542	-0,9194068300479569
-3,8043354338626916	5,474813715291171
-2,68631835703601	-1,0328868543522527
-2,2016208987138866	-0,2527794341780907
-2,4941969351193025	-1,2575188282545953
-2,6056432802583993	-1,6524197674522914
-1,7748767042502036	-0,6354698318775042
-2,6165221385873982	-1,8168976401111867
-0,6499067917914525	-0,8158887411154624
-3,867690143388815	4,8941214186155975
-2,332724740528067	4,497809049739322
-1,843281744215389	-0,4436927301670217
-2,6772034434086422	-1,0111106349016095
-1,465660316854268	-0,4765823518868506
-3,447056012820239	5,420476645044201
-3,9868649033590255	4,897562297601807
-1,0194658287852194	-1,025404828049251
-2,7345383893806705	-1,9346128039785326
-2,971935025158963	-0,8498029826812739
-2,4833046959040184	-1,94811211840495
-1,9385372506666634	-0,40528543817142415
-2,997306334228414	5,086766980402415
-3,4307914369294084	4,9671680594882135
-1,9355015883856508	-0,12255612272438743
-2,5586138901852107	-1,7929682044283246
-1,0144136919796818	-0,7036425399969202
-4,210694433124158	4,989116211998629
-2,024660631355934	-0,22070616596622927
-2,4793786668779214	-1,8516670134733377
-3,5099212073741772	5,2006575163369515
-1,176760526787185	-0,7533814821684843
-2,6251455680875195	-2,0146690674623406
-2,2443260811104184	4,129638873546644
-1,3437609376244941	-0,18641347027135424
-2,686940057910709	5,342535564788496
-2,2203737329632585	3,550907787398896
-2,65955963076988	-1,8328017709099904
-2,653013855616328	-1,5132387531952964
-1,599572371206563	-0,562475535469138
-2,991363510153631	-1,6744830742515402
-1,1837731246347964	-0,9793402706075431
-1,5604077389211715	-0,22702460821757242
-2,915873820399737	-1,5995109804662353
-0,9996004698426415	-0,9634980440701477
-1,6290506942456953	-0,3718660823873028
-2,4579818274197667	-0,9249359669433881
-1,2706040306743642	-0,4551994156547541
-3,9358912006435145	5,131509383363713
-3,8926054053688905	5,138666459462778
-3,0007776060691245	-2,220703391792938
-1,9573030751441653	-0,16732780181650453
-2,8282028245721214	-1,7820963697283905
-2,817640081005581	-2,0016108455183357
-3,7394999132579305	4,945739861165689
-2,504104810719573	-1,8502101365543568
-3,313338062230876	5,3634222536227725
-4,272753606050446	5,087055929780745
-0,9688363844379249	-0,25028860075192383
-1,2892535727177332	-0,49230913513312125
-1,374816452678001	-0,34192087725324805
-2,556566305931158	-1,2420203576692779
-3,6394094891336977	4,905065106274506
-2,3765786635379564	4,357015633777218
-2,4440173921935107	5,09661179733159
-3,6268823382472464	5,118399083009245
-3,1230497765955816	5,275524427837033
-3,031502028347165	5,168537134410623
-2,6298026638943752	-1,7911271728764042
-2,098903755454725	-0,4957218736386684
-3,3730344993385803	4,977449483739862
-3,0967030120519716	5,129088087670355
-3,9468218676100753	5,145506687557883
-2,713924434953337	-2,0036838446477043
-3,9528763978169286	5,362378998429075
-3,3214184155581945	5,105758542237707
-2,8062863830919205	5,035750582237462
-2,8016739602159446	5,501987390651895
-1,1689426256823343	-0,8382180674415576
-2,94997559040719	4,908167199222785
-2,405537524114735	3,8460627381968586
-3,1393030368969903	-1,37309231136985
-2,633741089455203	-2,0180226428499997
-0,7382887468705631	-0,9323023390999065
-2,4119827092785435	-1,1248217794431687
-2,4480118249008527	5,017595712598253
-1,8239728964996353	-0,2872009747207014
-3,1885660318631666	5,220956712983158
-2,4155010990194565	-1,6610871775425686
-2,1746864296929203	3,772967417451317
-1,250676665419339	-0,8788289705289287
-2,755895519917483	-1,2361348464773216
-2,771023468415824	-1,946900456686182
-1,7296277540390699	-0,5572649931476399
-2,560862767426376	4,186760742380134
-2,657235818548551	-1,676347748885301
-3,850209115713131	5,530307315229545
-4,100211816540767	5,16137720915558
-2,7338308995542886	-0,9983229691122264
-3,4995918439769804	4,995019962062901
-1,3952432505311596	-0,8252812380121675
-3,0663431336322096	5,272971796648005
-3,0135941447881827	-2,154021156158059
-2,776623876750076	-2,0336678380122657
-1,2855745549093789	-0,7911968167012751
-2,2591598758291136	-0,9434960088493465
-1,623104790228952	-0,5318295810013638
-2,137756769600108	4,155080944463018
-3,2916443929279957	4,942955692565587
-1,0732179687884942	-1,0318824628309344
-0,6933037560114519	-0,8910663246585198
-3,309063160906338	5,114112566725716
-2,952510961159229	-2,057441284073924
-2,45942725154622	4,701196348582982
-3,9964388831045223	4,856977280335498
-2,0912772208477106	-0,5476101956075949
-1,504631316888048	-0,29503722612853434
-2,2222053684608905	-0,9505544303032489
-2,905307579977239	-1,1804731448929284
-1,0626427415393396	-0,7967579787512418
-1,3468317596950408	-0,5482531220711202
-2,35662089977504	4,3945546689792
-4,273599854470478	5,235438436626732
-2,9956769090940973	5,07596289581442
-2,289049073191127	3,601310992532507
-2,4484383623353905	-0,7022468382826856
-1,923004991429281	3,8461916996733616
-2,464817009361492	-1,6146026489830756
-3,8602810444465154	5,567052007289368
-3,245174439077987	4,893531622213461
-2,701619833232157	4,9970115356058535
-0,7396002123133479	-0,534584645756897
-2,217664191791286	-0,8234973660771674
-2,5452756677594692	-1,278625959771556
-3,1784759635899724	5,440045959731651
-2,762903719774036	4,707721797775416
-1,4480402130041574	-0,569322770830679
-3,8306088027976126	5,2445537486101825
-4,151769397522404	5,298900100222117
-1,0275552855884234	-0,6128345394406027
-0,9042695340614488	-0,3241999866357266
-2,1556932753618208	-0,6991854808814746
-1,0114144846685313	-0,5642040318833439
-1,7088891274149567	-0,518716319765768
-2,101847169333855	-0,33237121519103563
-2,7137881176407967	-1,6628327917743193
-2,137276876629471	4,0902960970117075
-2,489258531605472	-1,1951646522081982
-2,4686120125519464	-1,359594825572695
-3,2909007867208855	5,107956292560117
-1,131523967108539	-1,0049351657359573
-2,6125618776284996	-1,513969638660032
-2,4396914999725574	3,511214952882265
-1,478606390911518	-0,653377260901032
-2,9059275055473046	-2,1000419362038567
-1,4892382337495058	-0,8021929756554509
-2,324273934324765	-0,4435632488885899
-2,33576892072167	4,465247464106484
-4,073615073757407	4,838570271714385
-2,002180764847669	4,327033890968506
-0,9427389432514102	-0,566458342863307
-3,65956948004424	5,102686470525799
-2,5381679928075274	5,216513787589572
-0,8178075335528643	-0,8775669205916287
-2,3336812147645523	-0,8590773322241738
-2,768901959545679	-1,5801294042392866
-1,376949187672449	-0,3244795426636522
-0,8410195189352933	-1,029532566171854
-2,191798712229087	-0,8621020448885902
-2,0721200437406297	-0,2447693035873031
-2,492136113560774	-1,3851036782728376
-2,832670669595085	-1,1196225657080388
-2,2474333252196477	-0,3531070798249314
-1,4055897730103037	-0,1345093354754363
-2,82017585245464	-0,8570522657907302
-2,6933266918620538	5,443666287743861
-2,5684473363466	-1,3281965424872682
-2,6203980998032925	-1,4098499537382385
-0,5579502463298252	-0,8329445223866909
-1,3655583955946162	-0,6634450342790942
-2,983937499239136	5,141289929624668
-2,8304475477429554	-1,1555792389490505
-0,93984516350492	-1,0576637104620672
-1,5740069880922858	-0,2907964170222652
-1,7178482607199204	-0,7872093715801223
-2,2613104984878563	3,784235671056527
-1,5625938598445934	-0,7253864699683741
-2,64094869309935	4,045063393787182
-1,4963567699211904	-0,5515940298246518
-1,2286266054785973	-0,6681772028736978
-3,9669711037888917	4,668449420958241
-3,0616440889774292	-1,7056804828203784
-2,415205952634137	-0,9036936887133543
-1,068368869333701	-0,9224613636859877
-2,138627486024129	-0,9671140210749308
-2,5903455526210264	-2,0797043376994884
-2,2915974372973285	3,8891018352753273
-2,6221646224133193	4,900544928812792
-1,8068119929184379	-0,294561376758407
-2,5058792356166864	-1,3891547358310148
-0,9611979331596044	-0,7911170597172797
-2,751416735522394	-1,1347392382155885
-2,4708865089074554	4,091203913475626
-3,0153790261813085	5,105206853069355
-1,1194146432812127	-0,8014796788575431
-2,618141052458136	-0,9379061461239167
-0,8510243577924861	-0,8996757100643126
-2,070349427310586	4,236355849256513
-2,6406765163846497	3,6011982616200804
-3,915112764382493	4,765590457839062
-2,8473371417002324	5,448609248609744
-2,7010960788044454	-1,3474349993539436
-0,9180612586973553	-0,5788851605039974
-1,9701711903819341	4,398006824354006
-2,0667888872650373	-0,7158950310820885
-1,4517286249765013	-0,5396677105216774
-3,1504331341586758	5,021781642918512
-3,0734234299030376	-1,4281261527593778
-2,8937192631421875	5,430212049317927
-3,8758386097556907	4,822022149122016
-3,0178029687714285	-1,325918157369427
-2,4799516694067627	5,137401652583572
-3,910891312471152	5,12248905157079
-3,923932750203276	5,244647954325416
-1,7933831144603571	-0,08186072672267564
-1,7429674354767366	-0,3693141445737247
-2,5056797371766524	-0,414545690372331
-2,5581402444676344	-2,105738560284924
-2,5111677907843175	4,895404572148001
-2,247546954823547	-0,4228459022334252
-2,3927610188209645	-1,0699520218184893
-2,7925937642344474	-2,1014291013092015
-2,672165682152964	-1,7723571061667382
-3,870032966127974	4,739593881691898
-1,0982957923308756	-0,6595609232340469
-3,928855429327897	5,044547127789041
-1,9218522754968586	-0,13053197435945996
-4,034545545018614	4,917575708509583
-2,6538998276242527	5,062129541550803
-2,852685374441236	-1,335448339993515
-3,921069343603996	4,809720433992497
-1,6542993385546667	-0,8026898075484714
-2,9241747268245524	-1,0386040627245414
-3,087815877170088	5,062874014292728
-2,1832559093228694	-0,27441469013568254
-2,1866868739835557	4,979007772792055
-3,977955705036515	5,277919594827187
-2,5512394384190884	-1,2318234684058713
-3,1033758838294725	-1,2818390527668386
-4,191314386999319	5,185135483166945
-2,8821053512786934	-2,271813767368285
-2,51949470687747	-1,9230575693025216
-3,478134871228127	5,477937697859425
-3,0368226889765753	-2,127126454629163
-2,624355536240255	-0,6345220605621826
-2,2333804529985954	-0,312372105580371
-2,938129895891743	-1,227990810664752
-2,533498474097961	4,406571801178481
-2,443538757742519	3,7548679965961673
-3,0892818467078595	-1,341594479635337
-1,218041557745665	-0,8980343066956056
-1,9865593950427822	4,022419728852631
-1,0315829605369828	-0,962659622271256
-0,9541687586101996	-0,9061728310860774
-1,5925146935250614	-0,8027461189634972
-4,179656311390386	5,0004890332726655
-2,749619945037165	-1,155458484151123
-0,874977908013043	-0,40422031455563445
-2,3879742601407052	3,8511774141923287
-3,0939406246913337	-1,2836985376677585
-2,63681545543764	-1,5226652856270686
-2,1381291038930703	4,762941973826501
-1,7478246841119303	-0,3441698371142672
-1,2269224641246284	-0,348215234101255
-0,7099540040081084	-0,9020861589974264
-2,2982632514530508	-0,9408350905263922
-3,68376575215802	4,857990526668385
-2,506286784148077	4,842765536614626
-3,377291797320622	5,615328876529146
-2,4847200341885545	-1,6833671029005213
-3,1203851562789584	-1,802985637857828
-2,2181276804364516	-1,0073072942414352
-2,534578521093109	-0,9876798437834742
-1,9699222431330783	-0,6770134879759486
-3,3644306642265835	5,156668407022411
-2,2673700224672397	-0,34072899028134684
-2,1109565311915808	-0,600945176270608
-3,0290734825660492	4,909936337877407
-2,4535414474326354	-1,9005823985889119
-4,188648422249964	4,971947116369001
-2,5267918852771203	-0,7881954074208586
-2,786000653869923	-0,8158496443605703
-3,7913379385694075	5,101033238242172
-3,863684016022732	5,118614048699504
-1,1567815802336945	-0,9661552391538288
-2,378604452016954	-0,8065040182652923
-2,6412199308721473	4,318115671666528
-2,366207242479277	-1,8327221931646638
-2,645518301578843	-2,111811891180025
-2,5671940737486336	5,259490978848676
-1,7722426158536535	-0,6702152097293634
-0,6612187520547823	-0,6328514037172707
-1,9016366793846196	-0,2652410566386103
-2,7182399505698407	-0,8034029771328363
-2,642674361781209	-0,6995055718506763
-2,941714403787226	-1,9927188031039305
-1,4572958063063985	-0,47438835596571627
-2,6858364685592346	5,162010923342239
-2,594766081960418	-1,191199193618279
-2,8560193761138475	-1,724586438130186
-3,689776267348255	5,140772046192213
-2,974662408394437	-1,2170053618327281
-2,991291194323219	4,831815383291459
-2,6560641720678198	-0,6415335004745741
-3,050421066780265	-1,4643079476698242
-1,9388014869626762	4,227781732450017
-3,0518226922643676	-1,3404446125662073
-2,7101210955323527	5,226921479871186
-2,739811163418571	-2,1335409329225374
-1,2960806172555779	-0,880733657241993
-2,5730688849303136	-0,5883625951692398
-1,9648396087081852	4,481068476817561
-2,7393243571570993	-0,8451971652064483
-2,3191513353062283	3,3989480561592256
-2,786356856578674	5,20152901043568
-2,60480638874935	-1,703923738536933
-2,5322536778240456	3,6413641547759257
-1,168140496622271	-0,7865568634987801
-2,7891894048362325	-1,1550967212841952
-4,051876793434952	5,484883282276475
-1,8140033324055713	-0,3970389872359894
-3,8539937419672077	5,120561094992168
-1,9198474021987677	3,8934603299719344
-2,865219516864064	-1,5582092033065953
-2,4303019812286464	-1,2200144758801512
-2,480178508850391	-1,7461899228551965
-1,5453719519821565	-0,2646990238355289
-1,2979363995777886	-0,6565177223899632
-2,166167469477609	-0,6367164577384323
-2,3727296524403636	3,5375314932426583
-0,7836731236827646	-0,361851323624963
-2,018120014104527	4,011692636949343
-1,6902560753364684	-0,7230820065434922
-2,0611164071349255	-0,6827949473782969
-2,8330832635153262	-0,6749814108539133
-0,9498999202256215	-0,8268063980866079
-2,9757714074401402	-0,9633623554775214
-2,45476683982304	-1,253474251231856
-1,357253379612006	-0,6507008188565215
-1,4303249487680347	-0,6733887621421464
-2,429408105245689	-0,8743157655362875
-4,114050184748184	5,376001625020136
-2,1277278430214106	-0,8965751435595886
-2,1875018709960727	3,7422624125174853
-3,389526654927877	5,075612465534937
-2,745704019953	-1,9641464852539292
-3,244499650585235	5,632597085390605
-2,558813843980235	4,07955929948495
-2,493236170802757	-1,8920941992807412
-2,5565477919421826	-1,846640331793238
-2,6875648047889293	4,756834534078916
-1,1908444361853565	-0,8578240016071372
-2,416806087994824	-1,6704721638844582
-2,8806420693512793	-2,2406163992432706
-1,1897147388196239	-0,24047068846076858
-2,261091413921835	-1,0423439929263254
-3,0000726874809556	5,1867161167479425
-2,49978162167772	4,004578536908722
-2,4488346559105505	-1,4659336607706426
-1,466386345730359	-0,088698772271949
-2,8973184986065212	-1,9750813065514305
-1,6141635135156722	-0,568769394640448
-2,5673065729271953	3,9364436460424588
-2,5500250816459533	-1,0454400338727445
-2,1743307934367673	3,491186340542048
-2,4027837026042578	3,694293924044763
-1,1566076088236112	-0,47045263898076994
-2,492192370792464	-0,623279463961655
-2,8193868784709815	-1,1865254669686371
-2,1717611315562317	-1,0125933826776916
-2,677526674514092	4,552892911748193
-3,5342078491160116	5,19495089788265
-2,7172311085394987	5,399990539129912
-4,146266417747734	4,880491739270693
-2,86568694059427	-1,8706428761256226
-2,6471225444796547	5,35025848856131
-1,2973730081115227	-0,7830825015540002
-2,617608702548538	5,3427112433105375
-1,2515066719759842	-0,22349539332625712
-1,904965549330256	-0,659642880215723
-2,572847975928028	4,384853883440972
-4,0482150430347765	5,250859546627722
-2,390380928523246	-0,9187516779789832
-3,031694524419125	4,915667933483993
-3,358880302394446	5,186723070048295
-2,4190284034676806	3,755489023941666
-1,9586252872833825	-0,5041982282175455
-2,616031135758052	-0,967223272718136
-1,1188976738653702	-0,5063404181735349
-2,9641078435347348	-1,4195541010749098
-2,9708493264796756	5,181972366149067
-1,0596985342701402	-0,5173987410294894
-1,2634357533503182	-0,7301666298597913
-2,479391915653365	4,61237920910961
-0,6722535859008115	-0,4997992148740993
-0,7946003541333059	-0,773642972759149
-0,8866642226816142	-0,34736448035745493
-2,9061709203252004	-1,1277567955852397
-1,6177909009579625	-0,5906640470515505
-2,926539853024665	4,759743683762374
-2,7003663651101997	-1,4326987604274408
-2,025105854047637	-0,509747954395845
-2,7255512915634057	-1,1283484273508804
-3,9109451222167864	5,357134588041034
-2,6303920890978327	3,801084213800749
-2,495041135535401	4,473775268104713
-2,7492761468678206	-1,272906970767486
-1,9282383129534673	3,932645834701138
-2,963963835913166	-1,5079169300732778
-1,1376594956746757	-1,02279026625383
-2,8002594703981996	4,90617726098658
-2,8692237914140404	-1,257098115190085
-1,6940321485221284	-0,7830998177448394
-2,406712437713054	-0,8150950236087924
-0,9574527499927815	-0,9098892016777557
-2,6116248147653565	-0,6936769727385168
-2,4231680837351077	-1,5486925065134047
-2,527469012712211	5,0703267788514585
-2,8861634540729835	4,789189638076537
-2,5257094323454767	-1,0806854445311902
-1,81737292403488	-0,1865606538168012
-1,5694769515177462	-0,3852389031274781
-2,4026627049504015	4,259697203167138
-2,532464446659848	-1,9339822650665486
-0,9267018708207657	-0,5454125805199244
-3,759067528275902	4,994893590901719
-2,6871931792892143	-1,9005110242604881
-1,091599171775608	-1,0322191341309606
-1,1326634760383179	-0,8984016746720405
-0,7844264214686418	-0,9413774044477493
-2,20822414363718	-0,6631827230842424
-2,516329160790098	5,271099909939664
-2,813518532429526	-1,3693242027667525
-1,6721982519552898	-0,4291056149413157
-3,199847852366279	4,9258985720943
-2,3884237148228182	4,7037241317089595
-2,3376974611886956	-0,8331376186961603
-1,4179516829100571	-0,7074070321237867
-2,5519537343100165	3,510364112534834
-1,277059347780597	-0,5578314096131272
-3,089983953431159	5,3201689249295985
-2,6045704046987916	4,921778523691973
-2,68260633619146	-1,4142574863317503
-2,103790194028475	-0,8763729620698525
-0,722561173737133	-0,9721481509959944
-2,26613812031474	-1,1163262118157355
-2,1532929889537504	-0,43052698988915195
-1,644465350769724	-0,6610143828880304
-1,567112530287975	-0,7064272115592557
-2,089984458179455	-0,3735566822916485
-3,947880686791768	4,996257050780337
-2,500902912654578	-1,0940447918032863
-2,0621166639947184	4,162191281955543
-3,0115370110071233	5,053329426518493
-2,340222439689527	-1,9759678290387495
-1,0338513161420044	-1,003512991580339
-2,333453494102912	-1,189447691309893
-2,653714462768506	-0,7577232875493684
-2,3934395003665476	4,89609529627695
-2,334753846413848	-1,0208445790739058
-2,7192023878822056	-1,9345599116972765
-3,007094237668844	-1,4392553112269693
-0,7223440675833682	-0,4298544341072592
-1,056377282344519	-0,22907337621770352
-2,549149627905881	-1,513171077364352
-2,1543550434665235	3,4257902874356514
-2,7781602650148676	-1,6524753599648494
-4,04135096790176	4,74781512929572
-1,328044326109823	-0,8626715170080158
-1,7217912127490498	-0,4498680450152668
-1,6291808307797817	-0,20028406620194805
-3,7453936534830037	4,901590640452439
-3,0394166116271477	4,937775721309958
-1,9188943291135954	-0,10645589731819127
-2,6157559171757043	-1,5940465849226215
-3,0093989694961936	-1,287054432212827
-2,56084259401047	-1,333699404021144
-2,0499086489205642	-0,4757066918284041
-0,8881230084454997	-0,5137560026514565
-2,3235682621479765	3,359905348829424
-2,9877076883965046	-2,0683111597909534
-2,7266504102153406	-2,0012575400531194
-0,4601871493302445	-0,708876699260068
-0,963811752471534	-1,081258794022013
-2,674645218633196	5,035165793548675
-2,474430391625021	-0,4429271074425043
-2,304139787220306	4,639576879494176
-3,0298190883237712	-2,099904287918837
-4,285224284663732	5,09707830716363
-1,3194896576021835	-0,5595748984564581
-1,6109222679026065	-0,8109717802019435
-0,7182317293688074	-0,6395247196846555
-2,4058896267845644	-0,6688611853022005
-1,4178092209166717	-0,8239970403316408
-2,5174820786988588	-1,345678177432474
-2,4461181876477776	3,5267770130223925
-2,3531034861596423	-1,9187928951635576
-2,719606370558492	4,613423989434587
-2,4753600200344565	3,4445861767816184
-2,165091066372606	4,488986564583357
-1,8282556344460141	-0,8053488874604587
-2,7713038066474383	5,230110492107896
-0,956129651472195	-0,9695869216881207
-2,330391575032766	4,781961238335551
-2,174889802022141	4,205854028788277
-2,388732903628343	-0,8356513896877673
-2,378921319496865	4,769071759018017
-2,313510746288458	-1,0789338936413615
-2,782961797839216	-1,2806608446485406
-3,033570792760141	5,211706031712268
-1,3770902218793237	-0,6783972212259003
-2,66984367262486	3,7768903466033716
-2,4935301817881923	-1,8616749079431034
-3,8948720347039076	5,228876635580781
-2,3719882143611013	-1,8961568106857234
-2,3249882816559024	4,678301872915084
-3,7083702952544506	4,833825464267955
-1,279723240750119	-0,2654675977126586
-1,413436483035177	-0,3712722509060222
-1,8629529623580159	-0,2691559429149939
-3,031305877750125	-2,151888814930989
-2,6453598639110423	3,5585917322776686
-2,896918743264729	-1,8908992192777527
-2,6853894231373787	-1,5288431723249978
-2,4504605545154874	5,27086190645797
-1,047636407641356	-1,0000751971548931
-2,772447662926532	-2,2145040348716916
-2,675301776195912	-1,4141684792703357
-2,6792444784595872	-1,844528432291202
-2,789731295343182	-2,195637721653288
-4,178183224809448	5,164248632757022
-1,3359227399985385	-0,848637839201544
-2,369407251440236	-0,606065885380385
-1,0604524278508898	-0,6532255742387857
-1,3986783170453445	-0,2343161635272768
-3,0848822135574627	-1,9018417078728092
-3,1493372023116732	-1,4306900113018735
-1,9658900504438575	4,110207781090742
-2,3984156448805334	4,389663329748998
-3,0770055443314615	5,281257567348119
-2,063595227087788	3,6225361855615157
-2,8865581364328707	-1,0709463989134766
-2,9595060933044355	-1,0750763029578096
-3,3389579103361244	5,290776563233106
-1,6512168197487682	-0,3371576261160991
-3,6581340884145015	5,498206782590621
-3,121746907785037	4,869670066930412
-3,880515201358725	4,89336649229607
-2,1479169529006574	-0,5301687677850551
-2,197816141016093	3,8664406866618366
-3,9981072181242183	5,133382016041619
-2,2779761484596177	-0,6998637573512623
-2,6170648047917227	-1,1281662612722294
-2,6055014407329797	-2,0855604914034385
-1,1510095107087484	-0,8433440974439972
-1,9430926125632715	3,986031933073319
-1,4677735161431402	-0,7953347408491727
-2,7272633059295446	-0,8529693763521515
-1,993591887643072	4,474705639080478
-0,9463536018485987	-1,067773731799124
-2,460989021387006	-0,9324040365382716
-1,1624342991782972	-0,8042097219045306
-0,8168419888676033	-0,8577562998439872
-2,260651950210149	3,767811790643117
-2,511089014427381	5,070167068687263
-2,169631801282164	3,689080456650222
-2,628860925254371	-0,8128717239356101
-2,8965235486399408	-1,5051339207288472
-2,4189415335799627	-1,4532427932339826
-2,848146673605547	-2,172357436220988
-1,4222446816499388	-0,23273197064973483
-2,9058922248072476	-1,0904646427334526
-1,6839298751723124	-0,2815559671673613
-2,2770420038441204	-0,8781465940846517
-2,2892908357723303	-0,3215400411962608
-2,1577728870317436	-0,31556138473441186
-1,1953126413310438	-0,4608439711107326
-1,0570057393861771	-0,8959710602442271
-1,5344637269902313	-0,40726133648834106
-1,8064981407770488	-0,5189462621339127
-4,209963084169002	-0,15649150669592338
-0,9417730900757679	-0,9452180025322768
-2,528439850714001	-1,8348481763126352
-2,99342088010701	4,981311891780666
-2,5526203079495597	-1,2578535161507576
-0,753731332197191	-0,5857705605016443
-4,395854317585262	5,082027532949598
-2,045701662632465	3,738801819091759
3,393240266053329	-1,5258552659343732
-3,088810804846775	-1,4703758811336192
-1,1663348074533593	-0,4683674545880898
-2,614222875619041	-1,307313019608897
-0,5927763250139753	-0,7169195990698656
-3,0703490281726076	4,915829534242747
-2,3462667881978163	-0,5648200036423794
-2,080461842022069	-0,37640380457377765
-2,251460922242038	3,576426838921413
-2,5025539036671702	5,0449795601081
-2,715545281817842	-0,7028466834252316
-3,031491332250204	-1,4770871679325261
-2,4133709168244355	-1,741708973839957
-2,0006036492501535	-0,498360595366631
-1,7037592963301975	-0,14006962645252585
-2,582183717674237	-1,2569065560987263
-1,4181079449883138	-0,6111842437253454
